Model	Replicate	log-likelihood	AIC	chi-squared	theta	optimized_params(nu1a, nu2a, nu1b, nu2b, m12, m21, T1, T2, T3)
sec_contact_asym_mig_size_three_epoch	Round_1_Replicate_1	-198748.17	397514.34	1679650.58	7302.49	6.7915,0.1569,0.608,5.8951,0.4494,0.2054,7.2585,0.675,0.2462
sec_contact_asym_mig_size_three_epoch	Round_1_Replicate_2	-218340.62	436699.24	1741786.58	33148.35	1.3044,0.929,0.3949,0.5114,0.4134,2.9234,0.2689,7.8918,0.3416
sec_contact_asym_mig_size_three_epoch	Round_1_Replicate_3	-673249.52	1346517.04	955932140.91	6440.95	3.3165,2.0719,2.9135,0.9436,0.5017,0.1971,0.3295,3.8946,5.2401
sec_contact_asym_mig_size_three_epoch	Round_1_Replicate_4	-1088612.87	2177243.74	318912147566.37	50957.23	0.1815,0.1318,0.1668,0.1785,0.1741,4.4919,0.4299,2.7894,1.1126
sec_contact_asym_mig_size_three_epoch	Round_1_Replicate_5	-614768.05	1229554.1	329531197.37	7215.59	0.4894,0.8667,1.7409,1.8552,2.0357,7.6754,1.9412,0.2689,5.996
sec_contact_asym_mig_size_three_epoch	Round_1_Replicate_6	-135172.66	270363.32	599506.7	7757.67	6.5797,3.0155,5.0699,2.4448,0.7637,0.1463,0.5449,0.4858,0.4044
sec_contact_asym_mig_size_three_epoch	Round_1_Replicate_7	-432922.61	865863.22	45023716.38	7577.99	0.6325,7.5068,8.0164,0.5021,0.1766,0.126,2.2624,0.196,0.94
sec_contact_asym_mig_size_three_epoch	Round_1_Replicate_8	-350140.82	700299.64	12953668.39	6514.16	0.1582,0.7383,4.8513,1.147,4.3387,0.5753,1.7148,1.2138,2.91
sec_contact_asym_mig_size_three_epoch	Round_1_Replicate_9	-360426.64	720871.28	15238750.23	13705.25	5.8659,2.1392,1.9755,0.1931,0.3042,7.5066,0.2828,2.6867,0.7341
sec_contact_asym_mig_size_three_epoch	Round_1_Replicate_10	-592806.93	1185631.86	184341324.72	21902.76	3.4562,4.3437,0.392,0.3003,0.1367,0.333,1.9843,3.734,0.8253
sec_contact_asym_mig_size_three_epoch	Round_2_Replicate_1	-108561.31	217140.62	393583.01	10950.34	8.9716,1.2975,1.8372,2.9615,0.7042,0.2435,0.4913,0.5145,0.1596
sec_contact_asym_mig_size_three_epoch	Round_2_Replicate_2	-130444.28	260906.56	642709.86	3827.05	2.7535,3.4078,11.8855,4.9729,1.1265,0.0489,1.8486,1.8021,0.887
sec_contact_asym_mig_size_three_epoch	Round_2_Replicate_3	-154230.03	308478.06	4153124.93	3856.49	3.9926,1.6825,14.8946,6.2548,0.87,0.3485,1.3417,1.7968,0.2671
sec_contact_asym_mig_size_three_epoch	Round_2_Replicate_4	-166311.78	332641.56	1387216.62	4864.75	2.3647,4.2157,12.2181,5.4535,0.2198,0.2068,0.1539,1.6044,0.1074
sec_contact_asym_mig_size_three_epoch	Round_2_Replicate_5	-141693.07	283404.14	556924.33	9680.72	2.1119,1.1097,12.731,3.1596,0.4337,0.1375,0.3874,0.1613,0.1728
sec_contact_asym_mig_size_three_epoch	Round_2_Replicate_6	-167530.9	335079.8	908027.4	7018.13	4.7981,11.4366,7.407,1.8913,1.484,0.0748,0.2394,0.4376,0.8638
sec_contact_asym_mig_size_three_epoch	Round_2_Replicate_7	-130821.68	261661.36	617183.47	6523.3	23.7515,6.0622,1.9763,4.4359,0.283,0.2611,1.7755,0.4882,0.1188
sec_contact_asym_mig_size_three_epoch	Round_2_Replicate_8	-129120.8	258259.6	788559.32	9442.85	4.4913,10.6908,7.717,2.0632,1.1427,0.1327,0.3587,0.1764,0.1647
sec_contact_asym_mig_size_three_epoch	Round_2_Replicate_9	-148795.75	297609.5	784282.71	5383.16	1.7999,8.7731,12.8244,1.7603,0.3329,0.486,0.2993,1.6268,0.189
sec_contact_asym_mig_size_three_epoch	Round_2_Replicate_10	-127779.55	255577.1	581444.38	12908.12	17.1773,2.1635,1.9645,0.7045,2.9684,0.3124,0.6212,0.1352,0.3512
sec_contact_asym_mig_size_three_epoch	Round_2_Replicate_11	-160411.93	320841.86	906562.58	8920.76	3.8482,2.8541,1.4925,2.7955,0.5001,0.1229,1.6897,0.2379,0.2996
sec_contact_asym_mig_size_three_epoch	Round_2_Replicate_12	-144159.57	288337.14	632236.3	9213.34	1.9892,1.6618,1.41,4.3155,0.4262,0.0728,0.5126,1.2111,0.2393
sec_contact_asym_mig_size_three_epoch	Round_2_Replicate_13	-133827.52	267673.04	1303522.31	6372.89	6.4734,5.1568,7.8936,3.7736,1.8769,0.0983,0.5823,0.7714,0.3269
sec_contact_asym_mig_size_three_epoch	Round_2_Replicate_14	-160999.36	322016.72	786671.14	8389.73	2.4233,2.515,3.3359,4.5353,0.3891,0.3448,0.5911,0.1363,0.6159
sec_contact_asym_mig_size_three_epoch	Round_2_Replicate_15	-161537.01	323092.02	905303.69	6734.39	9.7548,2.3838,6.5121,1.5524,2.2422,0.1453,0.851,0.7763,0.966
sec_contact_asym_mig_size_three_epoch	Round_2_Replicate_16	-122987.45	245992.9	493751.51	9145.15	2.5899,7.0554,4.132,1.884,1.9406,0.1662,0.4244,0.3424,0.4393
sec_contact_asym_mig_size_three_epoch	Round_2_Replicate_17	-261814.22	523646.44	3884638.92	5560.24	2.2792,2.7096,10.2172,0.8221,2.7243,0.4405,1.5022,0.6582,1.4692
sec_contact_asym_mig_size_three_epoch	Round_2_Replicate_18	-152422.53	304863.06	776026.85	4563.53	3.4182,4.6385,7.0597,7.1915,2.216,0.4661,1.4464,0.3278,1.2588
sec_contact_asym_mig_size_three_epoch	Round_2_Replicate_19	-160861.68	321741.36	895715.02	5893.4	19.8237,3.1846,4.5651,2.8349,1.9351,0.2001,1.3669,0.7986,1.4848
sec_contact_asym_mig_size_three_epoch	Round_2_Replicate_20	-123034.84	246087.68	405357.76	10687.5	4.7751,12.5115,1.4624,5.5447,0.7771,0.2935,0.3379,0.3467,0.2382
sec_contact_asym_mig_size_three_epoch	Round_3_Replicate_1	-85419.12	170856.24	289940.51	17716.81	4.5275,0.4692,0.8807,0.941,0.5883,0.8146,0.4929,0.4605,0.0344
sec_contact_asym_mig_size_three_epoch	Round_3_Replicate_2	-178654.83	357327.66	796573.44	11697.94	5.4741,1.336,0.6896,5.4108,1.2822,0.0653,0.214,0.7011,0.3771
sec_contact_asym_mig_size_three_epoch	Round_3_Replicate_3	-137629.75	275277.5	580069.84	8138.89	9.778,3.9514,3.6589,5.4662,0.2345,0.0854,0.2866,0.5976,0.2624
sec_contact_asym_mig_size_three_epoch	Round_3_Replicate_4	-143316.68	286651.36	560202.7	9092.69	11.3361,3.1014,0.9555,9.0334,0.6034,0.8773,1.0899,0.2574,0.2674
sec_contact_asym_mig_size_three_epoch	Round_3_Replicate_5	-188192.97	376403.94	1390436.25	10389.65	5.114,4.5102,1.8152,1.0253,0.2915,0.0699,1.3341,0.3228,0.4777
sec_contact_asym_mig_size_three_epoch	Round_3_Replicate_6	-122649.95	245317.9	577682.82	8692.47	6.7985,1.1965,4.5229,1.3491,0.3476,0.325,0.5608,0.8359,0.1021
sec_contact_asym_mig_size_three_epoch	Round_3_Replicate_7	-89938.81	179895.62	341973.45	6000.62	28.0679,4.1548,3.7541,2.5769,0.3581,0.7895,1.7278,1.4611,0.2614
sec_contact_asym_mig_size_three_epoch	Round_3_Replicate_8	-193601.44	387220.88	1341600.81	12948.86	3.5472,4.6884,0.9517,0.966,0.2239,0.4073,1.3349,0.1894,0.4281
sec_contact_asym_mig_size_three_epoch	Round_3_Replicate_9	-116452.68	232923.36	460705.57	8916.98	25.2012,4.2096,3.7668,1.5701,1.4426,0.8959,0.3435,0.8097,0.4596
sec_contact_asym_mig_size_three_epoch	Round_3_Replicate_10	-166553.82	333125.64	765342.7	12093.44	12.0932,0.392,0.7415,3.9558,0.2733,0.3358,0.3415,1.1852,0.1309
sec_contact_asym_mig_size_three_epoch	Round_3_Replicate_11	-100359.73	200737.46	367644.96	9408.67	2.771,5.1403,3.5364,1.0784,1.342,0.385,0.7789,0.9741,0.2652
sec_contact_asym_mig_size_three_epoch	Round_3_Replicate_12	-113467.16	226952.32	401779.07	11149.64	25.3418,1.5434,1.1015,2.1216,0.6144,0.6753,1.1254,0.5762,0.2662
sec_contact_asym_mig_size_three_epoch	Round_3_Replicate_13	-112784.61	225587.22	499962.35	7363.17	11.3712,1.2295,3.769,2.992,0.2909,0.2651,0.1963,1.7491,0.0644
sec_contact_asym_mig_size_three_epoch	Round_3_Replicate_14	-110575.74	221169.48	381344.61	12817.33	23.7176,0.5827,1.4537,5.4495,0.1886,0.9011,0.2623,0.3435,0.1149
sec_contact_asym_mig_size_three_epoch	Round_3_Replicate_15	-100191.44	200400.88	354271.45	12720.55	5.9758,0.9904,2.3933,1.8848,0.965,0.675,0.4081,0.1489,0.092
sec_contact_asym_mig_size_three_epoch	Round_3_Replicate_16	-143946.61	287911.22	647886.84	11755.2	8.5826,0.4134,1.7493,3.7538,0.326,0.0666,0.2316,0.5157,0.2162
sec_contact_asym_mig_size_three_epoch	Round_3_Replicate_17	-137312.85	274643.7	745012.03	7611.22	3.7161,2.9331,5.4431,4.6597,1.7652,0.39,0.2428,0.4096,0.5145
sec_contact_asym_mig_size_three_epoch	Round_3_Replicate_18	-153316.01	306650.02	590298.36	11693.2	23.6489,0.3666,1.0934,10.0618,0.2762,0.4681,0.1087,0.4357,0.3208
sec_contact_asym_mig_size_three_epoch	Round_3_Replicate_19	-90134.16	180286.32	291018.25	15858.79	7.7413,0.4221,2.2386,0.9378,0.6966,0.9196,0.1792,0.1846,0.0761
sec_contact_asym_mig_size_three_epoch	Round_3_Replicate_20	-175291.89	350601.78	1185823.95	6098.93	28.0679,1.3819,4.874,7.5154,0.2822,0.1284,1.3142,0.3045,0.0481
sec_contact_asym_mig_size_three_epoch	Round_3_Replicate_21	-145315.15	290648.3	831561.09	8890.34	7.0048,0.4119,2.1211,2.479,0.2642,0.0663,0.4306,1.8939,0.1774
sec_contact_asym_mig_size_three_epoch	Round_3_Replicate_22	-136571.57	273161.14	648748.35	11657.08	10.2708,0.5418,3.595,1.214,0.8202,0.1161,0.4197,0.2003,0.1405
sec_contact_asym_mig_size_three_epoch	Round_3_Replicate_23	-146393.79	292805.58	739574.7	9620.68	2.6867,0.9767,2.9147,1.7316,1.004,0.2197,0.5087,0.6272,0.597
sec_contact_asym_mig_size_three_epoch	Round_3_Replicate_24	-120352.24	240722.48	474969.49	9087.31	29.2979,1.5985,1.5826,2.334,0.2519,0.2021,0.7923,2.1068,0.1707
sec_contact_asym_mig_size_three_epoch	Round_3_Replicate_25	-145439.17	290896.34	1456381.82	10738.15	5.0223,0.3391,0.9244,8.2593,0.54,0.8872,1.951,0.3256,0.0428
sec_contact_asym_mig_size_three_epoch	Round_3_Replicate_26	-137793.25	275604.5	440536.5	13930.15	10.9761,0.964,0.7606,9.9964,0.8412,0.1349,0.1291,0.2915,0.2198
sec_contact_asym_mig_size_three_epoch	Round_3_Replicate_27	-115933.23	231884.46	417243.34	11688.2	8.5986,1.7566,3.7174,1.5449,0.9461,0.5325,0.1198,0.2295,0.3298
sec_contact_asym_mig_size_three_epoch	Round_3_Replicate_28	-86628.48	173274.96	285637.45	10771.94	25.6627,4.7363,2.7785,1.2132,1.6613,0.0782,0.5305,1.6279,0.1375
sec_contact_asym_mig_size_three_epoch	Round_3_Replicate_29	-166423.15	332864.3	1708989.66	9713.02	16.1935,0.3369,2.1987,8.5669,2.1283,0.1846,1.2698,0.249,0.0505
sec_contact_asym_mig_size_three_epoch	Round_3_Replicate_30	-123080.72	246179.44	511322.16	9547.93	12.2314,3.2195,3.5128,3.4319,1.0602,0.4101,0.2806,0.2592,0.3724
sec_contact_asym_mig_size_three_epoch	Round_4_Replicate_1	-86513.96	173045.92	295642.26	16308.42	2.8051,0.5002,1.4348,1.2005,0.9299,0.5662,0.3108,0.2965,0.0477
sec_contact_asym_mig_size_three_epoch	Round_4_Replicate_2	-89599.48	179216.96	335370.32	20365.52	5.723,0.5349,0.8172,0.5667,0.6616,0.5316,0.3744,0.3965,0.0142
sec_contact_asym_mig_size_three_epoch	Round_4_Replicate_3	-93740.02	187498.04	257570.54	19342.49	3.0446,0.4237,0.6082,1.1708,0.4908,1.1519,0.2977,0.8193,0.0204
sec_contact_asym_mig_size_three_epoch	Round_4_Replicate_4	-73724.57	147467.14	218902.14	17071.08	3.676,0.4579,0.7708,1.4753,0.9111,1.6056,0.558,0.418,0.0195
sec_contact_asym_mig_size_three_epoch	Round_4_Replicate_5	-71066.82	142151.64	231932.11	17235.07	2.654,0.2283,1.2545,0.5374,0.6562,1.0338,0.5728,0.6348,0.0128
sec_contact_asym_mig_size_three_epoch	Round_4_Replicate_6	-73865.13	147748.26	234282.33	17708.46	5.3595,0.4323,1.2583,0.8107,0.7562,1.089,0.2396,0.3727,0.0233
sec_contact_asym_mig_size_three_epoch	Round_4_Replicate_7	-71203.99	142425.98	223839.26	17888.3	4.6732,0.7236,0.9782,0.6634,0.621,1.1977,0.4751,0.4124,0.0118
sec_contact_asym_mig_size_three_epoch	Round_4_Replicate_8	-66171.89	132361.78	184814.53	19189.38	3.804,0.3309,0.7865,0.4951,0.5343,1.5523,0.7946,0.5091,0.015
sec_contact_asym_mig_size_three_epoch	Round_4_Replicate_9	-67959.14	135936.28	214049.12	13771.95	5.9172,0.8457,1.4982,0.9539,0.7227,1.0355,0.5799,0.7833,0.0234
sec_contact_asym_mig_size_three_epoch	Round_4_Replicate_10	-81946.73	163911.46	272528.87	16805.19	2.4739,0.3642,1.0454,0.6083,0.5582,0.741,0.8819,0.7628,0.0414
sec_contact_asym_mig_size_three_epoch	Round_4_Replicate_11	-82442.53	164903.06	269246.7	20154.37	6.4883,0.3617,0.8862,0.9219,0.7403,0.518,0.2129,0.2472,0.0185
sec_contact_asym_mig_size_three_epoch	Round_4_Replicate_12	-92638.24	185294.48	265614.6	16388.38	2.8028,0.4691,0.7452,1.706,0.4101,1.4607,0.4483,0.8731,0.0194
sec_contact_asym_mig_size_three_epoch	Round_4_Replicate_13	-78671.16	157360.32	279912.7	13370.24	2.8277,0.274,1.757,1.3264,0.8497,0.712,0.5501,0.7075,0.0119
sec_contact_asym_mig_size_three_epoch	Round_4_Replicate_14	-89056.14	178130.28	326671.03	18920.13	7.1498,0.3119,0.9508,0.5912,0.6624,0.7003,0.4557,0.5605,0.0432
sec_contact_asym_mig_size_three_epoch	Round_4_Replicate_15	-87788.13	175594.26	273822.85	15929.31	7.8611,0.4958,1.0367,1.599,0.5182,0.7937,0.2537,0.5726,0.0344
sec_contact_asym_mig_size_three_epoch	Round_4_Replicate_16	-82123.85	164265.7	252005.06	18511.15	2.6739,0.7591,0.6224,0.9438,0.5748,1.4069,0.6906,0.3029,0.0156
sec_contact_asym_mig_size_three_epoch	Round_4_Replicate_17	-87761.75	175541.5	235858.79	20214.91	2.6651,0.5465,0.5816,0.9931,0.7481,1.0834,0.3367,0.7249,0.0441
sec_contact_asym_mig_size_three_epoch	Round_4_Replicate_18	-86727.02	173472.04	316870.69	17702.26	3.5047,0.3251,1.0616,1.0493,0.6461,0.7536,0.3472,0.3862,0.0218
sec_contact_asym_mig_size_three_epoch	Round_4_Replicate_19	-90625.63	181269.26	295314.56	15477.07	5.8002,0.6823,0.7502,1.4888,0.5417,0.8173,0.8179,0.5181,0.025
sec_contact_asym_mig_size_three_epoch	Round_4_Replicate_20	-93614.67	187247.34	371686.11	15110.7	5.823,0.6988,1.4709,0.7063,0.4116,0.5205,0.4725,0.6886,0.02
sec_contact_asym_mig_size_three_epoch	Round_4_Replicate_21	-73377.38	146772.76	196605.87	21224.45	4.7393,0.5097,0.6498,0.4978,0.5531,1.4409,0.6734,0.7253,0.0245
sec_contact_asym_mig_size_three_epoch	Round_4_Replicate_22	-84472.08	168962.16	307549.3	13732.43	3.4627,0.4436,1.2598,1.7143,0.7578,0.8862,0.7793,0.4695,0.04
sec_contact_asym_mig_size_three_epoch	Round_4_Replicate_23	-73644.28	147306.56	200727.46	19208.74	8.5732,0.6014,0.6882,0.8994,0.5621,1.6705,0.4363,0.4209,0.0214
sec_contact_asym_mig_size_three_epoch	Round_4_Replicate_24	-79100.84	158219.68	209108.43	17827.61	6.6521,0.2845,0.6864,0.857,0.4275,1.2486,0.8765,0.6901,0.0202
sec_contact_asym_mig_size_three_epoch	Round_4_Replicate_25	-93903.03	187824.06	357622.13	18758.21	7.567,0.2388,0.6701,0.6364,0.3022,1.1093,0.8054,0.3531,0.0241
sec_contact_asym_mig_size_three_epoch	Round_4_Replicate_26	-84363.33	168744.66	322198.56	13744.08	2.9591,0.6724,1.463,0.8474,0.6325,0.5443,0.9724,0.6119,0.0315
sec_contact_asym_mig_size_three_epoch	Round_4_Replicate_27	-79130.87	158279.74	241213.88	20951.8	7.7577,0.5996,0.6992,0.4999,0.4277,1.2056,0.4911,0.5002,0.0164
sec_contact_asym_mig_size_three_epoch	Round_4_Replicate_28	-68313.24	136644.48	188211.28	20848.9	4.6815,0.7067,0.6633,0.9835,0.9981,1.4021,0.2287,0.2373,0.0175
sec_contact_asym_mig_size_three_epoch	Round_4_Replicate_29	-110455.0	220928.0	329419.01	16686.86	3.1822,0.6533,0.621,1.9427,0.3129,1.0355,0.491,0.6573,0.0174
sec_contact_asym_mig_size_three_epoch	Round_4_Replicate_30	-101431.03	202880.06	440929.46	15835.99	5.55,0.5221,0.9747,0.9602,0.4223,0.7526,0.7242,0.3362,0.045
sec_contact_asym_mig_size_three_epoch	Round_4_Replicate_31	-76737.19	153492.38	261968.49	16186.19	3.0683,0.8731,1.1003,0.8505,0.8445,0.5402,0.5983,0.547,0.0158
sec_contact_asym_mig_size_three_epoch	Round_4_Replicate_32	-68518.58	137055.16	190159.77	18415.02	7.2315,0.5054,0.7471,1.1205,1.0267,1.3615,0.2954,0.6926,0.0121
sec_contact_asym_mig_size_three_epoch	Round_4_Replicate_33	-89393.99	178805.98	286551.51	15919.71	3.3734,0.793,1.1835,1.6822,0.4069,0.6899,0.3026,0.3259,0.0255
sec_contact_asym_mig_size_three_epoch	Round_4_Replicate_34	-74670.9	149359.8	228540.56	16216.03	3.9814,0.4447,0.8405,1.247,1.0678,0.6242,0.7759,0.6749,0.0324
sec_contact_asym_mig_size_three_epoch	Round_4_Replicate_35	-100121.58	200261.16	431912.01	15271.37	4.9907,0.3505,1.1483,1.3989,0.6566,0.5195,0.5635,0.4743,0.049
sec_contact_asym_mig_size_three_epoch	Round_4_Replicate_36	-93912.77	187843.54	404687.41	13726.33	2.7581,0.5893,1.4051,1.6616,0.7882,0.5362,0.7376,0.4033,0.0218
sec_contact_asym_mig_size_three_epoch	Round_4_Replicate_37	-76160.09	152338.18	237163.67	18858.32	3.8986,0.3394,0.7369,0.843,0.7989,1.1202,0.632,0.4201,0.0314
sec_contact_asym_mig_size_three_epoch	Round_4_Replicate_38	-115866.05	231750.1	571625.23	15909.4	3.1743,0.66,1.1636,0.5153,0.295,0.5322,0.8999,0.3972,0.026
sec_contact_asym_mig_size_three_epoch	Round_4_Replicate_39	-89739.13	179496.26	270153.29	17715.7	3.2829,0.4113,0.6238,1.1929,0.3126,1.571,0.8384,0.3737,0.019
sec_contact_asym_mig_size_three_epoch	Round_4_Replicate_40	-78994.66	158007.32	281248.05	14996.7	3.3126,0.5798,1.1684,1.5531,0.5017,1.6973,0.2633,0.8157,0.0262
