Model	Replicate	log-likelihood	AIC	chi-squared	theta	optimized_params(nu1a, nu2a, nu1b, nu2b, m12, m21, T1, T2, T3)
sec_contact_asym_mig_size_three_epoch	Round_1_Replicate_1	-413929.53	827877.06	24340353.22	22836.9	0.1294,0.1664,0.6353,0.3672,0.608,0.9509,0.8624,1.0757,0.9558
sec_contact_asym_mig_size_three_epoch	Round_1_Replicate_2	-557454.68	1114927.36	198807926.24	9692.6	3.8858,3.9807,2.4516,0.2884,0.2541,4.0059,0.8664,6.7404,1.7589
sec_contact_asym_mig_size_three_epoch	Round_1_Replicate_3	-219980.97	439979.94	1646943.64	8143.16	0.7489,3.1066,1.199,2.6235,2.8108,0.2739,3.4997,0.1549,1.2258
sec_contact_asym_mig_size_three_epoch	Round_1_Replicate_4	-144542.65	289103.3	681375.98	12581.68	1.0676,1.8749,1.6092,0.8697,0.2533,6.164,4.6834,0.3756,0.6047
sec_contact_asym_mig_size_three_epoch	Round_1_Replicate_5	-190846.46	381710.92	1130424.87	15054.28	1.1095,0.2327,7.8797,0.3949,7.1329,0.143,0.2753,0.3435,0.2468
sec_contact_asym_mig_size_three_epoch	Round_1_Replicate_6	-117582.15	235182.3	428240.78	13508.37	4.2721,0.9406,4.082,0.8171,5.2204,0.1642,0.2374,1.6144,0.2856
sec_contact_asym_mig_size_three_epoch	Round_1_Replicate_7	-255770.25	511558.5	3936372.62	11512.83	0.1748,0.242,3.2341,0.4522,0.4338,0.1487,0.1498,1.2945,0.4234
sec_contact_asym_mig_size_three_epoch	Round_1_Replicate_8	-330244.57	660507.14	6191230.45	21853.0	0.3178,5.26,0.3557,0.9156,2.8302,0.1381,0.6695,1.6844,0.7898
sec_contact_asym_mig_size_three_epoch	Round_1_Replicate_9	-276308.4	552634.8	4708440.49	13852.94	1.8187,1.1376,1.3983,0.6149,6.6719,2.2696,1.4056,0.2282,1.2722
sec_contact_asym_mig_size_three_epoch	Round_1_Replicate_10	-420874.94	841767.88	33222798.95	13547.96	0.4707,0.2257,1.81,0.4357,6.8928,0.2261,2.3353,0.1572,1.2553
sec_contact_asym_mig_size_three_epoch	Round_2_Replicate_1	-79935.06	159888.12	245456.74	23525.76	1.5664,3.2715,1.539,0.5175,7.1222,0.1437,0.1203,0.7939,0.0963
sec_contact_asym_mig_size_three_epoch	Round_2_Replicate_2	-96440.04	192898.08	331767.87	12210.54	5.5526,2.6739,2.7092,1.3749,2.1349,0.0431,0.213,0.5298,0.207
sec_contact_asym_mig_size_three_epoch	Round_2_Replicate_3	-187693.52	375405.04	1384160.74	15371.67	1.8549,2.2907,2.7421,0.6096,7.7932,0.3216,0.062,4.3795,0.5913
sec_contact_asym_mig_size_three_epoch	Round_2_Replicate_4	-215731.51	431481.02	2121530.12	18879.18	13.2415,0.6596,1.8001,0.5322,8.9956,0.0511,0.452,2.2112,0.6371
sec_contact_asym_mig_size_three_epoch	Round_2_Replicate_5	-78731.65	157481.3	343423.52	9109.24	6.8279,1.8559,4.9827,1.9739,14.9609,0.4142,0.2832,4.4083,0.3639
sec_contact_asym_mig_size_three_epoch	Round_2_Replicate_6	-89764.78	179547.56	302643.56	15612.84	6.1501,0.7262,2.5688,0.9816,6.6387,0.2068,0.3288,0.7385,0.2052
sec_contact_asym_mig_size_three_epoch	Round_2_Replicate_7	-147931.4	295880.8	730315.81	8822.23	5.8119,0.4119,6.8846,2.2121,11.208,0.075,0.4402,0.7479,0.6312
sec_contact_asym_mig_size_three_epoch	Round_2_Replicate_8	-122322.39	244662.78	511879.66	8342.15	6.3899,2.3816,8.947,1.1746,1.6723,0.618,0.4977,0.5354,0.1791
sec_contact_asym_mig_size_three_epoch	Round_2_Replicate_9	-146131.91	292281.82	2401591.04	12683.56	8.9351,0.3894,8.7954,1.2378,5.397,0.1586,0.5583,0.4293,0.0977
sec_contact_asym_mig_size_three_epoch	Round_2_Replicate_10	-62780.86	125579.72	213638.51	8343.56	1.8529,2.1993,1.8179,3.0202,3.6334,0.2039,0.0874,4.2954,0.2167
sec_contact_asym_mig_size_three_epoch	Round_2_Replicate_11	-182112.74	364243.48	1228728.74	14985.74	10.6667,0.357,4.2453,0.3724,2.34,0.2067,0.2666,5.607,0.1497
sec_contact_asym_mig_size_three_epoch	Round_2_Replicate_12	-98129.71	196277.42	295177.43	12780.66	12.1592,2.2639,1.4278,1.9916,7.5779,0.0861,0.2097,1.005,0.4412
sec_contact_asym_mig_size_three_epoch	Round_2_Replicate_13	-95895.82	191809.64	319233.19	25563.62	12.7717,0.9198,1.6214,0.3501,6.0657,0.3384,0.1014,0.6887,0.0749
sec_contact_asym_mig_size_three_epoch	Round_2_Replicate_14	-121571.35	243160.7	489731.35	22067.41	11.1396,2.2692,1.3234,0.6712,14.9724,0.1105,0.1437,2.2134,0.3507
sec_contact_asym_mig_size_three_epoch	Round_2_Replicate_15	-102781.4	205580.8	453838.36	14113.08	5.047,0.339,2.905,1.6521,16.8427,0.1319,0.2087,0.649,0.3045
sec_contact_asym_mig_size_three_epoch	Round_2_Replicate_16	-252684.67	505387.34	3560077.81	20385.12	1.8605,0.5806,1.86,0.3604,3.6347,0.0483,0.0916,5.0935,0.4594
sec_contact_asym_mig_size_three_epoch	Round_2_Replicate_17	-112193.46	224404.92	2323453.36	8029.91	12.7886,1.1731,7.9819,2.4078,3.9604,0.3512,0.254,1.6794,0.1732
sec_contact_asym_mig_size_three_epoch	Round_2_Replicate_18	-89578.64	179175.28	268121.48	10163.37	11.2988,0.8934,2.0162,1.9462,3.8115,0.6504,0.15,2.1332,0.4579
sec_contact_asym_mig_size_three_epoch	Round_2_Replicate_19	-136062.09	272142.18	636770.5	27308.07	9.1274,1.2054,1.2189,0.4376,7.2789,0.1774,0.2804,2.2629,0.2291
sec_contact_asym_mig_size_three_epoch	Round_2_Replicate_20	-122711.22	245440.44	692085.17	6584.82	1.5253,2.1919,7.2194,2.9203,1.4435,0.1247,0.3376,1.3268,0.3158
sec_contact_asym_mig_size_three_epoch	Round_3_Replicate_1	-114383.78	228785.56	362453.23	20677.01	0.4964,1.3059,0.5617,1.138,11.076,0.0659,0.3016,7.7881,0.3282
sec_contact_asym_mig_size_three_epoch	Round_3_Replicate_2	-94609.56	189237.12	281026.12	11984.19	3.1652,0.7727,1.4798,1.6993,12.847,0.2888,0.1443,9.0256,0.5501
sec_contact_asym_mig_size_three_epoch	Round_3_Replicate_3	-68905.69	137829.38	209709.49	7658.49	3.9683,5.4878,1.8257,3.3007,1.1183,0.3122,0.0395,3.4101,0.0915
sec_contact_asym_mig_size_three_epoch	Round_3_Replicate_4	-171146.13	342310.26	1108538.2	15692.85	0.6247,0.6881,1.3738,0.8576,2.4794,0.0786,0.235,8.9615,0.5937
sec_contact_asym_mig_size_three_epoch	Round_3_Replicate_5	-133614.96	267247.92	343280.37	5341.22	0.7292,2.253,0.5849,6.2709,1.3434,0.1232,0.0902,11.2434,0.2558
sec_contact_asym_mig_size_three_epoch	Round_3_Replicate_6	-199581.79	399181.58	916161.75	8462.29	5.5783,6.3253,0.594,4.4873,2.9669,0.1778,0.0653,3.5119,0.7011
sec_contact_asym_mig_size_three_epoch	Round_3_Replicate_7	-79925.1	159868.2	357975.74	10201.82	0.5899,2.2061,4.5619,1.2969,4.6026,0.7042,0.1942,3.9663,0.1896
sec_contact_asym_mig_size_three_epoch	Round_3_Replicate_8	-131420.24	262858.48	417746.39	7850.33	0.5536,2.9245,0.8985,6.5242,7.803,0.6877,0.0272,2.2199,0.4842
sec_contact_asym_mig_size_three_epoch	Round_3_Replicate_9	-62628.46	125274.92	574160.89	7465.11	0.6435,0.8641,3.1052,3.0836,8.3408,0.0941,0.0423,9.8736,0.2416
sec_contact_asym_mig_size_three_epoch	Round_3_Replicate_10	-65053.5	130125.0	172742.77	10328.44	0.486,2.3768,1.6969,1.7927,2.3151,0.1357,0.0553,14.9568,0.1991
sec_contact_asym_mig_size_three_epoch	Round_3_Replicate_11	-87211.05	174440.1	212158.64	13053.15	0.8917,8.5759,0.7347,2.0024,5.7541,0.0664,0.1665,5.0404,0.29
sec_contact_asym_mig_size_three_epoch	Round_3_Replicate_12	-143094.77	286207.54	479923.42	11967.66	1.0835,6.6963,0.5764,2.9384,1.5188,0.1526,0.1289,1.8561,0.2787
sec_contact_asym_mig_size_three_epoch	Round_3_Replicate_13	-72423.53	144865.06	228777.85	18268.46	2.6593,3.0168,1.4133,0.9134,4.1709,0.0731,0.1355,11.9671,0.093
sec_contact_asym_mig_size_three_epoch	Round_3_Replicate_14	-57231.37	114480.74	268855.17	7014.46	5.6519,0.709,1.8463,3.8697,7.3822,0.0602,0.0222,8.6244,0.2439
sec_contact_asym_mig_size_three_epoch	Round_3_Replicate_15	-71971.89	143961.78	3248530.67	6110.84	0.6367,5.1467,3.8617,3.6029,5.591,0.2497,0.0767,14.7345,0.1258
sec_contact_asym_mig_size_three_epoch	Round_3_Replicate_16	-103148.64	206315.28	296484.4	10091.93	0.6107,1.0068,0.8059,5.6826,7.1819,0.1587,0.0318,1.379,0.2187
sec_contact_asym_mig_size_three_epoch	Round_3_Replicate_17	-153400.11	306818.22	72511870.64	5296.41	5.1996,8.9183,5.8747,8.7505,7.88,0.2657,0.1871,2.1956,0.1801
sec_contact_asym_mig_size_three_epoch	Round_3_Replicate_18	-63783.19	127584.38	156294.95	4339.76	5.6406,6.2049,1.8113,6.5253,4.5233,0.5456,0.0598,11.6863,0.4199
sec_contact_asym_mig_size_three_epoch	Round_3_Replicate_19	-65831.92	131681.84	1652379.99	6928.24	0.8197,0.7126,2.8919,3.1488,3.3569,0.072,0.055,20.9066,0.0607
sec_contact_asym_mig_size_three_epoch	Round_3_Replicate_20	-114992.61	230003.22	371649.86	10438.06	1.809,6.5481,1.1046,2.06,3.5681,0.4175,0.1256,5.2228,0.6178
sec_contact_asym_mig_size_three_epoch	Round_3_Replicate_21	-224998.09	450014.18	1482325.62	13575.09	3.0041,2.0367,0.5118,1.8501,7.3255,0.2813,0.028,12.52,0.8389
sec_contact_asym_mig_size_three_epoch	Round_3_Replicate_22	-125746.62	251511.24	353674.48	5551.39	1.5542,5.4462,1.0988,6.3584,1.4193,0.1557,0.12,6.3207,0.5655
sec_contact_asym_mig_size_three_epoch	Round_3_Replicate_23	-83639.26	167296.52	1736361.52	4142.81	1.0408,0.5741,4.8505,5.5303,1.9974,0.8044,0.1678,6.0545,0.2235
sec_contact_asym_mig_size_three_epoch	Round_3_Replicate_24	-106138.82	212295.64	396094.65	11772.7	3.3211,3.633,1.9886,1.2002,1.7537,0.0669,0.0398,7.9531,0.3256
sec_contact_asym_mig_size_three_epoch	Round_3_Replicate_25	-68115.55	136249.1	310785.93	4764.67	3.6149,3.4434,1.8664,7.8237,11.1507,0.1976,0.2792,6.9265,0.3171
sec_contact_asym_mig_size_three_epoch	Round_3_Replicate_26	-119176.31	238370.62	381046.34	9757.61	1.399,2.7413,0.7728,8.9183,1.5953,0.0662,0.0727,1.1078,0.0592
sec_contact_asym_mig_size_three_epoch	Round_3_Replicate_27	-191089.45	382196.9	1509567.12	13829.68	3.0507,1.5005,1.6813,0.8292,2.2745,0.2151,0.255,3.6004,0.7632
sec_contact_asym_mig_size_three_epoch	Round_3_Replicate_28	-53825.58	107669.16	387199.33	8444.1	2.3991,5.6065,1.4155,2.6567,3.8066,0.5373,0.023,6.6018,0.0748
sec_contact_asym_mig_size_three_epoch	Round_3_Replicate_29	-149601.37	299220.74	812509.17	14707.6	1.2158,5.3723,1.6196,0.7915,3.7834,0.7842,0.0304,3.5618,0.6051
sec_contact_asym_mig_size_three_epoch	Round_3_Replicate_30	-66862.31	133742.62	455564.08	7690.76	2.6401,4.56,0.6949,4.8167,10.8428,0.7153,0.2711,4.0454,0.0745
sec_contact_asym_mig_size_three_epoch	Round_4_Replicate_1	-57383.7	114785.4	466717.92	6112.29	3.7862,9.3545,2.4064,3.8281,5.3821,0.4788,0.0157,9.5132,0.2124
sec_contact_asym_mig_size_three_epoch	Round_4_Replicate_2	-53720.33	107458.66	470151.38	6572.66	3.9026,10.1948,1.7709,3.1086,2.4993,0.7238,0.0165,8.4893,0.0622
sec_contact_asym_mig_size_three_epoch	Round_4_Replicate_3	-64491.4	129000.8	1012564.09	10700.45	1.7409,11.7223,2.1928,1.9121,6.3152,0.3013,0.0159,11.7365,0.0885
sec_contact_asym_mig_size_three_epoch	Round_4_Replicate_4	-53025.73	106069.46	170995.41	8324.45	3.501,10.0073,0.8065,2.9804,4.3621,0.6768,0.0258,9.7467,0.0828
sec_contact_asym_mig_size_three_epoch	Round_4_Replicate_5	-55237.29	110492.58	463874.42	7393.16	1.7926,3.3831,2.0761,2.5374,2.6124,0.6872,0.016,6.8229,0.077
sec_contact_asym_mig_size_three_epoch	Round_4_Replicate_6	-50476.15	100970.3	184709.91	8644.11	1.7644,6.0904,1.4414,2.4105,3.2442,0.411,0.0223,10.6835,0.1154
sec_contact_asym_mig_size_three_epoch	Round_4_Replicate_7	-53151.43	106320.86	120253.17	12418.19	1.9708,4.4382,0.8374,1.4457,2.078,0.747,0.0188,9.4558,0.0768
sec_contact_asym_mig_size_three_epoch	Round_4_Replicate_8	-56880.41	113778.82	264132.8	9896.86	2.0535,12.8636,1.7234,1.9815,2.6863,0.4339,0.0357,4.0469,0.0777
sec_contact_asym_mig_size_three_epoch	Round_4_Replicate_9	-61941.17	123900.34	442797.67	9929.5	5.2225,5.3345,2.4995,1.7319,4.645,0.7121,0.0123,5.4919,0.13
sec_contact_asym_mig_size_three_epoch	Round_4_Replicate_10	-47527.38	95072.76	157106.65	7172.9	1.718,9.7475,1.4352,2.9761,1.9404,0.2596,0.0157,13.0182,0.0513
sec_contact_asym_mig_size_three_epoch	Round_4_Replicate_11	-49689.16	99396.32	128126.8	10036.53	2.7798,3.1622,0.9791,2.1075,2.3759,0.4212,0.0412,7.7466,0.0597
sec_contact_asym_mig_size_three_epoch	Round_4_Replicate_12	-50570.23	101158.46	260263.7	7387.7	2.6378,9.2711,1.5178,2.5872,2.0282,0.9418,0.035,8.0799,0.0627
sec_contact_asym_mig_size_three_epoch	Round_4_Replicate_13	-61291.88	122601.76	672245.65	5501.55	4.1863,6.6715,2.4665,4.0945,1.9289,0.4531,0.0125,7.1786,0.0666
sec_contact_asym_mig_size_three_epoch	Round_4_Replicate_14	-52820.7	105659.4	194683.16	11068.47	1.2261,9.5962,1.6234,1.5201,2.431,0.3442,0.0327,9.6834,0.0499
sec_contact_asym_mig_size_three_epoch	Round_4_Replicate_15	-70328.43	140674.86	870951.54	7292.18	4.6054,6.3608,2.8542,3.2812,5.2462,0.5634,0.0427,4.2629,0.1865
sec_contact_asym_mig_size_three_epoch	Round_4_Replicate_16	-53846.65	107711.3	439420.77	12127.88	1.9039,11.8393,1.2351,1.722,5.2137,0.4287,0.011,11.0782,0.0541
sec_contact_asym_mig_size_three_epoch	Round_4_Replicate_17	-61352.13	122722.26	669703.13	7868.44	1.3011,3.8967,1.0688,3.8184,8.0154,0.5247,0.0122,5.3009,0.0855
sec_contact_asym_mig_size_three_epoch	Round_4_Replicate_18	-51193.6	102405.2	422647.44	6984.87	3.7792,3.5787,1.9853,2.5974,3.3625,0.8121,0.0242,16.2295,0.1049
sec_contact_asym_mig_size_three_epoch	Round_4_Replicate_19	-65987.33	131992.66	655070.83	7799.18	2.9488,7.449,1.4003,3.5313,2.9753,0.6838,0.038,3.8647,0.0441
sec_contact_asym_mig_size_three_epoch	Round_4_Replicate_20	-51356.42	102730.84	230967.71	6959.32	1.7581,6.222,1.5081,3.3151,2.3937,0.3293,0.0361,8.3267,0.0705
sec_contact_asym_mig_size_three_epoch	Round_4_Replicate_21	-50095.69	100209.38	301719.56	7652.16	3.7945,11.5015,1.3544,2.6102,3.7917,1.078,0.0284,10.971,0.0949
sec_contact_asym_mig_size_three_epoch	Round_4_Replicate_22	-53662.12	107342.24	283304.1	9360.45	1.6597,3.7548,2.0603,1.6363,2.9726,0.9772,0.0162,5.8481,0.0997
sec_contact_asym_mig_size_three_epoch	Round_4_Replicate_23	-68825.1	137668.2	1408144.75	8148.73	2.203,2.8031,2.0561,2.8028,5.4154,1.0709,0.0114,4.0653,0.0998
sec_contact_asym_mig_size_three_epoch	Round_4_Replicate_24	-52930.42	105878.84	185510.81	11215.14	3.8589,6.8031,1.5823,1.4929,3.3137,0.6332,0.0126,8.29,0.1073
sec_contact_asym_mig_size_three_epoch	Round_4_Replicate_25	-52147.11	104312.22	248728.04	6136.19	1.223,4.5903,1.8923,3.4642,2.4322,0.5505,0.0112,9.3166,0.1325
sec_contact_asym_mig_size_three_epoch	Round_4_Replicate_26	-61784.52	123587.04	403733.03	12885.34	1.9553,3.8785,1.94,1.3747,5.5736,0.5157,0.0101,8.1064,0.0989
sec_contact_asym_mig_size_three_epoch	Round_4_Replicate_27	-47082.35	94182.7	235538.29	7178.7	2.6189,4.8271,2.2211,1.9723,1.7235,0.8253,0.0249,11.8256,0.067
sec_contact_asym_mig_size_three_epoch	Round_4_Replicate_28	-51038.02	102094.04	224245.66	6329.05	1.3115,4.4022,1.1144,3.6061,2.6653,0.6792,0.0434,15.5583,0.062
sec_contact_asym_mig_size_three_epoch	Round_4_Replicate_29	-52326.42	104670.84	196085.5	9834.04	3.6511,5.2479,0.9633,2.4515,2.9524,0.5027,0.0235,4.754,0.0405
sec_contact_asym_mig_size_three_epoch	Round_4_Replicate_30	-63391.26	126800.52	877348.66	7686.67	1.9495,4.2308,2.095,2.7147,2.7677,0.6421,0.0235,4.7856,0.0531
sec_contact_asym_mig_size_three_epoch	Round_4_Replicate_31	-57074.28	114166.56	426115.03	7275.05	2.5882,12.7734,1.4739,3.71,6.3462,0.3462,0.0194,7.2321,0.1387
sec_contact_asym_mig_size_three_epoch	Round_4_Replicate_32	-49231.75	98481.5	159334.24	12920.73	3.3507,8.6526,1.0632,1.402,3.3827,0.7427,0.0139,5.7117,0.0657
sec_contact_asym_mig_size_three_epoch	Round_4_Replicate_33	-50284.7	100587.4	189294.92	9945.52	1.5952,3.3635,0.9381,2.4766,3.147,0.2631,0.027,5.677,0.0308
sec_contact_asym_mig_size_three_epoch	Round_4_Replicate_34	-50819.54	101657.08	170053.11	7500.79	3.7944,3.5165,1.0077,3.0036,3.4763,0.7274,0.0132,15.6041,0.096
sec_contact_asym_mig_size_three_epoch	Round_4_Replicate_35	-55655.48	111328.96	293979.32	9197.46	1.321,10.5487,1.9329,2.2153,4.5149,0.3458,0.0129,10.8442,0.1467
sec_contact_asym_mig_size_three_epoch	Round_4_Replicate_36	-49947.45	99912.9	197258.87	9773.06	3.354,4.036,1.2475,2.1905,3.3428,0.3377,0.0288,9.2182,0.0748
sec_contact_asym_mig_size_three_epoch	Round_4_Replicate_37	-51630.48	103278.96	396707.61	6091.63	3.1111,10.3195,1.8059,3.6305,2.28,0.2758,0.0283,12.1577,0.0421
sec_contact_asym_mig_size_three_epoch	Round_4_Replicate_38	-46571.45	93160.9	125848.2	10583.5	3.1808,5.8892,1.0106,1.7224,2.0173,0.607,0.011,10.5495,0.035
sec_contact_asym_mig_size_three_epoch	Round_4_Replicate_39	-56985.94	113989.88	774366.05	4885.12	1.4773,4.807,1.6648,5.2796,6.5164,0.558,0.0343,15.9217,0.1345
sec_contact_asym_mig_size_three_epoch	Round_4_Replicate_40	-48642.27	97302.54	240107.98	11893.52	2.8362,3.2337,1.0268,1.6693,3.9282,0.6264,0.0211,8.8875,0.0424
