Model	Replicate	log-likelihood	AIC	chi-squared	theta	optimized_params(nu1a, nu2a, nu1b, nu2b, m12, m21, T1, T2)
anc_asym_mig_size	Round_1_Replicate_1	-548830.14	1097676.28	184254609.87	10097.4	2.5972,0.593,2.9845,0.3862,1.3746,0.1798,4.3632,1.8839
anc_asym_mig_size	Round_1_Replicate_2	-214723.6	429463.2	1265520.9	12268.86	0.2098,0.4578,7.1768,3.8221,0.8792,6.6662,0.5837,0.4988
anc_asym_mig_size	Round_1_Replicate_3	-452392.73	904801.46	47088549.54	4994.65	0.4715,0.7658,5.1594,1.9864,1.5524,2.3166,2.1976,5.462
anc_asym_mig_size	Round_1_Replicate_4	-160202.83	320421.66	993138.38	15647.86	6.1476,0.5621,1.9714,0.2258,0.7011,0.1966,0.464,0.1727
anc_asym_mig_size	Round_1_Replicate_5	-244982.14	489980.28	194249046902737.47	2687.2	0.267,0.4673,0.1783,4.5819,1.1821,4.9339,5.415,4.2795
anc_asym_mig_size	Round_1_Replicate_6	-92702.23	185420.46	309396.79	7717.74	2.9438,2.7483,7.5664,0.7268,2.3367,0.178,2.8186,0.2575
anc_asym_mig_size	Round_1_Replicate_7	-109976.43	219968.86	633681.58	13013.45	3.6372,1.9684,6.2245,1.8618,0.6479,1.358,0.1424,0.234
anc_asym_mig_size	Round_1_Replicate_8	-758763.42	1517542.84	2255117819.2	9898.58	0.6045,0.4455,0.9273,1.6076,1.8239,0.9386,0.7314,4.7917
anc_asym_mig_size	Round_1_Replicate_9	-243618.89	487253.78	2030975.91	18221.19	0.2758,0.6017,0.6233,3.0062,0.1677,2.4596,0.5275,0.4946
anc_asym_mig_size	Round_1_Replicate_10	-834127.15	1668270.3	11697701437.93	15054.39	0.1777,1.9789,1.5164,0.255,1.5963,0.6237,0.1358,2.2263
anc_asym_mig_size	Round_2_Replicate_1	-126936.61	253889.22	727999.05	9073.67	8.6517,1.9559,22.6422,0.7937,1.4526,0.1081,0.8087,0.0657
anc_asym_mig_size	Round_2_Replicate_2	-106188.05	212392.1	361720.67	5706.47	1.5008,3.4049,26.4008,0.6817,4.6574,0.0541,9.936,0.4829
anc_asym_mig_size	Round_2_Replicate_3	-113575.38	227166.76	433376.15	9268.27	4.3891,2.567,5.4832,0.548,3.3157,0.3242,1.3826,0.2724
anc_asym_mig_size	Round_2_Replicate_4	-132163.73	264343.46	654798.52	10106.06	3.6292,0.8726,5.4678,1.2545,0.736,0.1005,1.2873,0.1323
anc_asym_mig_size	Round_2_Replicate_5	-76508.1	153032.2	201672.31	6067.85	0.9319,4.5281,18.0752,2.5493,0.9975,0.6567,9.0568,0.1698
anc_asym_mig_size	Round_2_Replicate_6	-275276.74	550569.48	4326845.3	7598.17	1.8287,2.0797,21.5866,0.274,0.8497,0.0844,1.6077,0.5335
anc_asym_mig_size	Round_2_Replicate_7	-182018.41	364052.82	1291820.79	8767.24	9.8115,1.9163,4.8388,0.5478,1.6195,0.1818,1.1565,0.5727
anc_asym_mig_size	Round_2_Replicate_8	-115814.9	231645.8	426724.95	8145.07	10.6885,1.7243,10.5407,1.2823,4.7303,0.1958,1.9201,0.3707
anc_asym_mig_size	Round_2_Replicate_9	-153201.36	306418.72	712458.42	7727.41	10.0847,1.5157,13.5825,0.6462,5.0711,0.0511,7.8123,0.5152
anc_asym_mig_size	Round_2_Replicate_10	-109895.81	219807.62	442754.98	9016.1	3.0169,4.5313,3.5214,0.539,1.3505,0.36,1.4898,0.2107
anc_asym_mig_size	Round_2_Replicate_11	-61916.8	123849.6	160085.68	9848.05	0.7959,2.2785,28.9388,0.2684,1.3915,0.2947,8.6724,0.0752
anc_asym_mig_size	Round_2_Replicate_12	-124365.98	248747.96	487032.13	10018.37	1.1848,1.2812,11.1584,0.9336,2.0345,0.0969,1.8503,0.3255
anc_asym_mig_size	Round_2_Replicate_13	-78496.55	157009.1	235095.76	14600.96	1.0214,1.1996,6.5264,1.0763,1.4302,0.6821,0.9661,0.0759
anc_asym_mig_size	Round_2_Replicate_14	-117141.03	234298.06	463993.16	9397.66	5.456,1.409,9.1331,0.9416,1.5719,0.4188,0.921,0.1626
anc_asym_mig_size	Round_2_Replicate_15	-142952.66	285921.32	755533.7	4670.2	4.9473,3.0254,8.3909,0.947,0.8453,0.3122,6.2427,0.9083
anc_asym_mig_size	Round_2_Replicate_16	-120995.93	242007.86	724718.84	8154.61	2.8377,7.6107,4.3291,2.4405,4.6235,0.3614,0.8884,0.3693
anc_asym_mig_size	Round_2_Replicate_17	-88625.31	177266.62	308431.65	7561.25	8.959,3.1334,4.1148,2.4175,9.1214,0.4417,2.5041,0.5574
anc_asym_mig_size	Round_2_Replicate_18	-142937.13	285890.26	648616.8	8379.57	1.6977,1.6055,17.3359,1.4801,0.8598,0.1731,1.1814,0.367
anc_asym_mig_size	Round_2_Replicate_19	-191934.66	383885.32	1194334.36	5517.62	7.5096,3.4171,20.1437,1.06,3.2479,0.4728,1.1207,0.8259
anc_asym_mig_size	Round_2_Replicate_20	-76987.65	153991.3	248522.28	4582.97	5.4042,4.0346,13.9648,0.2333,0.647,0.1611,7.2021,0.0704
anc_asym_mig_size	Round_3_Replicate_1	-181645.96	363307.92	1302906.74	5206.96	3.2283,5.4083,18.5186,0.14,3.9598,0.5846,5.5761,0.2537
anc_asym_mig_size	Round_3_Replicate_2	-68891.25	137798.5	914204.2	12635.9	1.9384,1.5436,26.0318,0.4458,4.472,0.1187,4.6584,0.0211
anc_asym_mig_size	Round_3_Replicate_3	-130400.81	260817.62	575335.54	6576.57	0.3449,5.1126,23.3741,0.1954,2.8112,0.1004,23.5372,0.2579
anc_asym_mig_size	Round_3_Replicate_4	-52039.23	104094.46	133995.53	7613.51	2.1049,1.9628,23.9915,0.1101,0.7318,0.8356,8.5403,0.0357
anc_asym_mig_size	Round_3_Replicate_5	-41265.76	82547.52	174828.89	4048.78	2.437,4.9691,24.614,0.6775,1.5916,0.3969,29.2543,0.0809
anc_asym_mig_size	Round_3_Replicate_6	-100466.21	200948.42	405377.54	7207.69	3.0317,6.1113,22.1318,0.0853,0.6021,0.2958,2.6286,0.0273
anc_asym_mig_size	Round_3_Replicate_7	-73716.29	147448.58	217548.46	7105.21	0.9227,4.7394,23.9915,0.2149,1.5746,0.1545,7.1261,0.1167
anc_asym_mig_size	Round_3_Replicate_8	-81200.54	162417.08	266648.87	7417.11	2.0851,1.946,17.6679,0.1895,0.5482,0.2335,9.0606,0.0774
anc_asym_mig_size	Round_3_Replicate_9	-81632.54	163281.08	287017.38	13729.91	1.5085,0.64,12.405,0.6101,1.0044,0.3968,3.2292,0.036
anc_asym_mig_size	Round_3_Replicate_10	-136343.26	272702.52	680349.41	5610.39	0.8553,5.0913,23.1607,0.1274,3.6449,0.204,23.4369,0.2012
anc_asym_mig_size	Round_3_Replicate_11	-60593.42	121202.84	179789.47	11603.01	0.7205,1.8259,7.4591,0.8772,4.7863,0.2071,5.1233,0.1243
anc_asym_mig_size	Round_3_Replicate_12	-151051.31	302118.62	789397.85	11979.14	2.2756,1.0227,8.0902,0.2243,2.5132,0.113,3.5352,0.1925
anc_asym_mig_size	Round_3_Replicate_13	-119260.37	238536.74	479290.37	8583.6	0.2802,4.5127,8.5995,0.1136,2.6127,0.0838,21.0782,0.1356
anc_asym_mig_size	Round_3_Replicate_14	-81201.4	162418.8	263545.91	10510.61	0.875,4.3815,21.7212,0.1031,1.2799,0.1811,2.8081,0.042
anc_asym_mig_size	Round_3_Replicate_15	-127527.5	255071.0	520000.75	13880.81	0.5342,5.8565,10.7452,0.101,0.7223,0.9604,6.9194,0.0921
anc_asym_mig_size	Round_3_Replicate_16	-41694.94	83405.88	146907.48	3876.56	0.5064,8.3791,27.8703,0.736,5.3804,0.0785,24.0267,0.067
anc_asym_mig_size	Round_3_Replicate_17	-73265.22	146546.44	231874.52	7794.87	1.5023,4.8861,8.3768,0.1065,1.2374,0.0797,4.1738,0.0414
anc_asym_mig_size	Round_3_Replicate_18	-53102.19	106220.38	142151.44	5560.62	2.0931,3.2262,25.0379,0.9081,0.5718,0.7276,13.795,0.0961
anc_asym_mig_size	Round_3_Replicate_19	-50071.81	100159.62	127237.27	3858.62	1.8171,6.5596,29.6204,0.1643,4.6229,0.6952,26.7076,0.0896
anc_asym_mig_size	Round_3_Replicate_20	-99415.87	198847.74	331241.39	16631.87	0.5148,1.1448,11.3677,0.2417,4.5279,0.0935,9.0551,0.1332
anc_asym_mig_size	Round_3_Replicate_21	-73114.77	146245.54	705072.55	12212.38	2.3499,1.2226,25.6334,1.0687,3.2335,0.305,6.0566,0.0223
anc_asym_mig_size	Round_3_Replicate_22	-75628.16	151272.32	205664.19	13309.79	0.4982,1.9383,8.8328,0.1134,1.24,0.5345,19.0274,0.0488
anc_asym_mig_size	Round_3_Replicate_23	-50181.03	100378.06	143434.41	8121.61	1.8524,1.422,25.0379,1.04,0.5808,1.03,11.6503,0.0282
anc_asym_mig_size	Round_3_Replicate_24	-205019.96	410055.92	1725075.47	11952.27	0.8265,0.9382,24.5356,0.1917,0.5909,0.0825,9.0761,0.1908
anc_asym_mig_size	Round_3_Replicate_25	-56058.21	112132.42	146235.11	3408.6	1.2404,9.5335,25.0379,0.4758,2.8849,0.0837,20.1066,0.2436
anc_asym_mig_size	Round_3_Replicate_26	-100443.84	200903.68	408443.64	15523.59	1.2198,0.5981,24.4097,0.9687,1.2455,0.197,26.64,0.047
anc_asym_mig_size	Round_3_Replicate_27	-88234.39	176484.78	226779.79	9265.11	0.2608,4.6984,27.8703,0.4774,2.3834,0.7515,7.1943,0.1472
anc_asym_mig_size	Round_3_Replicate_28	-53190.56	106397.12	118102.22	7029.82	0.6713,4.0528,14.6706,0.2213,1.4671,0.135,24.4281,0.0309
anc_asym_mig_size	Round_3_Replicate_29	-158012.9	316041.8	771364.85	12536.49	0.4929,3.2381,10.9834,0.2262,0.5527,0.7845,9.7859,0.2103
anc_asym_mig_size	Round_3_Replicate_30	-189547.74	379111.48	1072311.92	16912.86	0.3035,2.7592,12.1786,0.1142,0.4153,0.0884,2.4509,0.0607
anc_asym_mig_size	Round_4_Replicate_1	-44736.3	89488.6	164737.57	4512.78	3.2309,3.1987,17.5762,1.1231,0.8731,0.3783,23.5944,0.0529
anc_asym_mig_size	Round_4_Replicate_2	-48292.46	96600.92	172829.91	5673.85	2.6277,2.7981,21.9578,1.0282,1.1986,0.2882,23.961,0.0534
anc_asym_mig_size	Round_4_Replicate_3	-38921.21	77858.42	183751.99	2468.03	3.9242,9.5118,29.4104,0.4156,1.2243,0.76,29.7518,0.0735
anc_asym_mig_size	Round_4_Replicate_4	-41646.79	83309.58	214995.11	2380.46	3.699,9.9087,18.4593,0.9106,1.4337,0.3533,28.6335,0.133
anc_asym_mig_size	Round_4_Replicate_5	-52447.53	104911.06	116971.31	4410.25	1.3323,5.587,18.9831,0.7598,0.8007,0.2712,28.8969,0.0817
anc_asym_mig_size	Round_4_Replicate_6	-48636.91	97289.82	294154.96	5896.71	2.3293,2.8952,27.3161,0.751,2.2398,0.5573,28.3872,0.0699
anc_asym_mig_size	Round_4_Replicate_7	-41234.99	82485.98	119244.9	3552.94	2.861,5.2531,17.5211,0.8886,0.8195,0.3511,29.7223,0.1029
anc_asym_mig_size	Round_4_Replicate_8	-42055.01	84126.02	178615.79	4157.5	2.9016,5.2589,12.7608,0.4174,3.0029,0.4369,25.9752,0.0835
anc_asym_mig_size	Round_4_Replicate_9	-50058.66	100133.32	454494.29	5723.72	2.2807,3.1466,20.6538,0.8408,2.2753,0.5182,21.7027,0.0504
anc_asym_mig_size	Round_4_Replicate_10	-41580.07	83176.14	134407.24	2971.91	1.6592,8.8584,17.929,1.301,1.7156,0.2873,29.9851,0.1643
anc_asym_mig_size	Round_4_Replicate_11	-40224.21	80464.42	123873.18	3514.07	3.3271,5.2807,16.9523,0.5883,1.0132,0.3625,27.1664,0.0953
anc_asym_mig_size	Round_4_Replicate_12	-41325.41	82666.82	119384.3	3519.74	1.7099,8.0357,23.5134,0.7275,1.3961,0.6616,29.3592,0.1256
anc_asym_mig_size	Round_4_Replicate_13	-42280.91	84577.82	104329.51	2680.61	3.3844,9.9333,20.1826,0.3703,0.8086,0.4827,28.3892,0.1268
anc_asym_mig_size	Round_4_Replicate_14	-49728.84	99473.68	262272.24	3911.32	3.8951,3.5985,29.9958,1.2923,1.5349,0.6562,29.5973,0.1578
anc_asym_mig_size	Round_4_Replicate_15	-38604.62	77225.24	134299.99	2963.95	2.0224,8.971,18.3495,0.6829,2.9371,0.3047,28.9732,0.1492
anc_asym_mig_size	Round_4_Replicate_16	-43808.8	87633.6	160334.2	4698.08	1.8353,4.4858,20.1347,0.9923,1.3931,0.2643,28.0439,0.0478
anc_asym_mig_size	Round_4_Replicate_17	-49056.77	98129.54	147847.48	4018.35	4.5358,4.16,28.9769,0.441,2.3032,0.617,29.1468,0.122
anc_asym_mig_size	Round_4_Replicate_18	-44293.48	88602.96	214839.68	3768.44	2.4343,5.2435,16.2846,1.1572,2.4559,0.6496,27.7537,0.176
anc_asym_mig_size	Round_4_Replicate_19	-53628.3	107272.6	157034.46	5105.59	3.1728,2.8821,19.6777,1.1617,0.9611,0.2215,25.6532,0.1095
anc_asym_mig_size	Round_4_Replicate_20	-42255.05	84526.1	113335.56	4325.91	2.1857,4.3748,19.4246,0.7911,0.8884,0.3699,29.8486,0.0779
anc_asym_mig_size	Round_4_Replicate_21	-43834.63	87685.26	164772.62	5420.24	2.0457,3.5012,12.815,0.7816,1.3761,0.303,23.4124,0.0395
anc_asym_mig_size	Round_4_Replicate_22	-44621.98	89259.96	121313.59	3125.53	4.7917,5.4189,28.9952,0.3708,1.8486,0.7335,29.7695,0.1216
anc_asym_mig_size	Round_4_Replicate_23	-39905.99	79827.98	183919.99	3286.17	3.2467,6.2182,18.8569,0.4932,1.5369,0.4772,25.8135,0.0744
anc_asym_mig_size	Round_4_Replicate_24	-45586.28	91188.56	125840.68	4714.46	1.8321,4.0997,26.5481,1.2904,0.9688,0.3192,29.3923,0.0581
anc_asym_mig_size	Round_4_Replicate_25	-43178.96	86373.92	108652.09	5316.27	2.03,3.3113,19.7643,0.541,0.8562,0.4628,19.1034,0.0656
anc_asym_mig_size	Round_4_Replicate_26	-39803.76	79623.52	100080.97	2634.41	2.7783,10.2158,25.4049,0.4227,1.0619,0.2548,28.0538,0.118
anc_asym_mig_size	Round_4_Replicate_27	-44267.27	88550.54	106928.71	5502.88	1.4038,3.8231,17.4383,0.6879,1.2552,0.3621,26.7869,0.0874
anc_asym_mig_size	Round_4_Replicate_28	-48536.14	97088.28	567360.52	3145.6	4.0966,5.2977,26.1167,0.9798,1.5364,0.742,26.7369,0.0825
anc_asym_mig_size	Round_4_Replicate_29	-47406.83	94829.66	461175.38	3134.34	4.284,5.0772,23.964,1.0142,1.2551,0.7079,25.8343,0.0832
anc_asym_mig_size	Round_4_Replicate_30	-40159.31	80334.62	131244.94	5218.11	1.738,3.8899,17.5579,0.5434,1.7338,0.4744,28.0803,0.0689
anc_asym_mig_size	Round_4_Replicate_31	-45508.19	91032.38	420608.34	2889.1	3.8614,6.6394,16.0397,0.9126,1.5574,0.5803,27.9578,0.0897
anc_asym_mig_size	Round_4_Replicate_32	-50859.07	101734.14	296352.01	5594.61	3.2089,3.1881,12.2087,0.5525,2.2547,0.3982,19.1855,0.0654
anc_asym_mig_size	Round_4_Replicate_33	-44307.65	88631.3	120415.49	4023.3	2.1286,4.9858,20.751,1.0037,0.8263,0.3712,27.8085,0.0841
anc_asym_mig_size	Round_4_Replicate_34	-40576.02	81168.04	150826.44	5750.84	2.1498,3.0639,12.1874,0.3601,1.5242,0.4881,27.1986,0.0354
anc_asym_mig_size	Round_4_Replicate_35	-45677.93	91371.86	144309.35	5848.98	1.4474,3.341,15.4896,1.0377,1.9334,0.5004,19.8646,0.1138
anc_asym_mig_size	Round_4_Replicate_36	-40166.69	80349.38	142124.53	2688.82	2.0009,10.3431,20.5874,0.98,1.7118,0.1953,28.1666,0.1382
anc_asym_mig_size	Round_4_Replicate_37	-53484.89	106985.78	185571.01	3638.12	1.7072,9.6578,29.9806,0.6815,0.8849,0.6299,29.6261,0.0567
anc_asym_mig_size	Round_4_Replicate_38	-49903.66	99823.32	472250.69	4107.1	3.5216,4.2917,26.4805,0.8289,2.0544,0.5148,28.1103,0.0776
anc_asym_mig_size	Round_4_Replicate_39	-39738.43	79492.86	217141.08	3095.37	2.1731,8.4494,19.0626,0.475,2.3573,0.4855,22.7284,0.0689
anc_asym_mig_size	Round_4_Replicate_40	-53112.74	106241.48	824416.16	5363.34	1.9215,3.4314,25.9732,1.29,2.5603,0.7553,27.0393,0.0472
