Model	Replicate	log-likelihood	AIC	chi-squared	theta	optimized_params(nu1a, nu2a, nu1b, nu2b, m12, m21, T1, T2)
anc_asym_mig_size	Round_1_Replicate_1	-118270.63	236557.26	428385.58	11248.06	2.5714,1.2633,2.5194,5.4051,0.1372,0.9202,0.6148,0.2557
anc_asym_mig_size	Round_1_Replicate_2	-266509.28	533034.56	1867777.75	21679.83	3.4792,0.5026,0.1668,6.2028,6.8423,2.2025,1.1319,0.3276
anc_asym_mig_size	Round_1_Replicate_3	-1210103.37	2420222.74	1389283732144.66	18326.54	0.1607,0.7959,0.2315,1.0836,3.5172,4.1826,2.4311,2.8469
anc_asym_mig_size	Round_1_Replicate_4	-127779.44	255574.88	422316.93	17891.09	0.2173,3.009,5.3703,4.3665,0.5049,3.4237,0.1291,0.1411
anc_asym_mig_size	Round_1_Replicate_5	-233469.26	466954.52	2421732.33	10446.5	1.4139,7.8802,1.9008,1.892,0.4599,3.7415,0.1916,1.6447
anc_asym_mig_size	Round_1_Replicate_6	-673529.3	1347074.6	545255793.95	10210.23	4.8309,3.0004,0.771,0.6053,0.2217,0.2393,6.2262,2.7734
anc_asym_mig_size	Round_1_Replicate_7	-270550.18	541116.36	3355059.74	25354.01	0.1904,2.3112,0.4984,0.4607,0.9558,0.4785,0.6754,0.446
anc_asym_mig_size	Round_1_Replicate_8	-104633.93	209283.86	330564.62	14557.36	5.2096,0.4051,1.945,3.672,3.1876,0.7769,0.1264,0.3519
anc_asym_mig_size	Round_1_Replicate_9	-122829.67	245675.34	463717.37	10418.63	3.7655,3.3905,6.1122,0.868,0.1543,0.7999,0.6224,0.2234
anc_asym_mig_size	Round_1_Replicate_10	-122106.55	244229.1	407208.98	11319.15	1.7676,1.3013,1.8738,6.9196,2.5331,2.0877,0.3352,0.4955
anc_asym_mig_size	Round_2_Replicate_1	-71902.28	143820.56	202272.69	22678.0	3.5392,0.7039,0.5638,3.2808,2.3428,1.1217,0.0425,0.1335
anc_asym_mig_size	Round_2_Replicate_2	-136958.7	273933.4	563092.51	20490.47	9.9515,1.0755,0.654,1.0018,0.8586,1.841,0.1673,0.4251
anc_asym_mig_size	Round_2_Replicate_3	-132259.47	264534.94	531917.49	9809.81	16.0532,0.5019,4.1332,4.7048,2.7148,0.3393,0.0381,0.6944
anc_asym_mig_size	Round_2_Replicate_4	-384364.56	768745.12	10273114.48	10487.26	2.0376,0.2664,0.5443,10.2048,1.2735,0.5511,0.2189,1.3369
anc_asym_mig_size	Round_2_Replicate_5	-126247.27	252510.54	443394.18	11540.18	19.6138,0.2097,4.3664,10.706,2.789,1.727,0.1068,0.3846
anc_asym_mig_size	Round_2_Replicate_6	-91711.6	183439.2	2090005.49	18551.83	6.2186,0.5099,4.4786,3.5743,2.5306,0.6364,0.0537,0.0902
anc_asym_mig_size	Round_2_Replicate_7	-66093.01	132202.02	177830.31	23753.15	4.7383,0.3083,0.5577,4.409,3.0931,0.2326,0.0399,0.118
anc_asym_mig_size	Round_2_Replicate_8	-157251.16	314518.32	721687.12	9328.68	4.9861,0.4257,5.4965,2.7114,13.1859,0.6115,0.264,0.8306
anc_asym_mig_size	Round_2_Replicate_9	-193513.42	387042.84	980977.64	15366.23	3.0122,0.4769,0.5805,4.7379,0.8821,1.4346,0.0533,0.6367
anc_asym_mig_size	Round_2_Replicate_10	-256411.46	512838.92	2167836.04	12981.09	2.0196,0.2558,0.5786,8.4658,1.1983,0.5665,0.0825,0.8572
anc_asym_mig_size	Round_2_Replicate_11	-93453.49	186922.98	288407.42	16994.2	13.3747,0.3692,1.8889,1.2549,1.1525,1.1097,0.087,0.2735
anc_asym_mig_size	Round_2_Replicate_12	-116393.61	232803.22	403551.71	12546.43	2.916,0.3294,2.7835,5.6053,9.3197,1.0859,0.1222,0.457
anc_asym_mig_size	Round_2_Replicate_13	-236652.03	473320.06	2712114.26	11665.12	5.4929,0.1824,2.0559,1.5763,0.9712,0.9426,0.1567,1.2106
anc_asym_mig_size	Round_2_Replicate_14	-71208.31	142432.62	202402.18	19980.29	19.5237,0.6507,0.7832,0.9734,1.87,1.6272,0.2102,0.1211
anc_asym_mig_size	Round_2_Replicate_15	-88742.39	177500.78	522657.96	18542.25	2.1644,0.3539,6.8659,2.4564,7.9503,0.9238,0.2192,0.0907
anc_asym_mig_size	Round_2_Replicate_16	-113727.92	227471.84	367942.81	13433.4	10.3172,0.1434,4.9404,7.2703,2.9701,1.5888,0.0634,0.2778
anc_asym_mig_size	Round_2_Replicate_17	-109570.84	219157.68	350580.58	13952.97	5.9695,0.1835,2.3222,5.0732,4.1608,0.2362,0.0513,0.3885
anc_asym_mig_size	Round_2_Replicate_18	-111949.26	223914.52	2731691.03	14487.16	2.3747,1.2443,4.41,13.2583,3.9934,0.4908,0.1153,0.1697
anc_asym_mig_size	Round_2_Replicate_19	-89299.5	178615.0	269201.9	21806.99	7.0542,0.1362,0.8891,5.324,5.0294,2.2567,0.1506,0.1539
anc_asym_mig_size	Round_2_Replicate_20	-93836.2	187688.4	272616.57	17628.95	1.4749,0.4414,1.3945,2.5594,1.2207,0.2434,0.1087,0.2487
anc_asym_mig_size	Round_3_Replicate_1	-60598.57	121213.14	321756.53	22964.61	11.8323,0.2465,1.6055,1.6196,1.4248,0.114,0.0543,0.03
anc_asym_mig_size	Round_3_Replicate_2	-87805.57	175627.14	373854.36	16641.86	7.7092,0.1959,2.1367,3.3033,1.4506,0.2815,0.0171,0.2519
anc_asym_mig_size	Round_3_Replicate_3	-63983.27	127982.54	550059.16	26383.14	2.1112,0.8382,0.3342,9.115,2.0758,0.1111,0.0244,0.0489
anc_asym_mig_size	Round_3_Replicate_4	-114610.06	229236.12	429648.23	19620.52	16.0859,0.2071,1.1432,1.2615,9.9888,0.1964,0.115,0.3807
anc_asym_mig_size	Round_3_Replicate_5	-137460.48	274936.96	380236.61	20821.3	3.3399,0.5829,0.3179,13.8474,9.0414,0.0926,0.0293,0.2394
anc_asym_mig_size	Round_3_Replicate_6	-159290.38	318596.76	533942.61	21775.29	5.4837,0.6152,0.2737,5.0622,8.4432,0.7399,0.0947,0.2698
anc_asym_mig_size	Round_3_Replicate_7	-101300.68	202617.36	278949.6	22189.25	13.818,0.1304,0.5662,3.3516,9.3943,0.0574,0.0367,0.256
anc_asym_mig_size	Round_3_Replicate_8	-78023.72	156063.44	1588445.79	22479.16	2.4834,1.1422,0.7739,15.7297,8.2941,0.1187,0.0267,0.0854
anc_asym_mig_size	Round_3_Replicate_9	-49823.81	99663.62	232310.95	30592.48	8.9472,0.229,0.1656,4.2025,8.7822,0.0949,0.0175,0.0283
anc_asym_mig_size	Round_3_Replicate_10	-66865.38	133746.76	309865.1	22062.28	2.86,0.6014,0.9042,2.0035,10.1216,0.4612,0.03,0.1317
anc_asym_mig_size	Round_3_Replicate_11	-56797.46	113610.92	298196.64	27857.69	1.9968,1.0368,0.213,1.5697,0.8302,0.254,0.0402,0.033
anc_asym_mig_size	Round_3_Replicate_12	-59652.43	119320.86	158318.0	28381.51	1.3889,0.2373,0.27,5.6839,10.0872,0.181,0.0207,0.0646
anc_asym_mig_size	Round_3_Replicate_13	-92347.95	184711.9	210846.03	29162.7	2.6159,0.2883,0.2277,14.9821,11.6671,0.2175,0.1158,0.1194
anc_asym_mig_size	Round_3_Replicate_14	-52040.98	104097.96	266279.65	25083.82	7.3406,0.2675,0.5705,9.1463,1.1492,0.513,0.0519,0.0363
anc_asym_mig_size	Round_3_Replicate_15	-62639.99	125295.98	393292.59	24207.21	6.2259,0.5663,0.5641,3.7031,1.0285,0.2395,0.0347,0.0769
anc_asym_mig_size	Round_3_Replicate_16	-115898.84	231813.68	336140.41	16126.1	4.0933,0.0979,0.9511,7.2799,8.4042,0.0586,0.0115,0.405
anc_asym_mig_size	Round_3_Replicate_17	-81532.91	163081.82	577577.87	18417.3	14.5463,0.2427,2.0212,3.6056,4.3646,0.2467,0.0218,0.1721
anc_asym_mig_size	Round_3_Replicate_18	-135520.3	271056.6	401268.29	26972.32	3.1057,0.3316,0.2148,2.3024,1.1851,0.3316,0.0565,0.1817
anc_asym_mig_size	Round_3_Replicate_19	-92140.52	184297.04	948337.81	16612.08	3.7827,0.7657,2.0525,12.5578,3.8214,0.8172,0.0851,0.1652
anc_asym_mig_size	Round_3_Replicate_20	-66438.24	132892.48	238414.73	25600.36	1.5612,1.0137,0.4094,2.5171,4.2312,0.2888,0.0101,0.0921
anc_asym_mig_size	Round_3_Replicate_21	-128801.26	257618.52	348334.01	21554.77	13.4679,0.6178,0.331,6.1034,2.1503,0.425,0.0344,0.2344
anc_asym_mig_size	Round_3_Replicate_22	-44025.8	88067.6	125313.24	30677.74	10.5225,0.1105,0.2413,1.3814,1.7681,0.8287,0.0161,0.0404
anc_asym_mig_size	Round_3_Replicate_23	-64621.39	129258.78	158996.23	28478.9	9.5915,0.1736,0.4079,6.9576,8.1589,0.1416,0.1142,0.0882
anc_asym_mig_size	Round_3_Replicate_24	-97624.68	195265.36	294173.93	18168.34	4.2987,0.3432,1.2288,1.4376,3.6909,0.9059,0.0273,0.3705
anc_asym_mig_size	Round_3_Replicate_25	-91877.01	183770.02	295139.17	16839.49	1.9387,0.5786,1.2969,3.8647,1.8911,0.0899,0.0107,0.3087
anc_asym_mig_size	Round_3_Replicate_26	-58113.88	116243.76	155197.57	24393.13	2.611,0.1076,0.9932,12.5123,4.6115,0.3872,0.0408,0.071
anc_asym_mig_size	Round_3_Replicate_27	-44211.46	88438.92	226044.37	29395.9	3.813,0.166,0.278,1.5152,0.8902,0.3186,0.0189,0.0311
anc_asym_mig_size	Round_3_Replicate_28	-51955.3	103926.6	166507.88	25251.71	6.2231,0.0914,1.3405,1.6874,3.8063,0.2647,0.0282,0.0368
anc_asym_mig_size	Round_3_Replicate_29	-53096.54	106209.08	194638.1	24771.31	6.3097,0.1636,1.0393,4.3471,3.6282,0.2365,0.0519,0.0242
anc_asym_mig_size	Round_3_Replicate_30	-95561.55	191139.1	286346.29	16076.15	1.2025,0.4947,1.5378,2.6718,11.8868,0.7571,0.0148,0.3709
anc_asym_mig_size	Round_4_Replicate_1	-38470.68	76957.36	115899.0	30765.39	5.3249,0.1083,0.2333,0.9389,1.2022,0.956,0.0227,0.0264
anc_asym_mig_size	Round_4_Replicate_2	-38536.04	77088.08	158359.21	29531.88	12.2399,0.0909,0.2909,2.2441,1.8191,0.6384,0.0201,0.0195
anc_asym_mig_size	Round_4_Replicate_3	-38194.15	76404.3	119323.81	30113.74	15.4152,0.1037,0.2728,0.7543,1.7825,0.9368,0.0237,0.0252
anc_asym_mig_size	Round_4_Replicate_4	-43137.58	86291.16	186583.48	28205.79	5.4772,0.1264,0.4254,1.3311,1.3817,1.2233,0.0225,0.0337
anc_asym_mig_size	Round_4_Replicate_5	-39853.03	79722.06	132976.71	29232.93	16.2917,0.0676,0.4138,0.84,2.4326,1.2436,0.0149,0.0323
anc_asym_mig_size	Round_4_Replicate_6	-41750.93	83517.86	140142.11	28928.84	6.6427,0.1042,0.4064,0.9487,3.6185,0.4922,0.0198,0.04
anc_asym_mig_size	Round_4_Replicate_7	-40130.28	80276.56	153363.56	29375.2	11.2095,0.1864,0.2626,0.6842,2.1245,0.8031,0.0326,0.0255
anc_asym_mig_size	Round_4_Replicate_8	-37505.79	75027.58	139328.5	30896.02	6.3326,0.1305,0.1965,0.9707,3.4778,0.6082,0.0243,0.0207
anc_asym_mig_size	Round_4_Replicate_9	-38192.79	76401.58	130170.42	29892.06	17.9416,0.0652,0.3117,2.0373,0.9874,0.8976,0.0157,0.0239
anc_asym_mig_size	Round_4_Replicate_10	-38014.28	76044.56	119890.54	30495.29	8.0408,0.1714,0.1609,0.7337,0.9903,1.2338,0.0379,0.0171
anc_asym_mig_size	Round_4_Replicate_11	-45190.03	90396.06	179018.53	26813.9	9.5613,0.1893,0.4036,2.4735,1.4098,0.5091,0.0459,0.0227
anc_asym_mig_size	Round_4_Replicate_12	-49760.38	99536.76	104471.28	33423.94	14.3277,0.0733,0.1674,0.7801,2.0035,0.4758,0.011,0.0445
anc_asym_mig_size	Round_4_Replicate_13	-37845.17	75706.34	131044.33	30179.93	7.4737,0.0933,0.2575,2.0083,2.5735,1.2719,0.022,0.0222
anc_asym_mig_size	Round_4_Replicate_14	-35176.85	70369.7	130512.5	31051.74	7.4076,0.0798,0.1751,1.6712,0.9956,0.8483,0.0182,0.0136
anc_asym_mig_size	Round_4_Replicate_15	-38806.33	77628.66	123275.23	29371.47	16.4875,0.066,0.3523,1.676,2.4695,0.662,0.0191,0.0197
anc_asym_mig_size	Round_4_Replicate_16	-47823.67	95663.34	150974.05	27366.13	19.7777,0.1169,0.4776,2.4976,2.2563,0.9544,0.0228,0.0576
anc_asym_mig_size	Round_4_Replicate_17	-58495.9	117007.8	129166.76	31036.81	18.96,0.1945,0.1794,1.3048,1.4961,0.7806,0.0143,0.0523
anc_asym_mig_size	Round_4_Replicate_18	-39362.61	78741.22	120330.38	29944.49	10.1279,0.1107,0.2593,1.9149,0.9814,0.7128,0.0265,0.0258
anc_asym_mig_size	Round_4_Replicate_19	-42912.75	85841.5	104201.29	31205.43	8.2328,0.0642,0.2686,1.3292,3.6338,0.6911,0.0144,0.0443
anc_asym_mig_size	Round_4_Replicate_20	-41114.54	82245.08	160353.66	28514.4	10.6104,0.0948,0.4141,1.7537,1.8615,0.5217,0.0214,0.0262
anc_asym_mig_size	Round_4_Replicate_21	-38767.39	77550.78	104849.27	31606.12	25.0341,0.0859,0.2144,0.9326,1.4653,0.7403,0.0179,0.0295
anc_asym_mig_size	Round_4_Replicate_22	-37581.99	75179.98	102525.77	32452.07	7.8275,0.0726,0.1814,0.8916,3.0058,1.5975,0.0147,0.026
anc_asym_mig_size	Round_4_Replicate_23	-44857.9	89731.8	108806.34	30844.26	6.1755,0.1086,0.2559,1.044,1.1562,0.7283,0.0199,0.046
anc_asym_mig_size	Round_4_Replicate_24	-38766.07	77548.14	120525.6	29697.71	5.5796,0.0943,0.3106,0.8531,0.9811,0.7387,0.023,0.0245
anc_asym_mig_size	Round_4_Replicate_25	-37737.76	75491.52	116170.71	30535.08	5.3364,0.1027,0.2393,1.0447,1.8298,1.108,0.0243,0.0232
anc_asym_mig_size	Round_4_Replicate_26	-40957.72	81931.44	116790.61	30720.14	15.4299,0.1116,0.2606,0.7481,1.3278,0.623,0.018,0.0373
anc_asym_mig_size	Round_4_Replicate_27	-44507.89	89031.78	111686.23	31572.65	7.9678,0.1085,0.1993,1.8605,3.3885,1.2884,0.0187,0.0379
anc_asym_mig_size	Round_4_Replicate_28	-34479.56	68975.12	120385.16	32143.01	7.8118,0.062,0.1577,1.7802,2.3481,0.7077,0.0131,0.0158
anc_asym_mig_size	Round_4_Replicate_29	-34663.63	69343.26	97432.97	32317.8	17.909,0.0567,0.1697,0.9399,1.0284,0.6023,0.0144,0.0177
anc_asym_mig_size	Round_4_Replicate_30	-37960.71	75937.42	117702.87	30310.07	28.895,0.1246,0.2128,1.3507,1.8733,0.5736,0.0304,0.021
anc_asym_mig_size	Round_4_Replicate_31	-52925.19	105866.38	111637.42	32147.11	9.0926,0.0803,0.1898,2.3175,1.5761,1.2667,0.0154,0.0506
anc_asym_mig_size	Round_4_Replicate_32	-36931.76	73879.52	122229.06	30388.51	5.2514,0.1207,0.2084,0.7971,1.6181,0.5388,0.028,0.0175
anc_asym_mig_size	Round_4_Replicate_33	-45159.83	90335.66	103102.01	32284.14	14.0201,0.1259,0.1844,0.9552,3.6739,0.4703,0.0222,0.0393
anc_asym_mig_size	Round_4_Replicate_34	-44028.04	88072.08	196426.51	27454.39	5.915,0.1833,0.3749,2.4533,1.6498,0.9296,0.0397,0.0235
anc_asym_mig_size	Round_4_Replicate_35	-42545.45	85106.9	125203.45	29323.84	6.6262,0.1317,0.3051,2.2198,1.9817,0.8594,0.0295,0.0366
anc_asym_mig_size	Round_4_Replicate_36	-36136.73	72289.46	113934.02	31641.74	6.5126,0.0756,0.2007,0.8384,1.5731,0.5597,0.0154,0.0218
anc_asym_mig_size	Round_4_Replicate_37	-38456.65	76929.3	121359.31	30741.06	11.5726,0.0865,0.2608,0.9505,2.5963,0.4561,0.0168,0.0297
anc_asym_mig_size	Round_4_Replicate_38	-50533.93	101083.86	119818.76	30625.64	10.8055,0.1235,0.2249,1.8738,1.1077,1.5732,0.0171,0.0505
anc_asym_mig_size	Round_4_Replicate_39	-43002.75	86021.5	163173.62	28654.81	5.1677,0.1333,0.4164,0.7264,1.3375,0.9067,0.0178,0.0429
anc_asym_mig_size	Round_4_Replicate_40	-36459.56	72935.12	103840.65	31043.84	15.6516,0.0708,0.2388,0.7742,2.3901,0.655,0.0191,0.0215
