chrom	start	end	nSites	recombRate	CI95LO	CI95HI
b'Chr07'	269000	538000	636	1.1918811599897228e-08	4.700127327338666e-09	2.2745460199757048e-08
b'Chr07'	538000	807000	671	1.9812828057331132e-08	1.0239897209308113e-08	3.348834735209576e-08
b'Chr07'	807000	1076000	346	3.1150161398178045e-08	1.8534175764221105e-08	4.0439947227658524e-08
b'Chr07'	1076000	1345000	328	8.018238113122394e-09	2.4774314995980976e-09	1.6610430759384158e-08
b'Chr07'	1345000	1614000	207	1.9233507905300946e-08	9.129359831514712e-09	3.2732300211466746e-08
b'Chr07'	2690000	2959000	790	6.841732285545128e-09	1.6750667901077006e-09	1.4582747536573342e-08
b'Chr07'	2959000	3228000	257	7.586977345458769e-09	2.35511000609734e-09	1.6003020407912347e-08
b'Chr07'	3228000	3497000	297	1.1832247940978947e-09	0	4.866708090255314e-09
b'Chr07'	4035000	4304000	45	4.633917145770196e-09	7.225285993853539e-10	1.0359514697401459e-08
b'Chr07'	4842000	5111000	46	4.062086744617322e-09	2.7283076895594555e-10	9.057068817021109e-09
b'Chr07'	5111000	5380000	96	2.2678112407870222e-10	0	3.1323228424130505e-09
b'Chr07'	5380000	5649000	218	1.2187678221511871e-09	0	5.177370290197211e-09
b'Chr07'	5649000	5918000	104	4.069520736486475e-09	2.802647608250983e-10	9.064502808890262e-09
b'Chr07'	5918000	6187000	142	9.313522314255253e-09	3.211745852379879e-09	1.9164720482575505e-08
b'Chr07'	6187000	6456000	653	5.415067042474905e-09	1.2176409468880847e-09	1.2494790649836546e-08
b'Chr07'	6456000	6725000	213	7.575339174463251e-09	2.3434718351018218e-09	1.5991382236916833e-08
b'Chr07'	6725000	6994000	174	6.361291959266439e-09	1.4651392315706037e-09	1.3676997955813178e-08
b'Chr07'	6994000	7263000	439	4.690565485860348e-09	6.610241186150333e-10	1.1004985250701609e-08
b'Chr07'	7263000	7532000	318	4.345428441470252e-09	4.3403989508541005e-10	1.0071025993101515e-08
b'Chr07'	9415000	9684000	95	9.26798127676187e-09	3.1662048148864965e-09	1.9119179445082126e-08
b'Chr07'	9684000	9953000	438	2.1799024621811982e-08	1.0918896712082728e-08	3.404046181905878e-08
b'Chr07'	10222000	10491000	600	9.722781613612065e-09	3.6210051517366903e-09	1.9573979781932318e-08
b'Chr07'	10491000	10760000	754	1.0687951513621735e-08	4.1423760986038555e-09	2.109061886337321e-08
b'Chr07'	10760000	11029000	328	4.88598949140172e-09	8.564481241564045e-10	1.120040925624298e-08
b'Chr07'	11029000	11298000	574	2.0743781781701323e-08	9.453512639884245e-09	3.4515651559613434e-08
b'Chr07'	11298000	11567000	140	4.519785798523521e-09	6.083972521386792e-10	1.0245383350154784e-08
b'Chr07'	11567000	11836000	1157	1.9059025944158325e-09	0	6.2827768796437576e-09
b'Chr07'	11836000	12105000	1068	1.543904837749994e-08	7.701927966477791e-09	2.820529279465051e-08
b'Chr07'	12374000	12643000	448	1.5474577534109726e-08	7.164933228128148e-09	2.8738472227803324e-08
b'Chr07'	15333000	15602000	306	5.641089541561133e-09	1.443663445974312e-09	1.2720813148922774e-08
b'Chr07'	15602000	15871000	250	8.344486234604632e-09	2.7370420811498113e-09	1.72902819388118e-08
b'Chr07'	15871000	16140000	552	2.0545959882007366e-09	0	6.431470273428662e-09
b'Chr07'	16409000	16678000	473	6.2944978727594004e-09	1.3983451450635651e-09	1.361020386930614e-08
b'Chr07'	16947000	17216000	105	3.294989493492815e-09	0	8.268536689800303e-09
b'Chr07'	17216000	17485000	40	5.5002995300597285e-09	1.3028734344729079e-09	1.258002313742137e-08
b'Chr07'	17485000	17754000	575	6.0590551530933445e-09	1.4324113738891577e-09	1.2959675272858564e-08
b'Chr07'	19099000	19368000	630	1.3720408348985619e-08	6.0738024671686376e-09	2.616654398221178e-08
b'Chr07'	19368000	19637000	259	3.1298286270360005e-08	1.8682300636403065e-08	4.0588072099840484e-08
b'Chr07'	19637000	19906000	86	1.242832012835076e-08	5.094750820973486e-09	2.4140560639125775e-08
b'Chr07'	19906000	20175000	723	2.2967744202004903e-09	0	6.851874894790779e-09
b'Chr07'	20175000	20444000	884	4.8789530397395153e-08	3.7810377255207484e-08	5.349703136421142e-08
b'Chr07'	20444000	20713000	329	1.6085219813043694e-08	7.616894705230438e-09	3.017522319930157e-08
b'Chr07'	20713000	20982000	83	9.26313655764769e-09	3.1613600957723154e-09	1.9114334725967943e-08
b'Chr07'	20982000	21251000	890	1.53521264233335e-08	7.615006012311352e-09	2.8118370840484072e-08
b'Chr07'	21251000	21520000	437	7.619014512150858e-09	2.3871471727894288e-09	1.603505757460444e-08
b'Chr07'	21520000	21789000	992	2.068219420078306e-08	9.391925058965983e-09	3.445406397869517e-08
b'Chr07'	21789000	22058000	1048	8.290990978320777e-09	2.6835468248659563e-09	1.7236786682527948e-08
b'Chr07'	22058000	22327000	703	1.138637788385304e-09	0	4.822121084542723e-09
b'Chr07'	22327000	22596000	170	9.875236023443036e-09	3.598019365863293e-09	1.9289504366109818e-08
b'Chr07'	22596000	22865000	87	4.796812090876074e-09	7.67270723630759e-10	1.1111231855717335e-08
b'Chr07'	22865000	23134000	555	1.1639832847663942e-08	5.179183187963108e-09	2.22057209232394e-08
b'Chr07'	23134000	23403000	44	5.1327583689821434e-09	1.1032170017368284e-09	1.1447178133823404e-08
b'Chr07'	23403000	23672000	641	1.5286641376880922e-08	7.549520965858775e-09	2.8052885794031495e-08
b'Chr07'	23672000	23941000	1123	1.088762206204528e-08	4.342046647027402e-09	2.1290289411796757e-08
b'Chr07'	23941000	24210000	1079	1.987553149957737e-08	1.030260065155435e-08	3.3551050794341995e-08
b'Chr07'	24210000	24479000	518	7.666256306167958e-09	2.1254496926436614e-09	1.6258448952429723e-08
b'Chr07'	24479000	24748000	188	1.242628783972371e-09	0	5.201231252018395e-09
b'Chr07'	24748000	25017000	432	3.792897638856484e-08	2.4966628748864782e-08	4.503267055479764e-08
b'Chr07'	25017000	25286000	447	5.6423754182692375e-09	1.0157316390650506e-09	1.2542995538034457e-08
b'Chr07'	25286000	25555000	696	8.011422632088035e-09	2.470616018563739e-09	1.6603615278349797e-08
b'Chr07'	25555000	25824000	465	1.6568324468789022e-08	7.342235020811152e-09	2.985722005272955e-08
b'Chr07'	25824000	26093000	780	7.68252625485791e-09	2.4506589154964805e-09	1.6098569317311488e-08
b'Chr07'	26093000	26362000	150	4.311811953961648e-09	4.004234075768061e-10	1.0037409505592911e-08
b'Chr07'	26362000	26631000	116	1.4634612941857542e-08	6.3056728708901365e-09	2.7245659815302814e-08
b'Chr07'	26631000	26900000	229	8.995554739096617e-09	3.5534554345654062e-09	1.812801654809935e-08
b'Chr07'	26900000	27169000	652	1.0893334390878404e-08	4.347758975860525e-09	2.1296001740629877e-08
b'Chr07'	27169000	27438000	885	3.398943581581304e-08	2.126258379911516e-08	4.1928907828976175e-08
b'Chr07'	27438000	27707000	686	8.345863903943503e-09	2.738419750488682e-09	1.729165960815067e-08
b'Chr07'	27707000	27976000	727	1.2335546305477934e-09	0	4.9170379267052125e-09
b'Chr07'	27976000	28245000	476	4.2403385139524636e-08	3.1044359241863166e-08	4.82202957371693e-08
b'Chr07'	28245000	28514000	339	1.655928464420993e-08	8.090959536396673e-09	3.0649288030467806e-08
b'Chr07'	28514000	28783000	1756	1.3788814464076513e-08	6.2799555072370095e-09	2.6036841989606402e-08
b'Chr07'	28783000	29052000	394	1.6954882302321108e-08	7.728792854343238e-09	3.024377788626164e-08
b'Chr07'	29052000	29321000	603	1.0691972681323011e-08	4.146397266305132e-09	2.1094640031074485e-08
b'Chr07'	29321000	29590000	470	7.262770911362156e-09	2.030903572000727e-09	1.5678813973815735e-08
b'Chr07'	30935000	31204000	793	2.8454162663111178e-08	1.5903001175205262e-08	3.928462718832448e-08
b'Chr07'	31204000	31473000	652	1.6698627509812938e-08	8.230302401999681e-09	3.0788630896070814e-08
b'Chr07'	31473000	31742000	293	1.860707725208016e-08	9.200166912509075e-09	3.062650448336029e-08
b'Chr07'	31742000	32011000	458	3.196118906405873e-08	1.795147727339527e-08	4.0866888353188826e-08
b'Chr07'	32549000	32818000	818	2.5669618318888653e-08	1.4004869907255868e-08	3.705630937560262e-08
b'Chr07'	32818000	33087000	601	2.914525639869163e-08	1.689444043701309e-08	3.9237567119158095e-08
b'Chr07'	33087000	33356000	877	5.092405873567523e-08	3.994490559348756e-08	5.56315597024915e-08
b'Chr07'	33356000	33625000	733	5.2739698138487694e-08	4.1760544996300024e-08	5.744719910530396e-08
b'Chr07'	33625000	33894000	1503	3.469902002261562e-08	2.0638573482217445e-08	4.253529840436101e-08
b'Chr07'	33894000	34163000	1464	2.4085153125344325e-08	1.1822226584459648e-08	3.6345348117908135e-08
b'Chr07'	34163000	34432000	578	5.092107802181659e-08	3.994192487962892e-08	5.562857898863286e-08
b'Chr07'	34432000	34701000	1198	1.727912308853225e-08	8.699780452215483e-09	3.022205505915982e-08
b'Chr07'	34701000	34970000	812	5.1111230281585245e-08	4.0132077139397575e-08	5.581873124840151e-08
b'Chr07'	34970000	35239000	1147	1.1720126432433772e-08	4.50144215987521e-09	2.2546775032293595e-08
b'Chr07'	35239000	35508000	929	3.082978700029029e-08	1.8921286370247948e-08	4.068928253140738e-08
b'Chr07'	35508000	35777000	889	9.103460308789775e-09	3.6613610042585638e-09	1.8235922117792508e-08
b'Chr07'	35777000	36046000	547	1.0371056432484128e-08	3.79653927957111e-09	2.028416956285059e-08
b'Chr07'	36046000	36315000	283	1.6324337195414937e-08	7.098247747437067e-09	2.9613232779355464e-08
b'Chr07'	36315000	36584000	418	1.702208096269611e-08	7.795991514718241e-09	3.0310976546636635e-08
b'Chr07'	36584000	36853000	640	2.7677264975053568e-08	1.5981323248822784e-08	3.894594376514198e-08
b'Chr07'	36853000	37122000	429	1.779160697121908e-08	8.482541785849077e-09	3.125680082003525e-08
b'Chr07'	37122000	37391000	770	3.259352211233235e-08	1.9258799497333002e-08	4.141400796515526e-08
b'Chr07'	37391000	37660000	782	1.333752218216939e-08	5.69091630035241e-09	2.5783657815395553e-08
b'Chr07'	37660000	37929000	528	3.0767888469404396e-08	1.8859387839362056e-08	4.062738400052149e-08
b'Chr07'	37929000	38198000	180	1.5248136111952095e-08	7.511015700929948e-09	2.8014380529102668e-08
b'Chr07'	39005000	39274000	944	4.740372249005176e-08	3.6630589437740893e-08	5.204845295695904e-08
b'Chr07'	39274000	39543000	1128	3.315854823189208e-08	1.994011859214235e-08	4.1775873218806887e-08
b'Chr07'	39543000	39812000	51	6.4969000361574325e-09	1.6007473084615972e-09	1.3812606032704172e-08
b'Chr07'	39812000	40081000	323	2.1478436317234828e-08	1.0598308407505575e-08	3.371987351448162e-08
b'Chr07'	40081000	40350000	610	2.0911627817289818e-08	1.0998709597677553e-08	3.4183685758838877e-08
b'Chr07'	40350000	40619000	501	1.1609350294647077e-08	4.3906660220885146e-09	2.2435998894506897e-08
b'Chr07'	40619000	40888000	649	3.561189146685176e-08	2.354702462793948e-08	4.304947694768127e-08
b'Chr07'	40888000	41157000	454	3.3232201857739514e-08	2.0013772217989785e-08	4.184952684465432e-08
b'Chr07'	41157000	41426000	359	9.145940988563603e-09	3.703841684032392e-09	1.8278402797566338e-08
b'Chr07'	41426000	41695000	592	2.5944016115382268e-08	1.4463469113430377e-08	3.7514999309202705e-08
b'Chr07'	41695000	41964000	615	2.0946361872873746e-08	9.656092731056668e-09	3.4718231650785853e-08
b'Chr07'	41964000	42233000	840	2.58871690387389e-08	1.4406622036787008e-08	3.745815223255934e-08
b'Chr07'	42233000	42502000	464	4.858500497533155e-09	8.289591302878399e-10	1.1172920262374416e-08
b'Chr07'	42502000	42771000	323	4.4890602137112415e-09	5.776716673263996e-10	1.0214657765342505e-08
b'Chr07'	42771000	43040000	397	1.7201006441010462e-08	8.621663804693696e-09	3.014393841163803e-08
b'Chr07'	43040000	43309000	344	2.1210045526857213e-08	1.1297127307244948e-08	3.4482103468406275e-08
b'Chr07'	43309000	43578000	653	1.9065106468676693e-08	8.960958394890459e-09	3.2563898774842487e-08
b'Chr07'	43578000	43847000	640	5.092179820566533e-08	3.994264506347766e-08	5.56292991724816e-08
b'Chr07'	43847000	44116000	1036	4.8404942054870566e-08	3.7425788912682897e-08	5.3112443021686834e-08
b'Chr07'	44116000	44385000	814	2.6530493070395457e-08	1.4177481612207224e-08	3.852421854983768e-08
b'Chr07'	44385000	44654000	944	4.320797243478515e-08	3.20514408251278e-08	4.875588469771165e-08
b'Chr07'	44654000	44923000	691	4.013061901451144e-08	2.7220188956156535e-08	4.642944012365226e-08
b'Chr07'	44923000	45192000	644	5.110983227764359e-08	4.013067913545592e-08	5.5817333244459856e-08
b'Chr07'	45192000	45461000	385	4.650705054921708e-09	7.393165085368662e-10	1.0376302606552971e-08
b'Chr07'	45461000	45730000	791	4.453605139200579e-09	5.422165928157374e-10	1.0179202690831843e-08
b'Chr07'	45730000	45999000	579	5.261523342392438e-08	4.163608028173671e-08	5.732273439074065e-08
b'Chr07'	45999000	46268000	1209	3.1397279595989706e-08	1.8117314823694943e-08	4.060389648706731e-08
b'Chr07'	46268000	46537000	740	4.344411309330851e-08	3.228758148365116e-08	4.899202535623501e-08
b'Chr07'	46537000	46806000	918	2.8744809607817954e-08	1.6493993646139413e-08	3.883712032828442e-08
b'Chr07'	46806000	47075000	636	4.8684500479446226e-08	3.7705347337258556e-08	5.3392001446262494e-08
b'Chr07'	47075000	47344000	411	4.9430121221716024e-08	3.8450968079528355e-08	5.413762218853229e-08
b'Chr07'	47344000	47613000	104	4.30476262499523e-09	3.933740786103881e-10	1.0030360176626493e-08
b'Chr07'	47613000	47882000	730	1.5880899330638824e-08	7.571255024657246e-09	2.9144794024332422e-08
b'Chr07'	47882000	48151000	607	2.7048073208912357e-08	1.5051363982886997e-08	3.837532487888042e-08
b'Chr07'	48151000	48420000	476	2.3981151375748855e-08	1.1718224834864177e-08	3.624134636831266e-08
b'Chr07'	48420000	48689000	474	2.1489506178446185e-08	1.0609378268716932e-08	3.3730943375692985e-08
b'Chr07'	48689000	48958000	566	2.0366093903822342e-08	9.559653627865668e-09	3.314571437679144e-08
b'Chr07'	48958000	49227000	472	3.033429034506089e-08	1.8425789715018552e-08	4.0193785876177985e-08
b'Chr07'	49227000	49496000	338	1.9230541595119285e-08	9.12639352133305e-09	3.272933390128508e-08
b'Chr07'	49496000	49765000	757	4.0346166869267035e-08	2.7383428031382023e-08	4.701742117380256e-08
b'Chr07'	49765000	50034000	218	1.3812030138221375e-08	6.165424256404394e-09	2.6258165771447538e-08
b'Chr07'	50303000	50572000	372	1.3415246117674843e-08	5.768640235857862e-09	2.5861381750901006e-08
b'Chr07'	50572000	50841000	399	1.3538238779399201e-08	6.029379822559698e-09	2.578626630492909e-08
b'Chr07'	50841000	51110000	399	2.299851130032514e-08	1.2439169765836686e-08	3.5436995054420983e-08
b'Chr07'	51110000	51379000	211	1.7878437843310532e-08	8.56937265794053e-09	3.1343631692126706e-08
b'Chr07'	51379000	51648000	529	2.2775586571450317e-08	1.2216245036961863e-08	3.521407032554616e-08
b'Chr07'	51648000	51917000	579	3.7948926328449844e-08	2.4986578688749788e-08	4.5052620494682644e-08
b'Chr07'	51917000	52186000	602	3.356534384245271e-08	1.9837065772561637e-08	4.1374425312808464e-08
b'Chr07'	52186000	52455000	590	2.1623826185341843e-08	1.074369827561259e-08	3.386526338258864e-08
b'Chr07'	52455000	52724000	738	4.936941226509322e-08	3.839025912290555e-08	5.4076913231909485e-08
b'Chr07'	52724000	52993000	792	1.9690547194379713e-08	1.0117616346356694e-08	3.336606648914434e-08
b'Chr07'	52993000	53262000	471	2.6165675571257853e-08	1.4685128569305961e-08	3.7736658765078293e-08
b'Chr07'	53262000	53531000	544	9.67484529117076e-09	3.3976286335910163e-09	1.908911363383754e-08
b'Chr07'	53531000	53800000	558	2.002947827837451e-08	9.223038002417836e-09	3.2809098751343606e-08
b'Chr07'	53800000	54069000	247	2.8854097930500685e-08	1.6603281968822144e-08	3.894640865096714e-08
b'Chr07'	54069000	54252628	120	3.8212403200988325e-09	3.198434443745592e-11	8.81622239250262e-09
