71453	24.89
233226	28.59
362440	80.71
465093	39.17
567214	37.79
667755	48.74
771217	39.46
875409	38.09
976654	38.84
1076808	41.49
1177631	38.08
1288432	25.81
1390830	23.51
1491753	35.48
1601115	30.18
1707917	32.47
1813100	30.90
1923876	27.41
2025893	48.18
2132604	26.98
2232912	72.56
2333812	44.16
2439687	35.81
2551825	30.37
2662168	22.44
2792367	25.67
2896266	33.05
3013065	32.22
3158531	16.41
3303865	24.23
3420998	34.95
3539906	29.02
3668875	30.59
3784164	32.11
3890208	42.54
3990535	37.57
4095772	32.54
4216671	30.40
4374712	26.94
4494896	50.67
4595739	49.81
4708196	43.72
4836472	41.62
4944001	32.75
5044745	32.92
5154582	30.46
5261150	75.67
5362718	37.59
5463238	32.98
5563386	34.92
5664720	32.18
5782544	24.09
5897300	48.48
6000595	40.74
6107468	41.93
6216407	29.53
6326900	41.78
6442002	33.87
6543959	35.88
6646257	51.06
6764468	34.36
6879766	44.45
6983954	70.05
7086710	37.20
7190541	37.03
7301215	21.53
7435012	25.59
7546502	55.27
7650700	38.01
7751661	38.08
7853791	48.57
7961449	40.23
8071120	51.13
8196208	30.91
8300347	37.66
8401208	39.53
8507305	35.83
8610703	33.34
8711479	32.58
8816604	34.87
8917146	35.13
9019608	35.20
9122587	34.59
9225921	37.52
9326960	29.38
9435087	28.25
9546746	38.86
9662609	37.68
9768859	34.25
9872091	35.80
9979679	31.51
10086521	28.98
10197575	18.00
10306344	30.45
10431168	24.91
10576430	18.62
10701215	33.11
10814676	18.31
10936804	31.25
11039371	31.37
11140210	30.62
11252645	29.83
11363889	46.92
11465469	38.45
11565682	36.26
11665738	37.85
11766639	37.12
11867152	37.93
11967279	35.35
12068408	33.81
12171275	30.87
12276189	31.74
12378669	30.16
12484873	34.80
12585656	39.41
12687428	69.12
12789461	37.08
12902334	35.16
13014662	40.77
13117424	40.89
13218905	35.98
13320453	32.43
13422757	56.25
13525731	39.13
13626846	37.37
13731464	41.68
13834585	39.11
13935194	38.88
14039385	30.60
14141893	33.56
14246491	34.17
14354187	38.00
14461888	37.93
14564244	32.69
14668506	29.80
14773283	37.53
14873797	33.50
14974159	43.40
15075381	38.08
15176822	37.92
15277469	33.27
15377952	34.79
15477966	33.03
15578082	35.69
15678468	35.40
15779337	38.25
15885666	36.14
15987622	34.70
16088041	38.98
16189102	40.53
16291067	35.35
16392364	36.55
16494993	36.86
16595355	34.75
16704841	35.86
16812362	35.35
16915189	33.11
17015816	37.41
17115843	41.33
17216118	38.09
17316307	37.14
17416364	37.40
17516860	42.05
17617598	39.85
17717961	39.19
17818679	35.26
17918884	36.76
18020400	41.53
18122332	41.05
18222615	33.57
18324011	72.62
18428642	34.50
18530486	35.80
18631575	34.21
18735999	32.95
18844505	31.74
18948859	27.79
19052789	36.89
19157193	32.90
19271322	28.22
19375646	30.84
19478590	34.43
19580681	37.52
19684643	32.58
19789258	38.26
19890237	38.32
19990746	39.63
20092367	32.71
20194413	35.99
20298543	34.43
20400680	34.57
20503976	40.25
20605256	32.55
20705720	34.83
20808049	28.34
20915173	24.45
21020861	31.32
21126308	38.84
21230552	30.70
21332652	39.40
21433381	38.01
21535831	33.38
21643588	35.24
21747062	25.47
21848866	29.99
21952136	29.66
22075460	27.41
22199130	32.72
22300006	32.68
22401562	38.75
22503267	35.82
22607158	30.64
22738466	32.34
22844298	33.15
22945602	33.36
23047532	39.48
23148764	41.57
23250056	35.43
23350236	37.89
23451321	34.84
23556241	35.87
23659629	34.40
23774511	31.87
23879754	36.34
23980100	34.05
24081111	35.93
24182131	34.14
24282678	35.25
24382977	34.99
24483070	34.21
24583133	33.57
24683747	35.79
24785642	37.81
24886442	46.18
24989225	47.08
25089785	44.78
25190823	36.47
25290914	34.63
25391372	35.38
25494295	102.26
25596761	36.26
25696957	37.76
25803967	30.80
25950181	22.82
26075991	31.66
26176749	34.92
26277324	42.15
26378160	34.97
26479010	36.54
26579648	33.16
26680744	33.83
26782144	33.16
26885941	38.89
26991180	36.02
27091492	44.62
27191519	42.10
27291562	41.33
27391635	39.45
27493225	37.63
27597393	29.64
27699902	34.30
27803707	29.93
27917939	22.67
28027541	32.10
28143062	32.88
28247990	48.51
28349494	35.69
28449698	36.54
28550134	39.73
28659154	31.11
28767577	36.18
28878961	28.44
28983934	33.15
29093548	32.64
29216363	57.68
29329682	85.42
29433828	29.75
29538503	39.23
29640569	27.01
29742128	44.72
29844967	33.98
29954610	33.62
30059476	38.30
30161939	37.08
30267247	30.37
30367927	32.10
30493164	26.17
30625085	24.63
30727422	35.27
30832158	31.77
30934270	34.40
31051080	27.41
31157841	35.43
31258224	32.83
31358478	34.33
31465585	29.16
31571709	341.76
31682318	73.82
31800610	51.55
31907301	36.56
32012517	35.76
32113386	35.15
32214180	34.99
32314774	36.28
32422438	30.32
32539345	34.44
32643828	34.60
32744020	35.57
32845005	34.00
32947193	34.71
33048135	32.78
33149867	34.14
33251468	35.54
33351825	34.84
33452666	39.28
33556399	39.99
33656649	32.32
33760181	52.74
33863565	36.08
33964557	30.51
34068157	28.99
34168856	36.41
34270032	34.50
34370454	35.29
34475120	59.54
34580588	38.12
34702590	24.21
34806942	32.13
34913275	33.67
35018925	37.58
35141145	27.87
35244377	40.92
35345457	34.59
35446827	34.41
35546916	34.89
35649686	33.38
35750510	33.40
35850538	34.35
35951114	35.26
36051643	30.14
36175397	36.19
36287643	32.36
36388209	34.08
36489338	37.34
36591415	39.44
36692171	35.81
36792189	37.97
36892973	32.87
36998623	25.75
37126429	14.42
37253867	26.93
37370064	27.77
37475574	34.62
37575736	35.49
37676885	34.43
37777943	32.62
37879623	53.51
37980473	34.33
38081084	38.38
38182580	34.90
38284126	41.24
38384941	36.43
38485007	34.98
38585208	37.35
38691174	36.95
38795010	34.93
38902512	35.92
39004356	34.34
39105894	43.37
39207863	36.56
39309086	40.74
39409779	35.91
39512643	30.78
39617028	52.93
39719124	34.22
39822540	26.97
39938692	31.56
40038982	33.02
40140214	33.32
40244329	32.95
40345767	37.74
40451028	40.07
40556561	38.47
40661903	32.97
40767689	38.22
40869303	41.30
40969951	36.98
41071222	28.54
41179769	30.67
41281818	33.71
41381953	36.30
41482666	43.40
41582803	35.85
41683010	33.10
41783586	31.56
41884212	33.41
41988511	35.09
42094585	34.96
63168234	39.97
100087411	34.27
100189048	40.86
100290431	43.79
100391689	46.04
100492537	33.80
100592944	33.22
100694368	32.76
100797937	30.76
100899791	37.16
101002444	33.24
101104758	42.19
101212048	26.30
101316604	34.96
101420303	33.69
101525410	33.20
101627317	47.48
101734509	39.33
101836778	32.55
101943330	24.91
102068151	18.24
102176656	18.21
102292330	27.68
102404862	33.64
102541729	25.68
102653519	36.85
102756162	37.53
102870707	21.51
102982781	29.93
103084636	33.77
103184833	34.46
103287313	32.57
103390549	35.05
103491413	34.04
103592205	34.48
103696123	43.03
103820215	19.63
103999316	21.38
104107635	36.71
104215458	19.02
104343425	23.92
104455418	33.35
104583228	28.55
104752157	26.81
104867783	34.04
104969679	25.15
105089345	24.89
105194645	34.40
105296914	34.40
105398033	41.42
105498145	36.00
105598266	54.00
105698279	38.69
105798379	37.80
105913701	30.89
106016768	34.84
106118534	33.13
106221132	36.10
106322264	40.83
106423953	32.27
106533139	26.33
106651619	27.24
106795385	22.69
106934758	44.61
107052222	36.69
107157603	46.24
107260999	35.80
107361062	34.70
107464919	31.78
107573562	35.45
107678889	32.20
107782870	58.33
107885137	35.85
107985230	41.26
108085578	32.19
108186787	35.56
108293773	28.94
108405875	28.06
108563305	23.54
108681443	31.74
108802016	18.98
108944482	22.38
109064395	21.03
109194404	29.82
109305596	61.25
109407317	31.38
109522847	28.55
109632653	31.52
109741483	29.39
109843580	44.70
109943998	33.97
110045665	29.81
110148590	37.05
110253175	34.05
110361141	30.20
110488066	26.70
110600535	58.93
110712274	66.27
110845071	63.76
110954451	42.22
111064369	47.69
111166797	26.62
111280285	26.61
111386353	52.59
111491540	36.16
111628228	21.30
111747228	31.92
111856164	27.91
111962678	39.28
112115709	21.76
112247909	26.97
112355750	38.41
112463375	31.80
112566134	56.74
112667396	31.91
112768788	29.97
112870927	41.57
112995904	31.60
113108611	34.60
113219283	31.55
113323142	32.92
113425696	28.47
113535447	26.69
113642931	32.47
113747033	29.82
113857955	38.67
113961108	36.18
114061247	30.67
114161335	32.05
114262592	34.00
114367476	35.21
114469469	39.38
114570883	34.79
114674689	31.51
114780583	35.04
114881974	27.90
115019054	14.96
115162852	24.44
115287873	32.73
115411820	27.41
115544556	18.74
115672800	25.72
115774175	29.91
115875671	33.44
115985219	32.56
116103306	19.81
116222653	44.73
116330528	37.39
116435638	25.83
116545349	40.11
116646914	37.41
116748414	32.52
116848809	28.03
116949334	34.02
117050140	36.44
117152838	34.16
117254343	35.97
117354618	36.54
117454809	36.61
117560394	33.77
117660880	34.61
117765287	30.68
117868771	31.58
117972340	36.00
118077690	35.92
118180243	34.60
118286103	40.01
118388813	41.93
118489299	54.51
118590442	74.16
118696342	72.71
118805925	859.37
118942131	1223.34
119055716	34.67
119158007	34.30
119263218	29.35
119366964	34.11
119468225	31.11
119574268	34.40
119678663	33.79
119782822	38.64
119883512	33.37
119986627	27.98
120090468	40.99
120191523	36.37
120292067	40.27
120393166	40.48
120494257	39.36
120595054	36.92
120696322	40.34
120797189	35.83
120897557	36.16
120997868	33.47
121098177	34.43
121199795	33.32
121301828	30.76
121411778	17.73
121563422	21.55
121674307	31.44
121775919	33.73
121880942	34.15
121985048	30.50
122093118	36.33
122195330	34.03
122298050	32.52
122398351	34.06
122499394	34.06
122600733	29.05
122702172	33.99
122805173	30.48
122922115	33.33
123025004	37.73
123125803	31.88
123235278	25.94
123343373	37.84
123451896	102.08
123583866	31.58
123701863	46.55
123807868	55.88
123908765	55.56
124009877	33.21
124114138	32.03
124219392	71.10
124326459	31.00
124435747	32.05
124539324	33.98
124644967	49.26
124760518	32.89
124867879	22.69
124970927	33.53
125073922	34.63
125187257	53.48
125329276	19.65
125461081	25.62
125573593	27.99
125683718	36.91
125811826	29.90
125940373	25.64
126081328	19.27
126231380	16.74
126383276	17.95
126530450	26.33
126636271	37.40
126764275	26.05
126865336	28.73
126966594	34.29
127076074	29.44
127180028	29.06
127295247	26.73
127408818	26.62
127509742	30.34
127636267	28.14
127757155	54.68
127865757	51.22
127974711	66.21
128080487	37.43
128191775	40.37
128298007	31.94
128401775	28.63
128530645	28.71
128639068	34.36
128741961	20.10
128842744	35.91
128943452	34.17
129044899	35.40
129147518	30.46
129277872	18.21
129421019	17.41
129572109	21.43
129710655	19.82
129837682	32.00
129960983	33.20
130091526	41.50
130214763	26.26
130344238	31.21
130476043	43.06
130580933	39.41
130698759	23.90
130836086	19.77
130980058	63.38
131098403	30.26
131204838	37.36
131305558	32.94
131405673	36.22
131506020	43.25
131607018	40.47
131709232	37.61
131814720	32.79
131969407	33.42
132079546	27.64
132194645	25.80
132307543	29.89
132410648	36.27
132521305	41.29
132630590	32.92
132743273	45.16
132854944	37.95
132955320	31.78
133057029	31.02
133159016	47.24
133261603	47.19
133363089	31.91
133463470	34.20
133563622	44.91
133664828	62.97
133765939	35.50
133865996	34.11
133966100	35.53
134069197	34.41
134172478	33.18
134274600	35.38
134374783	35.82
134475737	33.09
134580918	40.69
134686860	31.99
134803913	45.72
134909874	32.84
135014228	33.97
135115629	32.61
135217103	34.41
135318400	39.91
135420621	33.72
135521591	46.82
135633353	27.99
135794103	31.48
135901380	45.57
136003034	32.38
136103778	37.93
136204352	34.62
136305703	41.89
136408571	30.65
136508895	35.84
136609510	36.11
136710088	38.54
136812044	31.66
136917136	30.74
137018518	31.85
137118749	31.69
137220036	35.17
137320390	35.69
137420982	35.12
137521235	35.57
137621498	34.95
137722966	32.69
137825357	34.80
137933516	26.33
138041458	32.20
138141740	34.49
138243358	35.08
138343934	36.04
138444089	34.10
138546012	34.67
138646205	47.27
138747072	41.77
138847417	37.77
138951843	32.80
139059545	34.86
139160282	43.48
139260613	39.86
139361722	45.66
139463115	47.67
139566421	44.40
139668073	35.63
139770080	32.39
139879657	29.94
139986604	30.68
140094275	29.71
140198247	35.97
140300507	41.03
140405532	41.03
140522110	32.50
140626995	35.80
140728571	32.76
140829074	35.35
140929599	36.60
141031508	38.15
141132165	33.98
141232421	34.29
141332942	36.02
141433027	35.11
141533058	35.25
141633696	34.91
141736962	34.17
141837359	38.40
141938650	34.88
142041202	36.98
142141735	34.84
142242170	34.94
142342983	33.94
142473570	20.71
142618485	28.77
142730005	34.72
142839662	33.12
142941724	30.02
143043365	34.53
143144158	36.80
143244568	35.65
143344646	35.75
143444694	34.91
143545617	33.99
143646542	31.47
143747530	34.35
143849190	31.54
143950730	35.49
144050774	33.46
144155551	33.64
144258238	32.46
144359456	34.74
144461342	37.34
144562734	33.11
144677972	25.38
144788017	35.09
144888183	35.83
145000156	32.41
145127288	22.61
145248410	33.67
145348850	35.69
145451856	37.01
145552821	36.97
145653162	36.36
145753214	35.92
145854077	34.16
145965587	29.46
146089973	31.62
146190688	33.91
146292198	31.14
146392833	34.10
146493020	36.80
146593068	33.98
146693138	35.35
146793864	33.68
146894297	35.59
147014955	43.70
147119805	32.48
147221260	33.51
147322042	136.35
147424282	33.34
147538171	33.21
147644464	32.14
147745947	35.24
147846558	33.49
147948102	35.26
148050617	34.17
148151106	34.53
148251752	34.07
148352379	33.78
148453314	38.57
148554376	33.55
148655594	34.70
148756208	34.23
148856863	44.17
148957720	33.93
149058697	35.64
149159246	31.42
149260712	40.39
149361633	34.49
149461686	34.07
149562264	32.65
149663146	34.27
149766434	31.83
149872968	34.68
149973000	37.34
150073121	32.92
150173368	34.61
150274115	32.45
150374272	36.08
150474431	35.97
150577115	35.31
150680202	36.26
152179261	36.91
200053440	25.37
200155800	35.35
200262828	41.04
200367749	35.59
200469468	31.02
200570940	34.69
200670952	35.32
200775375	31.44
200880846	33.79
200984852	35.25
201084880	35.73
201185501	30.97
201310826	21.07
201432823	36.72
201534715	36.47
201637263	33.69
201737512	27.92
201837566	35.00
201938354	34.11
202043229	29.32
202144086	33.03
202245305	34.69
202346906	34.45
202492811	21.78
202629626	38.62
202735722	36.72
202835805	35.89
202936280	33.19
203040006	33.64
203142660	24.01
203260690	22.90
203399231	38.36
203512175	54.12
203614668	34.04
203744367	19.89
203858645	33.51
203960320	34.69
204062311	46.49
204168105	36.34
204287949	34.11
204391918	32.12
204528044	32.80
204640557	54.84
204757429	20.73
204877733	40.54
204998807	33.98
205110365	38.02
205223583	34.04
205331266	26.65
205444355	33.98
205551823	35.94
205652895	35.21
205754872	35.24
205855662	33.17
205958950	37.55
206063684	34.04
206164052	35.06
206264351	34.80
206365887	19.89
206467976	21.34
206569924	23.06
206673792	33.60
206779436	33.72
206884226	33.44
206984938	34.06
207085832	33.76
207186457	31.86
207287260	34.74
207388616	36.05
207489674	34.60
207592955	29.98
207698880	44.15
207799812	34.33
207902906	34.76
208003153	37.38
208104663	32.40
208210781	24.22
208315198	31.26
208432850	33.92
208534746	36.39
208637980	29.87
208761246	29.00
208862557	34.42
208963066	35.91
209063457	43.29
209177319	28.53
209289797	27.31
209396416	35.32
209496994	30.63
209598091	32.11
209701158	28.00
209829347	27.97
209969780	34.16
210092315	37.81
210231050	29.34
210357057	43.02
210459790	39.98
210570530	29.10
210672086	33.84
210772200	36.28
210872347	40.64
210976435	43.10
211079444	40.16
211180182	50.12
211281294	42.52
211382994	42.33
211483224	35.37
211584146	34.31
211686032	43.02
211786706	33.78
211887052	34.57
211987887	35.56
212096539	33.39
212203950	34.42
212307424	29.29
212417108	34.05
212518160	45.58
212620244	39.66
212724786	25.24
212839794	25.39
212959895	29.27
213073948	33.28
213177538	38.32
213279868	36.87
213384316	35.83
213485989	33.58
213591385	39.27
213706722	38.26
213811636	30.90
213912784	30.41
214013592	28.34
214123967	28.43
214252804	35.50
214361942	47.77
214463513	43.01
214565307	41.45
214674657	26.99
214794432	25.39
214916060	38.29
215043526	25.88
215167997	19.37
215313522	16.23
215439138	46.07
215542843	41.03
215644088	34.78
215745262	35.82
215882286	25.57
215989276	34.50
216105725	31.02
216212569	29.81
216357644	17.93
216524845	19.95
216645379	32.92
216747513	27.10
216848154	36.76
216948604	31.03
217049123	33.03
217153809	36.28
217264041	20.14
217414261	31.50
217516792	33.53
217618169	36.84
217720232	110.11
217824162	51.74
217925237	50.60
218026728	70.58
218127364	33.68
218229580	32.39
218333194	32.47
218438287	27.22
218554049	33.02
218655026	34.76
218758924	28.70
218872215	19.75
219023520	20.49
219150939	41.65
219252769	41.55
219353520	42.07
219453539	40.65
219554033	34.74
219656713	30.64
219807091	11.93
219994800	19.93
220113985	35.26
220214929	33.38
220321169	29.47
220475125	12.13
220662513	13.77
220840511	13.06
221015611	14.46
221146296	33.40
221273754	16.34
221450641	33.09
221578692	20.63
221724411	42.02
221844702	50.05
221952089	30.56
222079937	21.22
222206213	20.58
222338803	14.77
222481619	30.73
222598713	47.97
222714277	31.90
222820710	43.55
222921975	66.25
223061649	17.70
223232592	32.99
223335412	37.18
223436385	35.15
223537777	41.41
223639230	35.67
223739982	45.71
223840943	30.08
223941799	23.77
224041970	29.08
224143013	29.64
224248347	23.21
224349411	19.85
224484585	21.86
224587682	28.21
224722318	15.64
224865545	23.72
224997850	45.35
225105885	32.23
225206979	39.84
225307869	26.98
225410952	28.36
225513825	35.03
225623473	24.54
225730244	21.71
225837571	33.60
225943227	33.45
226052123	42.35
226152616	38.66
226252787	34.70
226353181	35.28
226473843	25.57
226631573	24.11
226762684	32.91
226865620	39.95
226968125	35.92
227070106	30.61
227172245	33.13
227273818	27.09
227408481	23.67
227534616	23.32
227643116	22.54
227748493	28.65
227851603	30.02
227954147	38.42
228054313	33.95
228158409	35.83
228288817	22.72
228396960	36.17
228497567	34.73
228598281	33.25
228699315	39.38
228799664	29.16
228916457	28.08
229018975	34.17
229120822	36.99
229221416	35.72
229323629	35.05
229424445	37.07
229524507	38.02
229624516	37.56
229724924	35.67
229842739	30.65
229965392	34.25
230073036	37.59
230173927	33.71
230283222	37.19
230383412	34.90
230483802	38.49
230585698	34.84
230687370	50.97
230789460	38.38
230889535	39.91
230990360	52.17
231090884	40.38
231190987	39.16
231291282	37.74
231396665	41.91
231499879	30.05
231606373	35.99
231707144	38.53
231807709	40.12
231908565	70.73
232016351	28.86
232123634	68.76
232224093	52.84
232324204	25.32
232424285	25.80
232524319	25.51
232624338	26.75
232725887	30.80
232826780	29.59
232927063	28.85
233027246	24.96
233127363	29.36
233227620	36.41
233330572	31.09
233433751	36.95
233539548	43.08
233640809	33.24
233742036	41.57
233844231	46.21
233959113	22.00
234075003	27.38
234179424	33.54
234293827	21.05
234396955	31.87
234503272	43.63
234609684	27.46
234724271	26.70
234836860	25.99
234957916	33.68
235064791	28.42
235170959	38.73
235275952	38.34
235377872	34.84
235478978	64.17
235579899	41.11
235681413	44.90
235791234	40.91
235894562	31.43
236000673	33.58
236100873	35.89
236202613	41.57
236308043	37.68
236409211	36.39
236510234	37.08
236637572	28.12
236780055	30.65
236905948	29.27
237012382	61.12
237113113	87.49
237221647	30.73
237326837	31.74
237430274	32.93
237547154	25.03
237667801	38.63
237767841	40.17
237870375	41.26
237973156	34.10
238077336	39.30
238179497	37.87
238281646	35.16
238381875	36.94
238485560	34.44
238586567	43.53
238695029	30.58
238801390	33.83
238908967	34.77
239037535	18.12
239167313	32.56
239268650	32.71
239370035	46.75
239470525	56.33
239576167	39.32
239686727	43.97
239793063	39.19
239931188	16.95
240075268	21.17
240204236	19.16
240323357	34.57
240425152	37.04
240526187	34.98
240628967	37.71
240732424	24.61
240842548	23.66
240987831	17.90
241111280	34.61
241219589	31.53
241349451	24.76
241468763	27.73
241604764	35.39
241754583	50.75
241923711	16.25
242089338	35.42
242199114	33.00
242313523	30.01
242416260	28.22
242534069	23.69
242650425	27.56
242789377	19.02
242937361	20.09
243070798	25.29
243230677	19.44
243376653	20.70
243490044	32.56
243608760	25.26
243756928	15.70
243884364	21.26
243991712	37.23
244096236	45.11
244201957	29.18
244302610	35.60
244405734	26.47
244524489	19.49
244658818	15.10
244789412	34.08
244892463	32.61
244998461	36.48
245104525	24.00
245251341	20.12
245368422	30.67
245476637	39.05
245578118	36.85
245678923	36.36
245780705	31.93
245883880	35.15
245984018	35.74
246085191	30.32
246188453	31.81
246291530	40.01
246396983	44.13
246505225	38.09
246606678	41.14
246707914	40.14
246825124	33.67
246943279	32.65
247052739	35.46
247152839	36.42
247254038	36.07
247363418	31.72
247467120	34.90
247568793	38.80
247669971	29.50
247772094	30.34
247874461	27.81
247987055	34.86
248114995	17.60
248307167	15.40
248475655	16.69
248635350	16.22
248801694	12.20
248948411	17.29
249092196	18.33
249272288	14.44
249427000	23.25
249560169	29.52
249670424	32.01
249780248	36.50
249882986	71.82
249991580	31.29
250135436	17.66
250266576	36.52
250366703	34.41
250467494	34.42
250571053	23.45
250671796	32.07
250771964	32.31
250898909	19.65
251070027	19.90
251211513	24.95
251330764	42.20
251433834	59.68
251536986	47.78
251639571	34.53
251741808	33.66
251843956	35.12
251944758	33.45
252045447	35.82
252145697	40.07
252245741	34.48
252346326	33.11
252447645	35.86
252551821	59.26
252656389	32.14
252758549	25.41
252900317	20.34
253051486	18.00
253198621	32.20
253327473	16.67
253479112	22.54
253633532	18.74
253789865	18.88
253922709	20.54
254031389	23.93
254132065	35.28
254239899	43.25
254341330	52.68
254442153	43.38
254546549	34.93
254669551	30.22
254772489	32.20
254878007	46.58
254999194	56.22
255115104	47.47
255216309	32.34
255321027	24.67
255438360	19.17
255575528	22.89
255695265	28.34
255795592	37.66
255895897	38.75
255997054	37.74
256099324	42.19
256200149	49.87
256330105	27.69
256464081	16.62
256590009	21.89
256702050	21.71
256814023	44.25
256917198	29.56
257040622	21.12
257158732	26.06
257265391	22.37
257379621	25.06
257528393	22.48
257659512	30.86
257765555	34.19
257872554	34.98
257974256	35.78
258074908	33.51
258180741	27.55
258316558	26.71
258428274	33.00
258540518	38.41
258644852	31.07
258748606	32.60
258855186	34.61
258959279	39.24
259069507	27.27
259208338	25.64
259321076	33.17
259421660	38.27
259523997	31.09
259629476	29.67
259736295	31.41
259871340	15.87
260076236	14.42
260223325	30.84
260325703	37.35
260430497	35.22
260532861	34.89
260637077	34.82
260739225	26.96
260850611	55.32
260955020	42.08
261062624	35.78
261166629	27.69
261267819	45.81
261370039	34.50
261471698	37.14
261580048	33.25
261686725	37.57
261787152	29.87
261900972	27.19
262011489	33.10
262111676	34.26
262212166	33.64
262314748	31.04
262416540	23.41
262554936	22.12
262699279	12.76
262911300	19.01
263144433	12.41
263346055	21.54
263473847	51.65
263610227	21.69
263745302	25.72
263861630	38.10
263962608	34.73
264064361	31.65
264166135	33.24
264273180	25.88
264398773	34.57
264540118	33.02
264654096	46.26
264757624	41.82
264862855	28.66
264972954	31.94
265076497	33.92
265178787	35.62
265287302	33.75
265394109	50.63
266811370	35.03
300078615	26.77
300239791	23.12
300371613	22.93
300498546	21.09
300634161	21.08
300748999	33.75
300852597	30.77
300960172	33.41
301066460	33.18
301167279	35.44
301267453	62.51
301367662	29.15
301467772	30.44
301569854	30.89
301670771	28.54
301777124	27.19
301900579	24.63
302031114	34.98
302144195	27.78
302261982	33.76
302365264	37.41
302472097	30.04
302592268	29.74
302710952	51.84
302820067	32.73
302938323	27.68
303052083	28.21
303159607	34.89
303265234	30.37
303374836	36.19
303487551	34.34
303641654	23.08
303772828	68.79
303876356	40.89
303990205	27.01
304097908	32.93
304199257	35.10
304300327	34.78
304414438	21.27
304526380	29.75
304648875	35.13
304754665	34.73
304859059	31.76
304981418	29.10
305084886	35.28
305186663	40.29
305289715	40.28
305390890	82.46
305494128	32.08
305637687	29.88
305766837	34.91
305867720	35.61
305968424	33.21
306073132	30.85
306177648	32.04
306286003	32.80
306386294	34.64
306486316	34.81
306587491	31.74
306690188	31.41
306791507	35.54
306892984	36.41
306993673	35.07
307097076	28.27
307199579	26.27
307303933	35.17
307405809	32.17
307506887	36.49
307607501	33.15
307708358	29.53
307808568	22.42
307909925	24.14
308011429	25.06
308115418	34.77
308221367	54.43
308349789	26.08
308456940	43.30
308561890	32.72
308664085	36.84
308764480	34.39
308867991	26.12
308974508	27.67
309080501	63.89
309201571	36.72
309324242	29.26
309446118	31.83
309550321	35.54
309650661	33.47
309750892	35.66
309851065	37.31
309951296	39.91
310051656	38.01
310151678	36.97
310251780	33.97
310355725	36.51
310459855	31.63
310575958	31.92
310684404	31.23
310798530	28.52
310932424	25.68
311073714	61.89
311186107	23.86
311299068	35.81
311403477	26.49
311517912	17.02
311627155	34.05
311728292	35.01
311829277	36.33
311931273	32.87
312037879	36.46
312138782	29.28
312240619	33.64
312344877	31.03
312458443	31.90
312560479	31.20
312662798	41.31
312768116	34.09
312871395	59.23
312972365	32.69
313075191	51.51
313176798	26.09
313284867	35.25
313390103	40.58
313490349	32.15
313590546	41.21
313692738	30.91
313793674	34.88
313904951	26.83
314016536	29.01
314123890	33.26
314254143	32.84
314387997	21.11
314524002	23.25
314640417	24.23
314743281	41.84
314844347	37.25
314949762	26.68
315060839	32.18
315165600	22.06
315279918	29.65
315392334	38.25
315495454	43.82
315595814	38.71
315696010	35.00
315799503	37.68
315899697	38.76
315999728	37.69
316100153	28.51
316211312	26.04
316315319	40.02
316415636	36.90
316521396	20.76
316636508	21.60
316755510	38.24
316874148	24.14
317034708	26.54
317165062	26.29
317275897	37.87
317378385	33.98
317480776	34.72
317583804	37.72
317689008	35.66
317790284	36.12
317892067	29.47
317998764	35.63
318104519	23.63
318211071	34.42
318312564	34.24
318433378	23.12
318550579	27.30
318659615	49.69
318761927	45.63
318863646	36.17
318964582	35.60
319065288	54.69
319165848	37.00
319266275	45.01
319366927	37.54
319467143	36.36
319568221	30.03
319671330	43.27
319775282	36.17
319879949	37.94
319989913	33.97
320092179	37.43
320193548	36.03
320295532	34.90
320412086	39.37
320518053	77.82
320618301	72.18
320718718	23.88
320825130	27.76
320928896	35.36
321029184	38.67
321129882	35.18
321230585	38.31
321331074	36.77
321431336	37.11
321531741	37.23
321632025	34.43
321733480	32.40
321837913	34.83
321941547	26.68
322045747	28.07
322147289	36.86
322248391	35.53
322349394	34.86
322450548	46.45
322554630	42.14
322660826	21.05
322772207	33.14
322874370	38.96
322975125	34.24
323075416	36.12
323175635	44.60
323276208	45.40
323377028	43.09
323478570	49.93
323582915	47.20
323685611	35.08
323787089	40.37
323887822	52.15
323989740	36.56
324090199	34.38
324192022	39.32
324292703	36.06
324396042	34.90
324502560	44.35
324603863	39.19
324704264	34.30
324804535	45.62
324906061	35.82
325015512	20.20
325155087	21.54
325285037	26.58
325412851	27.32
325524702	29.90
325638817	26.66
325746256	33.81
325850028	37.95
325953338	32.71
326056187	30.92
326195148	19.35
326393172	19.81
326570281	22.94
326685192	29.34
326792657	36.72
326893078	37.88
326993347	29.83
327098850	30.15
327209919	33.56
327312590	31.85
327413319	35.63
327513411	35.42
327615651	40.80
327717906	38.49
327818322	31.91
327919501	53.62
328020465	39.46
328121222	34.06
328224957	33.60
328330716	34.00
328432387	27.55
328537901	39.27
328640327	34.72
328741916	112.93
328842713	44.92
328942887	34.62
329043112	34.95
329144242	34.55
329246074	32.16
329347349	38.41
329449950	33.48
329552730	33.78
329665632	75.14
329773486	34.44
329881392	36.06
329985957	33.85
330086969	33.81
330187344	41.91
330288253	35.65
330393748	40.55
330501109	37.75
330603878	36.62
330703933	34.82
330805336	39.88
330910437	31.42
331025214	18.91
331141216	26.33
331244136	36.43
331346519	35.78
331449364	32.43
331558725	36.41
331713611	21.02
331849842	31.62
331956678	33.93
332060223	35.72
332160383	35.48
332260648	32.82
332361877	44.62
332462957	33.98
332565543	33.69
332665767	34.96
332766200	35.84
332868051	34.36
332977388	43.03
333082261	35.31
333182339	35.59
333282523	34.33
333382739	34.85
333483038	35.23
333587295	31.65
333688079	35.83
333788809	33.13
333891021	34.16
333997627	37.76
334100824	34.15
334201810	36.81
334302494	34.31
334402668	35.16
334502944	33.75
334603038	34.82
334703816	38.30
334805043	33.72
334911281	29.97
335075204	18.68
335216427	29.85
335350506	86.32
335505149	25.48
335656337	22.20
335785921	32.58
335928261	28.00
336062496	31.44
336166356	40.99
336266874	34.07
336368038	38.24
336469241	27.42
336570519	40.18
336670858	38.32
336771193	37.26
336871921	36.86
336972169	34.17
337072799	32.35
337174489	32.52
337276317	32.96
337376848	35.17
337477208	34.84
337578354	34.54
337679009	39.78
337779633	36.35
337880727	39.28
337980895	35.66
338084980	33.84
338186021	39.56
338287458	34.68
338389555	81.06
338493327	65.72
367878168	52.03
400101970	49.32
400207878	34.16
400311350	35.83
400412438	30.05
400513135	58.04
400616719	48.74
400718847	35.00
400819148	66.78
400919681	39.53
401021081	31.30
401121925	34.02
401222490	31.05
401323288	42.27
401427387	52.66
401533670	35.72
401641982	31.51
401755974	32.51
401859003	42.27
401962565	26.27
402069823	28.48
402170426	30.99
402273096	41.01
402374451	31.95
402476275	32.89
402577833	41.65
402678308	36.93
402778551	34.18
402878581	34.59
402978830	33.82
403080108	35.69
403183553	62.63
403288279	33.75
403394135	41.83
403494642	36.46
403595341	43.64
403696382	35.31
403818725	22.98
403976007	36.33
404079161	35.17
404181917	33.46
404291533	27.29
404417526	30.98
404522040	34.69
404639589	35.05
404741142	34.69
404852816	32.97
404954030	33.93
405054963	35.60
405157884	40.36
405260117	37.86
405360606	34.31
405460669	38.13
405561029	34.68
405661522	41.62
405763034	32.05
405866313	37.04
405967070	36.85
406068050	30.92
406169980	33.41
406270274	35.68
406370803	49.68
406472043	22.62
406595613	17.05
406730088	31.26
406831484	35.26
406932235	35.65
407032416	36.42
407135561	33.74
407245598	38.34
407349386	42.88
407453251	33.87
407555687	31.78
407660781	31.43
407763386	32.83
407872401	30.53
407976783	75.25
408088564	25.28
408190563	40.81
408292551	30.36
408414877	30.74
408546140	27.86
408647787	33.49
408748450	35.14
408849784	35.77
408951573	35.79
409052919	34.49
409154289	35.50
409256501	33.24
409357008	29.94
409457264	33.88
409560630	45.69
409666891	34.21
409769087	35.85
409869958	40.37
409980451	34.55
410082921	42.36
410184397	44.64
410292270	29.92
410430846	20.90
410559200	32.71
410661336	48.04
410761634	33.78
410867131	17.54
410970545	29.81
411074331	29.33
411177669	34.45
411279838	30.37
411384912	37.22
411493412	35.72
411626331	29.26
411785313	21.81
411940645	22.65
412086646	17.72
412252018	24.18
412383134	33.24
412517312	29.16
412621901	29.41
412725507	36.87
412826331	36.97
412928100	33.16
413042971	28.63
413150365	32.37
413260955	28.31
413403508	21.45
413540983	24.73
413646006	44.84
413747770	75.53
413849124	74.44
413954356	48.79
414063878	44.24
414166807	27.79
414276296	35.05
414382855	38.97
414486117	40.59
414591890	33.55
414696442	43.43
414802674	43.75
414905472	24.64
415008351	34.68
415119395	31.63
415226831	35.76
415331602	35.25
415437694	45.65
415538833	38.14
415656012	35.56
415764850	34.41
415867904	36.99
415977175	35.14
416088330	44.00
416189857	34.84
416293573	40.33
416426165	24.72
416545130	38.18
416657480	41.58
416762401	31.71
416886927	21.16
417012191	30.90
417143606	27.92
417295621	24.08
417440518	60.65
417581685	23.15
417739899	16.99
417894984	23.60
418050579	72.69
418210682	30.87
418351685	22.66
418468138	34.01
418586787	119.91
418698979	107.16
418799655	34.89
418899848	36.08
419001519	34.52
419102309	37.25
419202997	34.19
419308036	34.14
419414151	27.99
419529188	32.56
419659574	19.53
419800680	20.98
419934722	31.72
420067976	57.82
420173477	43.01
420282741	47.73
420384027	56.16
420484349	35.37
420588182	30.97
420694919	31.23
420798569	36.66
420904921	32.70
421038037	34.07
421149511	21.62
421297692	26.37
421402513	37.62
421503818	33.07
421604785	33.46
421706413	34.44
421808631	33.79
421909890	30.16
422011203	28.03
422113871	28.94
422217300	30.37
422320551	42.72
422428790	24.67
422533906	32.02
422647014	21.45
422804217	20.43
422916799	33.69
423019819	20.79
423122266	29.35
423223220	32.21
423323973	27.35
423428098	33.05
423537171	57.11
423654271	33.89
423754961	35.70
423858501	30.59
423966660	49.05
424122698	17.06
424269714	19.82
424398618	21.51
424515190	32.28
424615891	41.17
424719299	34.75
424825132	35.83
424928557	35.71
425029954	34.64
425130461	39.13
425234168	36.04
425348468	23.64
425504615	18.47
425676280	17.47
425880050	10.72
426067371	11.97
426246681	46.96
426374568	37.48
426475779	69.63
426586443	63.24
426743581	13.90
426870602	37.29
426983226	32.83
427092830	32.23
427208748	36.07
427332988	30.13
427441185	32.86
427544401	52.95
427648988	32.04
427749825	38.26
427850152	31.28
427953406	64.54
428061191	43.11
428168170	36.38
428273401	34.89
428399600	21.72
428508888	31.46
428612344	31.70
428718292	28.59
428823525	30.76
428949597	34.93
429058080	29.70
429170663	33.32
429276217	44.84
429386730	35.43
429489330	25.49
429590747	39.55
429691998	33.75
429798991	31.52
429905241	34.26
430010916	34.42
430117143	40.84
430219446	42.56
430322545	33.34
430435974	32.89
430541003	56.91
430642463	42.89
430743552	40.12
430844215	36.80
430945223	38.04
431045758	87.37
431146701	37.34
431250971	36.25
431352312	33.30
431453441	30.17
431554635	37.52
431660058	29.36
431765815	33.69
431887333	23.50
432020533	23.43
432155050	20.17
432316615	19.99
432472175	20.86
432595992	25.81
432709578	22.90
432814052	33.85
432915775	43.07
433016762	35.83
433157229	12.76
433370334	10.02
433577881	12.66
433766766	17.48
433910046	23.75
434046659	25.90
434195358	30.62
434316966	34.94
434445950	26.41
434574743	24.34
434729083	25.13
434867367	36.79
434990456	22.45
435149304	22.16
435265620	29.18
435377433	37.26
435491083	43.25
435600814	34.45
435703792	39.30
435805214	41.04
435906049	51.63
436006274	57.78
436121659	68.60
436246658	62.37
436363860	26.47
436465362	43.82
436567742	40.76
436673623	31.50
436786400	32.59
436891702	37.58
436994858	37.39
437098960	34.51
437204405	36.78
437305487	46.28
437411833	28.26
437518991	38.31
437624232	33.31
437727304	32.69
437832461	40.34
437938094	36.34
438040199	79.13
438141314	40.64
438242917	35.56
438344280	37.53
438445726	33.23
438576238	37.41
438685832	32.65
438812398	30.14
438934837	36.44
439054077	252.52
439185448	52.56
439286061	35.54
439392784	32.10
439544418	55.36
439661521	33.83
439773966	37.00
439882244	32.06
439990461	35.46
440091358	35.02
440194158	36.40
440297297	44.86
440402022	38.61
440514693	39.45
440618534	47.13
440723164	36.18
440824017	31.18
440924053	42.65
441024369	51.38
441124860	42.13
441228100	34.35
441332464	42.91
441454723	20.11
441596708	17.26
441711346	35.51
441818696	32.56
441922498	31.94
442050281	37.82
442153446	40.19
442259759	24.69
442392985	67.52
442564728	37.38
442730722	15.77
442892288	113.84
443006627	36.45
443106639	38.64
443212499	44.84
443347085	44.83
443457048	45.48
443567213	23.08
443672197	45.69
443777900	36.48
443882185	32.70
443985112	32.92
444087381	36.75
444240198	19.94
444365634	34.65
444466357	34.73
444567269	35.07
444670469	37.39
444779510	42.98
444883631	68.67
444985630	60.17
445091719	40.70
445206637	36.12
445323398	17.16
445467376	31.59
445587194	35.70
445711856	33.73
445820650	33.01
445924003	35.92
446039502	33.26
446161601	18.73
446307924	25.09
446417473	31.87
446534710	59.95
446641579	34.71
446742135	33.50
446843749	36.67
446977029	22.09
447116115	42.95
447220919	44.97
447321871	86.76
447423448	29.65
447531747	22.03
447649300	38.28
447750673	45.37
447853492	32.57
447959137	32.17
448116301	18.84
448272194	36.05
448373257	23.17
448474803	23.61
448593956	23.47
448710532	27.75
448814691	38.80
448920321	41.65
449027409	35.62
449150160	31.22
449270590	25.07
449411009	18.23
449551415	26.24
449684707	28.71
449812395	32.42
449930692	27.41
450053117	28.33
450197951	79.74
450333699	25.38
450446023	32.42
450575061	21.00
450711827	15.23
450862650	14.67
451004363	21.71
451132702	34.50
451241919	31.49
451347677	28.73
451459855	22.54
451564684	35.77
451667765	32.16
451773686	51.20
451874261	49.25
451975121	42.24
452075477	146.74
452176108	62.59
452278043	30.60
452389635	30.10
452496989	46.18
452606807	35.66
452718975	22.64
452847309	21.86
452968003	40.05
453088966	18.69
453226105	32.60
453345844	21.01
453509656	20.98
453683274	20.30
453811884	55.49
453916313	29.66
454047984	40.20
454165016	21.06
454302688	25.47
454408074	32.60
454523864	25.39
454635552	57.37
454749139	21.32
454876526	18.36
454998075	25.96
455130471	28.95
455242189	31.76
455363574	21.44
455475004	20.73
455576168	39.90
455680353	30.70
455789904	30.77
455892233	21.29
456004338	24.10
456114400	50.03
456219431	34.60
456328698	26.32
456439773	37.44
456541275	34.25
456645232	39.08
456746556	33.46
456853889	28.67
456979377	25.20
457081977	32.58
457183607	31.35
457286330	37.32
457392183	32.75
457496045	34.85
457603861	48.47
457708827	34.11
457829210	23.73
457974283	41.04
458079473	33.72
458195065	32.26
458302276	28.79
458413902	39.62
458518403	37.66
458619996	45.51
458724638	30.62
458830500	37.11
458934647	32.62
459041908	24.28
459160775	29.49
459263397	35.46
459366454	40.30
459468110	37.05
459570793	38.24
459677221	31.83
459780558	34.57
459882581	33.40
459984320	29.96
460111428	22.96
460253683	17.52
460432882	21.55
460589946	21.54
460710298	32.88
460821225	46.55
460933146	30.34
461039309	45.08
461149177	35.01
461295280	19.09
461437421	20.27
461605095	24.43
461717381	40.62
461817856	35.82
461922973	39.70
462023662	32.27
462124523	33.82
462230207	40.42
462333164	44.93
462437017	37.20
462543284	36.46
462648938	33.10
462749561	37.45
468278146	25.85
500070732	37.73
500179599	33.35
500280291	35.04
500380772	38.93
500481144	35.41
500585850	41.83
500689013	42.80
500792359	38.40
500903061	30.23
501007280	47.92
501111460	41.45
501213456	41.64
501313721	33.57
501413793	35.15
501515163	36.72
501619424	41.01
501731738	29.40
501854528	27.44
501955412	31.49
502058734	34.25
502169218	27.62
502271171	39.65
502374293	35.87
502477646	35.71
502578741	37.76
502681252	33.12
502783421	33.71
502883828	33.95
502985333	30.35
503102740	35.05
503205340	32.52
503305776	36.59
503406146	33.96
503506585	33.74
503607025	35.74
503707716	38.58
503808137	34.13
503910503	35.28
504011592	32.58
504112401	34.50
504213779	32.47
504315765	34.42
504419894	34.01
504524373	36.11
504626863	206.04
504727989	53.02
504834068	24.85
504969503	26.22
505078633	36.47
505183697	32.92
505292592	27.20
505401374	27.56
505503003	31.11
505603440	33.13
505704327	40.06
505804583	35.68
505906097	63.67
506008371	37.42
506108965	35.79
506216008	32.63
506318964	37.31
506430435	29.68
506537194	29.22
506667316	23.41
506812781	39.74
506929231	27.87
507036870	36.48
507141510	30.73
507245419	35.06
507346658	32.11
507452669	21.82
507565957	47.12
507671556	37.41
507771907	27.17
507873348	22.10
507991194	21.69
508109951	38.46
508213238	31.03
508318595	20.15
508459467	23.46
508572984	34.29
508673915	34.11
508779738	37.60
508897821	39.57
509010056	25.89
509160893	27.49
509285284	43.51
509404743	24.66
509538083	24.44
509675803	28.21
509814968	43.47
509915753	32.25
510021515	25.72
510124279	36.66
510228128	37.89
510349990	21.26
510464247	33.50
510602176	34.05
510721362	43.50
510834116	33.53
510936409	35.34
511037590	33.94
511138135	32.85
511238362	30.83
511341728	31.44
511471766	29.05
511590914	34.13
511693024	39.70
511797342	30.83
511898399	34.35
511998735	35.22
512099772	32.08
512200007	37.60
512300480	34.48
512401391	35.63
512502953	33.58
512611066	24.71
512739717	24.39
512868675	26.46
512978414	26.56
513084794	33.83
513186000	46.11
513292984	43.94
513406598	23.74
513511336	39.24
513625348	26.30
513731689	27.23
513834840	25.56
513941481	33.11
514045325	36.51
514146685	36.22
514247909	33.80
514348651	28.93
514449104	36.58
514550268	35.72
514656988	41.79
514760134	40.10
514861347	41.62
514961840	34.58
515062534	37.01
515172712	20.57
515282279	33.72
515382953	38.42
515483290	39.12
515583471	40.03
515686650	34.18
515789278	33.99
515890929	29.66
515991077	37.48
516092660	34.30
516194659	28.87
516296187	34.52
516397073	30.75
516497414	34.62
516598348	33.72
516699246	33.21
516801055	37.88
516901258	36.04
517001265	33.91
517101978	35.43
517202906	34.09
517303484	39.70
517404839	39.09
517508340	45.64
517617431	35.52
517721293	27.67
517821876	38.17
517923449	40.28
518056753	28.31
518161201	36.96
518263883	31.77
518365866	35.42
518470699	42.80
518587730	47.67
518689671	32.43
518793895	37.13
518898454	30.12
519000461	55.93
519106157	105.31
519207969	38.12
519308028	31.28
519408028	39.92
519509915	31.14
519612428	36.34
519713192	39.88
519814365	28.06
519914987	30.44
520015115	31.26
520117011	34.80
520223888	35.29
520325029	31.16
520427336	51.35
520527676	53.66
520627840	26.62
520727898	27.82
520828092	53.68
520928364	37.81
521029607	34.67
521132664	33.87
521232960	34.94
521333027	34.48
521433805	38.29
521535899	33.78
521636361	35.52
521744261	34.26
521853684	33.95
521954947	35.02
522055843	34.49
522157401	34.80
522257663	35.46
522366761	39.24
522481423	38.92
522582182	37.89
522682386	37.32
522782500	35.11
522883027	56.50
522994464	488.58
523099552	43.01
523199621	37.40
523299726	40.36
523400718	34.88
523502702	35.65
523603903	37.35
523703904	38.95
523804414	39.21
523905106	40.74
524005106	37.85
524105391	36.27
524205710	41.11
524305837	39.42
524406664	39.24
524507329	35.09
524607739	38.34
524708235	36.78
524808821	36.75
524911196	32.64
525011328	38.30
525111515	35.88
525214228	39.59
525316471	42.11
525416595	37.54
525517028	41.88
525618771	40.15
525719026	42.79
525821454	39.84
525922649	34.14
526022882	38.99
526123082	34.77
526223138	38.82
526323160	38.18
526426719	32.05
526551940	34.04
526669295	32.51
526770230	35.67
526870512	41.01
526970752	35.93
527071068	37.72
527171651	34.95
527282621	21.87
527413809	35.48
527516716	36.50
527618577	34.93
527720657	32.43
527824122	33.75
527925944	39.68
528026842	35.55
528128244	33.71
528255187	18.16
528376795	36.86
528478160	35.45
528579502	34.58
528680505	33.80
528807170	33.03
528916245	33.89
529017035	29.18
529117949	34.48
529218224	34.93
529318535	35.07
529419950	34.50
529522488	35.27
529622569	37.80
529723256	53.41
529826870	40.09
529929049	34.80
530030257	37.08
530130912	34.77
530231929	33.06
530332775	31.22
530434556	33.81
530534725	34.27
530642785	23.89
530776598	21.75
530940167	23.72
531090531	20.40
531234875	68.41
531368198	31.42
531503581	24.95
531635171	28.14
531795237	26.77
531930067	34.92
532032591	31.39
532136922	34.28
532238391	36.40
532339373	34.24
532440494	35.51
532540720	31.46
532641428	35.99
532761109	28.07
532884009	35.60
532984629	36.18
533084745	34.91
533189272	32.93
533293980	31.74
533394764	35.03
533497251	32.62
533599763	35.94
533701447	36.08
533801793	34.34
533901986	34.00
534003762	39.43
534103999	35.36
534204522	35.96
534304540	33.71
534404620	35.14
534504708	34.85
534604820	33.83
534705069	33.29
534808803	34.12
534909711	34.72
535009876	42.69
535110042	33.25
535222104	20.37
535338152	34.41
535445482	47.11
535550653	31.93
535652256	30.51
535758429	28.07
535859234	31.26
535959351	33.04
536059411	34.50
536159770	35.15
536262179	41.62
536363988	34.62
536466793	34.81
536568199	33.95
536669201	34.38
536769312	35.03
536869912	35.76
536970284	35.48
537073321	35.52
537178489	37.40
537282147	31.90
537387081	33.12
537488335	36.07
537590594	39.77
537693471	35.27
537794158	35.60
537894576	35.54
537994584	34.88
538094586	34.63
538194928	34.62
538295122	34.69
538395396	34.94
538496372	35.06
538600077	31.67
538700148	37.96
538800162	30.59
538900818	33.13
539004012	34.60
539104208	33.34
539204929	35.29
539305183	34.59
539405509	33.13
539507861	32.51
539609770	33.83
539711281	34.81
539813048	35.05
539913231	33.98
540013485	36.39
540113894	34.93
540213992	35.70
540317011	36.07
540421498	25.97
540526731	26.41
540627042	36.82
540727081	48.47
540832454	29.89
540950106	29.76
541052921	34.57
541153144	33.71
541257465	33.63
541359150	36.41
541459338	34.84
541559489	32.80
541659718	37.80
541760887	35.58
541861801	42.26
541961974	36.92
542064431	32.05
542170696	37.72
542274371	35.44
542377383	34.31
542477933	41.97
542578329	35.42
542678697	34.75
542779474	35.21
542880182	34.64
542980300	33.86
543081774	32.30
543183341	33.81
543283420	34.58
543384107	35.57
543484840	34.94
543585092	37.98
543691331	32.18
543792937	33.72
543894685	31.28
543995568	33.68
544096192	31.15
544202095	35.54
544337805	35.10
544477526	34.54
544579940	34.80
544681169	33.76
544781734	36.73
544881834	37.14
544993434	33.95
545098368	36.79
545203139	35.67
545312526	26.33
545456668	124.74
545558524	34.69
545659337	35.36
545759543	37.91
545860662	31.17
545961329	36.58
546062556	36.19
546162896	35.33
546263249	34.23
546368382	38.82
546486833	33.69
546588175	33.44
546689372	39.95
546790025	42.68
546890263	35.82
546991985	34.57
547094501	35.60
547197772	36.97
547307548	36.43
547409361	35.47
547510678	37.42
547613961	31.70
547715911	33.78
547816932	31.34
547918515	42.53
548022916	33.56
548131339	18.01
548263899	28.77
548370195	34.06
548482968	24.04
548615954	17.31
548736392	34.05
548839831	37.87
548945385	33.95
549064415	28.37
549208746	26.80
549339243	28.09
549453742	46.58
549566904	41.96
549675419	24.49
549824367	18.06
549968145	32.31
550071537	44.45
550172515	37.17
550320145	26.01
550435444	71.14
550536294	35.17
550638463	34.78
550738655	35.35
550839494	29.97
550960053	23.88
551072235	32.36
551173020	37.90
551274640	36.61
551374668	35.61
551474780	42.14
551581009	39.25
551681737	38.31
551781805	38.01
551881880	33.96
551981913	36.06
552082039	34.99
596285434	22.98
600166735	22.82
600282739	39.23
600384658	26.99
600485209	33.23
600593391	35.54
600695200	34.29
600795920	31.56
600905054	23.93
601008564	25.21
601152907	17.97
601268825	31.43
601387694	34.13
601503737	33.06
601621576	34.35
601737167	25.21
601888087	49.73
602015146	30.20
602118220	34.57
602218422	35.76
602321304	36.38
602426747	24.91
602528681	38.94
602629961	49.45
602733439	53.29
602835720	38.47
602938528	38.21
603043520	37.99
603151649	35.27
603267795	42.25
603369898	86.63
603470547	105.57
603580993	166.03
603689694	75.25
603792974	38.65
603894508	39.73
603994871	37.25
604101141	44.91
604216407	63.51
604324592	142.63
604427743	81.89
604532879	88.47
604634614	100.48
604768543	20.89
604928480	14.20
605074459	24.86
605239344	27.55
605405072	32.34
605519407	54.26
605626145	24.97
605737956	37.56
605846720	34.35
605948678	30.18
606051767	28.79
606167847	20.99
606275279	35.64
606375657	34.54
606477747	72.51
606579673	106.33
606682203	44.05
606786573	35.52
606890341	63.74
606996780	22.34
607101522	32.03
607221835	22.37
607344765	27.72
607450611	32.47
607559247	21.63
607668547	42.48
607776882	42.27
607913248	18.30
608057781	17.21
608223241	17.21
608391831	15.26
608541526	18.12
608720984	18.27
608873115	19.84
609023960	33.66
609179630	14.44
609330777	22.12
609482018	21.27
609609468	31.17
609715029	33.69
609815836	33.18
609916265	36.84
610017710	33.71
610126085	22.98
610246190	30.48
610367336	37.77
610470564	32.29
610591227	28.83
610705328	37.08
610825224	27.87
610967882	25.18
611081557	55.39
611192589	25.49
611299154	34.69
611401762	26.58
611554203	21.03
611673486	32.70
611795052	37.25
611897266	36.89
612001113	38.04
612121652	37.10
612265307	24.42
612387960	38.90
612491770	28.56
612636685	19.01
612749163	22.34
612871270	26.99
612994262	39.68
613114607	32.92
613263004	28.63
613378061	29.34
613496105	25.43
613603861	23.78
613705682	31.25
613823803	17.78
613977130	27.05
614109431	29.67
614222678	47.80
614334665	26.16
614499976	14.94
614665053	22.14
614797823	39.42
614914889	41.50
615027163	23.45
615155015	32.16
615283208	47.52
615390213	60.64
615490540	74.39
615592623	93.07
615693024	58.48
615795220	57.30
615904542	43.65
616012710	31.52
616120282	37.56
616244698	22.37
616380746	22.93
616486356	33.08
616596002	21.34
616707038	27.33
616831522	18.43
616994905	18.86
617115216	27.31
617221077	27.70
617324954	40.98
617431777	43.09
617538955	42.97
617647912	29.36
617754223	33.60
617880268	22.69
617991146	19.34
618118753	17.51
618255755	25.24
618388901	20.90
618532876	19.11
618681351	15.25
618826233	24.69
618944251	26.44
619082876	22.20
619197703	34.79
619298707	30.56
619405675	40.18
619508668	34.41
619653540	16.71
619787441	34.38
619889477	47.77
619992622	35.71
620106036	21.14
620229778	33.65
620337366	29.29
620445675	29.95
620547154	31.69
620650466	37.85
620751853	42.44
620852840	34.22
620954005	35.55
621057205	32.99
621163926	32.93
621268140	30.67
621373240	47.18
621480762	37.33
621587374	35.65
621689651	34.08
621790332	43.83
621892044	40.69
622001711	66.63
622120199	26.50
622223619	40.61
622329888	29.06
622434176	26.70
622536121	40.91
622662728	21.58
622786363	55.95
622887676	45.22
622989278	35.19
623093257	29.24
623198212	41.16
623333145	39.98
623442687	34.44
623545452	47.73
623646944	51.06
623748611	29.78
623851113	29.68
623951569	34.53
624052570	42.68
624156567	25.15
624268535	27.56
624388143	31.03
624492231	40.11
624595372	286.06
624708698	24.70
624831664	26.24
624934056	31.18
625039346	34.91
625144187	22.58
625247692	29.79
625353917	32.24
625458433	34.24
625560619	35.37
625666222	30.01
625780525	27.05
625941439	32.68
626045160	34.50
626148264	47.06
626255613	38.42
626373616	33.01
626491117	34.45
626604106	67.56
626721741	28.73
626846376	31.84
626954894	32.63
627057692	36.06
627160844	41.05
627261343	33.81
627361593	34.68
627462156	33.97
627562770	39.29
627662935	39.56
627763213	37.52
627863382	48.05
627963532	45.06
628065054	42.32
628165841	38.03
628265927	38.77
628366801	34.08
628468502	36.86
628570274	41.15
628674456	39.53
628777377	31.04
628898571	39.29
629001315	24.91
629125947	21.99
629241838	31.70
629346901	29.67
629455475	31.39
629560984	32.73
629661581	30.15
629762627	32.99
629864787	25.97
629970722	50.58
630072705	66.43
630173885	72.16
630276529	86.48
630382034	57.40
630482422	37.16
630583110	46.55
630685393	33.32
630788337	37.93
630893499	43.22
630996447	47.31
631099603	32.97
631201676	32.54
631302061	34.05
631407084	35.85
631510507	32.30
631611393	33.12
631715434	39.36
631816781	38.70
631918073	28.93
632034309	23.18
632159687	25.94
632323129	22.86
632498017	15.88
632635214	49.17
632738855	34.11
632839756	35.85
632940575	38.05
633042169	33.39
633142776	40.00
633247796	33.22
633348473	35.56
633449031	49.49
633549174	35.27
633651693	36.20
633752258	39.23
633852508	39.38
633953456	36.34
634054251	35.80
634154385	33.43
634254894	34.63
634357061	31.70
634459360	35.50
634560518	34.81
634661362	35.44
634761865	35.08
634862630	35.32
634964678	32.59
635066659	36.05
635176345	32.01
635288587	32.52
635396043	32.49
635512045	42.11
635618388	34.62
635724755	40.74
635826353	35.23
635966996	31.87
636073018	33.41
636173610	29.82
636277126	36.77
636379970	33.97
636485012	37.57
636637127	26.44
636777768	28.08
636895600	33.78
637004471	35.07
637104652	34.75
637206454	33.43
637309263	34.25
637409713	34.62
637509890	34.13
637612926	35.15
637713282	33.65
637814434	32.84
637920435	42.07
638058081	28.77
638172378	27.20
638288289	20.86
638442199	12.96
638604294	28.99
638740422	23.62
638863534	23.74
639011029	19.36
639127194	34.13
639227373	36.74
639327862	38.97
639428581	39.41
639529552	46.21
639631977	38.15
639737917	48.22
639849291	39.29
639978431	25.12
640089140	34.86
640204225	29.30
640321749	21.94
640457900	31.08
640568139	35.03
640668600	34.64
640769994	35.01
640872354	35.31
640981245	25.14
641083035	34.09
641183172	38.16
641286912	26.40
641413503	22.04
641525385	36.37
641635960	29.08
641763053	28.42
641876741	31.39
641978254	33.11
642079598	34.71
642182029	34.81
642303179	31.36
642422996	37.24
642523396	32.93
642627762	27.77
642743976	37.57
642867089	32.45
642974226	37.37
643074455	44.47
643176364	48.43
643277213	114.69
643377960	31.72
643478480	36.47
643579233	32.07
643680892	37.67
643783114	39.04
643884174	39.34
643985043	42.30
644087071	37.61
644188261	38.49
644289766	42.54
644391750	35.06
644491957	42.29
644592807	39.92
644695794	35.16
644796079	36.40
644896264	36.15
644996960	34.24
645098959	36.29
645200318	40.73
645302768	28.27
645415806	32.65
645520151	37.82
645623027	78.53
645730249	34.47
645831185	30.12
645934574	31.10
646034776	36.51
646135189	36.93
646235881	35.57
646337049	34.80
646437186	34.67
646537906	35.41
646639081	36.00
646739475	32.46
646839881	33.55
646941088	31.59
647043561	35.76
647144929	35.65
647245276	34.08
647360690	24.98
647501800	25.77
647607771	34.35
647708377	35.12
647808865	36.98
647909247	38.04
648017053	32.55
648123349	32.81
648231719	30.37
648332062	35.05
648432357	35.36
648532577	35.13
648632996	28.05
648735509	32.90
648836220	34.43
648936639	43.26
649065399	45.36
649207499	26.63
649312803	35.88
649413993	34.71
649529847	30.78
649639428	35.92
649739489	35.01
649840079	33.78
649943189	40.21
650065165	25.54
650178633	21.46
650284715	36.91
650396699	28.72
650501147	32.43
650603950	27.72
650712354	39.65
650820657	28.46
650945418	28.94
651046394	38.95
651148253	34.48
651282788	31.15
651392863	36.40
651493920	34.55
651594046	34.35
651694783	36.80
651797234	35.25
651897496	35.04
651997687	46.90
652103851	35.70
652210511	37.39
652310542	34.68
652411087	34.79
652511313	35.64
652611732	34.57
652712102	35.35
652812204	34.95
652912894	44.22
653015071	31.42
653119924	29.85
653221576	29.95
653328911	36.31
653440278	33.77
653542236	34.39
653642267	34.53
653742290	32.27
653842348	31.47
653943524	29.07
654046019	43.60
659364760	25.80
700080679	29.02
700186139	26.14
700288826	29.51
700393055	38.23
700497178	26.80
700600128	29.40
700705346	30.12
700809937	28.32
700913932	19.69
701020193	31.17
701123845	39.35
701229691	33.90
701342417	34.13
701465565	42.99
701591511	19.66
701712907	26.96
701821924	35.75
701922831	49.83
702023855	52.18
702128486	41.03
702231372	56.05
702331601	39.71
702432246	38.38
702532539	30.28
702632640	35.10
702734278	32.27
702835284	34.75
702935526	34.58
703039598	20.37
703147250	34.70
703250496	32.80
703357339	34.84
703459895	45.01
703560158	41.56
703662010	32.23
703769302	25.21
703871420	31.61
703971750	35.54
704075622	33.05
704180767	33.74
704285292	38.47
704390082	33.83
704490859	35.31
704591574	38.14
704692107	34.46
704792516	36.87
704894413	30.03
704996220	35.03
705098445	33.05
705199433	74.30
705299618	43.21
705400035	33.55
705500455	36.40
705601507	33.86
705702611	34.20
705803773	39.50
705904695	36.58
706006283	31.73
706111014	38.08
706211918	38.59
706322082	35.45
706424782	27.70
706525245	36.04
706625796	43.76
706730095	50.39
706835806	44.71
706941324	34.67
707066108	30.17
707180391	41.53
707287298	32.27
707415927	27.56
707527350	35.93
707639644	30.96
707760640	41.42
707864922	34.03
707966165	27.02
708069044	27.32
708170176	34.77
708271238	35.69
708374070	35.56
708475546	36.03
708577502	35.64
708682623	37.19
708783778	34.93
708884499	37.55
708984927	34.69
709086379	34.55
709188147	35.09
709288861	34.74
709396003	37.88
709508450	36.59
709609207	33.29
709709578	34.57
709809746	37.40
709913276	28.99
710028625	68.75
710132163	34.58
710232307	36.24
710333094	41.15
710433287	34.13
710533507	34.28
710634110	33.36
710736512	38.69
710837161	32.39
710939524	32.29
711041183	31.54
711142499	43.02
711247308	37.15
711348196	34.90
711449171	36.77
711549784	35.58
711651267	34.23
711751349	39.24
711859602	24.30
711968895	30.89
712072146	31.34
712175196	35.25
712282096	32.27
712384474	35.64
712484666	32.08
712585155	33.72
712685571	35.03
712786893	29.76
712893447	24.58
712995389	35.44
713098329	32.85
713201280	33.79
713301638	34.52
713402903	38.56
713503988	38.51
713604098	34.09
713705896	61.26
713813037	47.26
713914171	39.76
714021065	43.72
714121575	36.02
714222438	33.20
714345838	41.40
714463588	36.25
714566060	29.87
714666916	30.05
714768936	34.28
714872771	30.24
714978796	40.87
715080662	37.85
715182147	36.90
715282491	34.46
715385152	42.46
715488673	34.80
715591076	26.68
715701199	35.46
715802312	37.21
715902876	33.31
716003148	35.04
716103741	45.28
716213458	38.47
716317284	30.52
716422782	33.62
716535606	38.33
716641389	36.38
716742275	34.74
716843731	36.48
716944265	36.51
717048826	35.08
717152193	40.85
717253053	30.70
717353532	35.91
717453571	37.30
717553668	34.62
717654446	36.08
717758745	44.01
717879888	39.37
717982222	41.37
718082543	34.08
718182890	39.12
718288698	31.21
718389371	38.88
718492148	36.81
718594381	27.96
718696070	32.45
718798305	37.39
718898968	35.76
719004257	33.49
719105437	35.97
719206203	38.02
719307024	31.05
719412134	31.53
719532534	22.39
719661084	32.85
719761842	33.20
719863934	39.52
719977426	53.54
720079493	47.35
720194610	23.91
720305320	28.60
720421981	20.00
720548067	18.81
720690892	22.08
720802561	28.15
720919471	20.81
721056737	25.42
721183451	19.52
721346252	25.61
721502493	17.80
721641685	23.71
721745235	34.58
721861206	26.54
721993418	18.43
722108036	21.32
722229878	28.45
722334788	26.13
722448750	35.40
722549918	34.37
722650626	38.22
722751496	37.81
722852678	31.41
722966548	30.83
723081098	16.90
723250293	17.08
723469072	12.51
723645945	17.61
723824869	17.74
724008344	26.58
724112893	36.71
724215127	35.25
724319430	25.93
724430806	29.34
724540255	23.06
724641770	35.83
724747930	33.34
724850867	31.23
724952221	34.89
725053249	35.88
725155983	36.60
725275528	26.75
725412436	35.63
725537668	28.38
725681298	32.67
725796720	31.03
725903951	30.78
726008357	38.31
726109597	32.44
726210787	29.76
726312065	33.12
726416252	38.61
726519596	29.74
726624484	35.71
726736370	38.12
726837425	33.24
726940779	45.14
727052099	32.83
727159833	31.98
727266058	31.97
727366889	49.06
727468901	37.26
727570335	25.72
727679947	32.10
727786919	37.65
727886995	36.01
727988466	36.47
728091008	35.69
728196215	28.49
728302679	34.51
728403793	37.73
728503900	35.36
728603977	43.15
728704513	60.82
728807096	47.29
728909639	33.82
729010814	38.50
729112775	21.97
729213571	33.23
729317108	33.34
729417889	36.67
729519153	33.11
729619844	34.24
729720072	35.56
729824074	30.43
729939073	30.55
730046167	29.61
730161542	36.82
730264265	32.43
730369451	29.49
730472038	37.45
730573094	31.59
730673216	28.20
730777328	36.08
730877856	34.60
730978134	36.89
731078214	35.29
731179018	37.22
731281137	33.82
731388760	32.96
731491504	44.70
731603336	26.25
731739456	24.03
731878446	14.93
732041569	17.53
732187938	18.78
732358164	22.13
732537990	17.61
732742571	18.93
732914295	16.28
733076739	16.07
733227134	21.45
733388390	14.90
733535966	71.98
733650471	53.17
733756739	23.84
733866650	33.57
733972273	35.42
734109358	30.04
734213815	37.27
734334232	25.24
734483536	17.77
734610254	37.32
734711093	33.20
734817921	20.42
734956653	18.11
735110977	25.86
735273147	18.21
735430765	19.06
735579378	22.67
735748107	28.44
735886677	18.77
735998673	33.88
736099198	35.70
736199612	37.08
736300190	54.85
736400458	34.98
736500800	34.82
736601123	33.91
736701261	39.89
736803056	38.63
736906542	35.83
737009284	30.59
737115146	31.79
737218855	33.88
737324599	33.24
737425738	44.61
737526574	32.85
737640869	26.20
737744961	34.55
737850360	22.05
737961459	37.84
738063194	42.44
738173427	35.65
738275734	33.93
738407656	16.21
738601175	14.59
738781412	19.70
738962492	22.88
739092641	22.07
739208381	34.68
739310893	31.53
739412912	37.22
739513381	38.29
739619120	39.21
739722230	35.22
739822625	55.44
739929946	88.79
740035116	36.35
740136044	32.13
740236795	32.09
740337747	40.23
740439449	35.41
740541577	29.90
740642935	32.17
740745089	89.24
740847458	49.61
740948613	38.65
741054178	42.11
741155628	38.81
741256724	32.26
741362815	36.97
741463259	35.84
741563411	36.19
741664997	52.81
741771891	35.91
741892971	30.63
742007142	31.24
742116451	23.69
742227543	37.01
742327575	36.43
742427826	36.00
742528414	36.33
742628586	41.39
742729686	43.62
742830825	33.35
742935292	28.17
743042481	35.77
743142896	36.29
743251791	29.41
743370353	33.36
743475559	28.82
743580907	42.91
743681976	35.07
743782400	35.37
743885312	42.61
743992972	31.29
744093863	33.16
744197944	33.53
744302249	31.32
744403368	40.47
744503807	41.51
744605020	40.83
744706866	42.84
744830259	21.55
745011542	27.46
745136591	25.03
745245958	47.21
745353910	28.10
745485355	15.25
745630268	26.42
745764994	20.48
745886391	37.46
745987427	53.61
746088181	25.51
746188358	27.77
746289735	26.41
746397435	28.51
746501896	44.95
746605836	41.68
746707751	67.88
746808682	43.37
746911961	40.96
747047789	26.12
747152698	40.02
747254216	32.40
747356883	33.82
747457391	32.00
747558016	33.46
747659336	34.77
747761063	36.32
747861613	34.40
747962595	32.49
748065318	27.89
748179315	28.69
748282625	36.11
748395748	31.84
748549389	22.10
748662891	42.40
748771924	57.35
748882288	37.91
748985325	37.35
749090497	28.37
749210230	22.06
749351760	23.91
749492318	23.14
749606119	26.68
749716014	31.19
749837956	28.78
750007611	15.96
750194006	19.20
750344311	24.54
750500869	21.09
750620561	32.91
750741070	27.60
750863388	41.32
750964081	33.09
751067837	35.28
751169528	33.29
751272144	35.69
751372951	35.17
751473063	35.90
751573227	41.02
751673931	34.29
751775350	31.50
751882668	38.86
751991136	35.78
752091379	36.20
752194698	49.67
752299727	35.29
752406966	38.32
752508143	30.89
752608792	33.59
752710227	35.16
752815221	34.38
752918373	31.09
753022235	34.95
753123352	33.11
753225498	36.67
753326247	34.96
753426535	35.21
753526603	31.81
753627211	35.40
753728170	33.89
753829472	38.15
753931312	32.88
754031934	32.54
754133822	35.41
754236890	51.96
754337496	46.63
754438927	31.13
754540446	36.68
754640446	36.60
754743794	43.82
754906282	37.64
755009848	35.25
755124391	49.49
755243302	32.17
755344561	31.46
755448920	46.94
755559107	36.68
755670048	34.62
755774670	35.16
755877823	32.07
756002344	29.52
756125183	36.96
756229740	31.83
756334743	36.50
756436328	36.61
756537959	42.14
756645341	33.91
756748871	34.88
756849768	33.05
756950907	35.48
757050974	35.69
757151024	35.01
757251528	37.09
757352803	35.62
757465030	37.01
757594190	32.52
757714320	32.87
757815189	35.23
757915812	34.37
758018585	35.04
758119020	34.14
758221594	24.78
758345210	23.11
758464212	29.01
758573173	45.69
758674905	41.25
758779446	35.19
758883497	34.09
758987272	41.95
759090378	43.79
759190806	33.06
759293966	34.37
759395215	33.75
759497237	35.68
759600685	33.98
759703161	28.09
759808923	82.05
759918838	31.23
760019792	34.91
760121327	36.10
760221660	33.05
760322110	28.01
760422722	35.57
760523326	35.95
760623627	40.90
760725470	42.32
760825649	36.56
760927036	32.46
761028263	32.65
761130140	35.76
761230776	33.96
761334546	36.01
761436900	33.44
761536996	35.05
761637212	36.99
761743077	35.75
761853578	33.81
761955156	33.19
762078752	34.68
762196663	40.31
762297547	36.33
762399123	31.28
762501156	34.01
762602647	36.22
762706077	32.50
762814893	30.31
762916560	34.45
763023347	32.67
763139270	36.10
763241919	33.43
763342996	34.26
763443902	30.41
763547239	35.60
763648398	45.87
763748612	46.87
763852452	49.86
763953973	43.10
764055772	44.64
764156211	40.01
764256381	39.23
764356423	34.91
764458528	46.61
764560832	33.50
764664300	26.70
764772473	30.74
764874317	35.94
764986173	28.31
765089227	39.07
765194398	34.86
765296780	34.43
765403741	55.41
765515398	32.95
765619054	38.98
765723526	39.31
765825065	35.47
765939863	22.80
766061001	25.84
766172330	74.59
766302653	28.57
766442730	29.45
766569328	24.64
766705636	21.73
766846224	24.15
766984964	19.28
767122293	30.38
767227248	37.25
767328236	37.22
767432549	47.30
767537311	39.36
767642416	28.88
767786324	29.26
767909908	36.92
768010411	34.53
768115190	35.51
768217428	35.02
768337995	116.02
768468967	26.41
768590324	27.51
768737773	25.38
768846201	33.78
768949797	27.83
769075901	28.77
769183268	33.37
769298767	24.13
769440784	30.15
769560537	60.86
769701747	19.00
769818708	26.97
769929585	20.79
770067089	20.23
778004370	56.11
800087329	39.62
800188599	41.17
800320573	19.39
800443449	96.86
800546076	100.36
800646454	33.95
800747492	40.14
800848946	35.55
800959278	32.36
801069351	35.48
801171273	34.07
801303259	29.42
801445598	41.09
801553544	40.90
801658201	42.46
801760054	27.03
801862602	30.14
801969031	29.04
802083355	26.99
802212742	44.11
802332240	46.79
802436337	33.25
802540826	33.48
802640916	33.87
802744989	39.00
802867079	31.50
802971238	34.22
803072003	39.20
803172389	34.76
803274604	37.12
803376837	36.63
803479920	34.61
803602211	41.58
803715442	32.67
803816653	36.70
803919097	30.34
804019552	34.11
804120391	33.03
804222401	33.18
804322524	38.23
804422524	39.95
804523126	43.20
804623544	41.65
804724656	39.11
804826533	44.29
804927365	31.66
805028855	39.32
805131947	44.43
805235999	34.31
805341540	36.07
805442943	33.36
805543343	35.64
805643771	35.91
805744406	33.36
805854915	26.76
805968864	48.98
806071169	60.53
806181077	55.38
806285417	185.00
806386132	394.78
806487047	57.70
806587634	41.53
806688880	64.48
806789539	54.78
806889897	86.26
806990192	36.71
807090810	44.95
807191430	39.84
807297121	36.24
807405794	33.59
807506907	34.04
807608729	50.85
807712712	32.97
807818565	33.45
807920376	37.28
808021223	32.98
808123556	38.20
808224118	25.78
808327293	37.18
808429977	23.21
808532685	27.13
808635441	36.89
808736302	41.11
808837619	44.66
808947552	26.34
809058927	64.02
809161023	79.20
809261686	33.46
809376394	23.97
809491068	35.51
809592983	34.27
809701602	23.20
809836298	25.93
809954965	39.93
810055496	34.26
810159502	29.56
810263203	34.72
810363658	38.89
810465756	40.13
810566363	26.03
810666615	24.15
810771979	29.72
810878722	34.05
811010046	27.81
811136569	30.09
811237761	38.68
811340166	35.82
811449121	38.31
811552995	28.46
811655990	77.93
811759137	31.89
811864223	46.78
811966045	32.21
812081826	22.73
812212942	28.72
812354038	16.90
812517155	17.40
812671601	14.26
812831760	33.95
812951475	42.78
813052820	32.23
813156173	28.83
813261160	43.21
813367401	35.76
813469171	37.87
813569451	36.75
813671354	31.90
813781713	47.11
813885666	37.75
814016560	22.07
814124743	37.87
814227234	41.36
814327456	34.48
814428177	33.07
814529697	35.03
814629897	35.36
814729996	35.26
814830098	36.57
814930528	35.15
815030782	35.85
815131243	152.01
815233776	34.86
815337853	35.26
815439881	27.45
815542789	37.75
815643552	39.01
815744222	39.69
815845190	34.75
815959621	26.64
816079497	27.94
816213830	29.64
816336696	28.95
816441367	45.99
816553251	83.91
816659949	98.72
816763545	31.97
816865799	38.20
816965988	37.23
817066588	35.02
817166728	35.60
817322934	22.11
817454675	32.70
817556356	34.67
817660723	33.03
817767654	34.45
817877013	579.85
817989898	20.85
818109985	31.96
818215956	30.30
818322873	24.06
818441952	28.79
818560377	24.09
818725513	20.70
818854779	46.80
818965252	32.64
819071504	34.59
819174067	32.27
819275017	31.45
819376808	36.50
819484846	33.46
819591273	36.61
819694516	28.47
819796433	38.06
819896849	36.84
819999806	33.52
820103406	35.45
820205423	34.08
820305830	34.20
820410068	25.89
820518513	37.13
820621160	31.84
820722330	33.82
820823446	33.77
820924195	36.67
821024455	35.90
821125904	32.06
821231549	35.09
821332696	43.44
821433861	31.22
821534624	32.70
821635103	39.24
821735447	31.47
821836120	30.64
821936386	32.64
822036782	33.25
822139153	41.62
822246769	53.08
822352678	37.24
822453350	35.77
822553825	36.58
822654532	34.95
822754742	34.12
822857129	29.77
822959627	33.45
823060671	34.21
823161260	36.61
823279851	39.02
823392068	34.35
823498187	35.14
823605850	32.43
823706346	35.48
823806919	29.06
823908178	33.63
824009316	39.13
824111567	35.21
824213061	30.15
824315742	31.55
824417778	32.80
824518879	34.33
824619375	33.80
824720874	34.66
824821787	34.11
824922109	42.43
825023838	42.93
825125734	38.04
825228289	30.01
825334360	39.56
825434628	36.55
825535830	33.30
825636576	34.75
825741980	33.17
825859740	32.02
825966469	27.60
826119143	28.49
826223973	36.66
826325455	34.12
826425759	30.79
826527287	34.08
826630835	37.03
826732673	31.77
826833287	34.32
826935864	28.40
827042854	34.29
827143312	35.15
827271962	49.32
827382938	34.50
827487101	30.27
827593323	38.40
827696863	37.52
827798902	42.10
827900313	36.21
828009856	32.06
828124531	33.73
828225153	33.19
828332847	39.53
828436554	22.57
828542505	33.70
828642644	36.44
828743485	37.84
828844099	34.41
828946907	34.37
829059413	34.40
829200352	21.37
829330463	35.44
829431409	33.91
829538171	28.09
829645618	34.73
829748493	32.88
829860172	29.06
829989082	34.73
830090215	37.42
830190587	35.68
830290761	35.66
830391913	36.88
830493632	44.91
830595830	37.79
830697319	33.43
830797897	35.11
830898182	34.16
831001896	33.99
831102503	33.71
831203180	37.36
831304877	46.39
831406310	50.07
831506457	45.08
831607320	42.81
831709488	40.13
831810626	40.01
831911457	34.20
832014517	39.74
832115498	35.94
832215791	36.56
832316156	35.58
832416571	34.32
832517742	34.81
832618788	38.54
832720455	31.91
832825245	33.65
832925512	37.23
833029019	53.02
833130415	34.64
833231725	35.13
833333741	34.70
833434442	36.64
833534984	34.12
833635292	34.44
833736222	33.44
833836550	34.59
833936610	35.02
834039761	35.21
834141832	36.27
834242720	35.97
834344565	35.18
834446163	35.38
834548752	39.56
834652826	35.45
834756051	23.29
834897958	25.30
835037064	20.97
835204118	16.56
835356846	29.64
835492910	19.80
835634872	25.77
835744350	33.12
835844862	36.39
835971686	16.38
836097127	47.03
836218625	33.84
836320144	30.81
836421487	29.95
836521972	34.52
836622723	41.78
836726647	36.74
836831485	34.95
836932002	38.39
837037307	37.60
837139345	36.63
837241578	38.87
837342132	35.61
837445371	33.65
837551911	35.38
837696058	21.13
837817102	24.37
837958916	30.95
838060763	33.14
838161700	34.23
853050516	61.59
900074524	34.36
900174749	33.94
900277983	51.00
900383907	33.89
900484642	33.57
900589262	33.01
900703750	35.85
900811116	37.56
900918372	36.26
901026419	29.55
901162654	25.32
901278180	87.54
901379494	38.71
901479580	37.06
901585064	35.57
901685964	37.98
901791269	34.37
901896346	33.86
901996449	35.42
902096483	34.53
902197959	32.95
902298563	36.55
902400076	47.34
902501219	33.61
902603991	35.21
902708795	36.74
902812729	35.23
902913146	44.72
903013255	34.20
903113620	33.84
903214483	33.98
903314726	35.37
903415761	32.89
903517339	35.77
903618487	34.18
903721242	38.03
903821663	35.29
903922814	34.55
904023761	35.47
904124636	30.37
904228451	34.17
904330671	39.82
904431541	41.52
904533046	32.49
904636824	23.89
904742421	24.70
904846472	31.31
904960842	25.03
905064020	40.29
905164324	39.21
905264581	36.48
905365104	34.59
905466179	37.98
905568337	35.30
905672767	34.51
905775372	30.48
905880693	30.65
905986626	33.76
906089316	38.03
906195930	47.34
906297554	31.22
906398194	37.64
906502478	33.58
906603594	31.81
906708898	35.20
906809656	28.69
906918834	31.39
907019802	35.07
907120212	35.85
907226413	32.67
907327649	32.74
907436109	30.50
907544745	34.59
907645344	35.14
907745887	34.91
907846745	34.74
907947594	34.41
908048124	33.73
908148839	35.04
908249872	34.28
908351219	35.30
908454954	32.32
908555732	37.04
908655890	41.35
908759281	39.78
908861750	39.03
908962479	39.16
909076069	33.06
909187779	35.06
909288538	39.57
909391465	38.81
909492335	36.93
909594397	39.91
909695355	34.90
909796680	33.67
909897930	42.68
909998794	33.97
910099009	34.03
910199252	34.66
910300045	36.97
910400790	33.33
910507318	32.99
910609107	30.75
910712153	33.51
910818174	40.30
910927238	43.38
911027773	34.82
911128013	44.22
911228172	38.15
911328848	34.41
911429225	34.32
911531422	39.66
911634232	31.45
911735182	35.32
911835319	35.68
911935554	35.26
912036021	30.49
912148781	29.97
912252366	34.24
912352993	34.58
912453725	34.84
912555077	37.21
912656668	31.79
912757231	34.30
912857578	37.22
912957861	37.98
913058167	46.27
913158943	53.72
913259457	66.79
913359883	33.79
913463906	24.98
913578713	29.18
913682092	35.64
913782205	36.70
913882269	34.83
913982435	37.05
914082663	37.58
914182758	38.60
914287681	38.03
914390244	37.59
914492383	35.97
914593016	36.71
914693145	51.00
914793460	39.12
914893612	35.39
914993633	33.98
915093781	36.25
915193796	37.06
915293882	36.25
915394478	37.69
915495143	34.93
915595270	36.97
915695960	36.67
915799883	42.10
915902971	32.64
916008861	38.56
916110731	38.65
916212467	36.56
916320651	40.23
916426820	43.44
916527418	36.13
916630407	31.82
916735045	35.50
916836724	29.61
916939781	33.24
917043356	36.72
917150052	40.16
917252192	54.42
917353593	44.81
917460690	40.41
917562652	34.43
917662889	34.87
917763930	36.75
917868391	58.52
917979140	29.58
918097307	32.85
918201682	33.80
918302369	33.77
918404332	34.05
918507460	33.77
918608560	34.30
918715030	36.03
918816496	32.95
918916731	43.27
919018209	43.40
919121468	43.78
919224427	32.13
919325543	34.02
919429735	37.00
919533878	34.32
919634862	33.72
919770746	22.67
919938123	16.65
920094145	15.52
920244017	34.73
920345528	34.45
920447162	36.59
920548925	50.19
920648945	43.65
920748982	37.58
920855055	25.31
921006943	12.49
921180520	18.71
921363542	16.89
921501437	33.24
921601950	27.82
921703117	31.76
921803496	62.09
921904402	28.64
922006267	29.04
922109091	29.06
922221711	30.19
922325248	36.86
922425651	37.00
922526725	35.04
922628446	34.57
922728878	33.38
922829922	36.16
922930832	43.53
923035558	33.20
923136003	38.04
923239095	46.12
923345919	45.24
923450733	34.82
923551490	35.91
923652040	39.61
923756483	58.95
923857493	41.58
923957789	37.83
924058858	35.77
924159745	35.62
924260237	34.00
924360902	33.80
924465495	39.06
924577461	38.31
924678195	34.33
924778217	38.90
924878442	36.02
925013788	26.69
925152296	33.51
925253977	36.86
925355096	34.84
925455296	33.77
925555745	36.54
925655987	32.10
925757649	33.63
925862189	30.33
925964065	71.41
926066603	39.96
926188431	25.35
926330979	53.02
926441522	35.87
926541600	36.67
926641848	33.29
926742091	34.37
926851267	33.20
926976685	25.56
927085903	35.19
927186575	36.20
927292684	34.53
927396390	29.73
927503275	30.97
927613023	35.73
927714140	32.65
927814718	35.19
927915220	33.92
928017589	34.96
928119206	34.60
928219930	35.99
928320145	34.70
928421227	34.82
928522568	35.03
928622758	35.50
928723875	40.03
928826677	34.87
928928455	41.53
929032807	42.68
929137162	37.66
929239995	35.55
929368319	37.91
929521608	37.83
929625655	50.50
929733953	61.82
929834385	33.72
929934663	37.63
930037402	42.18
930167164	20.32
930314981	19.05
930465609	28.77
930576237	51.13
930677149	44.65
930778236	33.90
930878788	30.16
930984343	32.80
931085513	39.45
931186176	36.11
931287649	36.93
931388707	31.65
931494436	34.93
931600949	42.19
931701156	35.96
931806472	55.91
931926558	43.88
932027065	37.03
932131329	36.91
932233982	36.82
932334983	35.07
932437368	33.25
932549294	20.54
932714686	20.05
932849281	26.72
932990098	18.24
933148524	21.08
933280949	35.60
933387318	35.84
933487708	38.50
933590869	33.90
933692053	48.08
933792337	34.47
933895883	26.04
934056525	21.66
934199137	26.24
934304575	33.94
934405341	31.11
934506830	31.48
934610361	33.23
934715245	29.47
934818688	38.30
934919266	34.30
935020842	32.81
935122180	25.43
935226463	31.19
935329957	31.25
935431749	36.64
935542186	29.56
935666717	30.99
935768025	35.56
935869768	31.93
935970804	35.33
936071016	34.30
936171338	38.30
936273411	34.55
936373742	42.71
936475882	31.44
936576740	33.24
936676886	35.28
936777451	29.90
936878154	35.48
936978600	30.98
937087563	28.29
937194805	32.46
937298043	35.53
937402680	41.24
937541282	30.58
937673838	21.00
937788664	25.90
937898287	28.53
938027590	24.10
938182230	19.78
938314092	25.70
938419032	24.55
938524960	29.28
938631431	30.41
980236956	30.62
1000150083	29.53
1000250759	34.57
1000350959	43.24
1000454038	34.54
1000554659	35.97
1000655089	34.24
1000755449	35.81
1000856459	32.78
1000960013	35.06
1001063182	37.38
1001163503	34.24
1001264016	34.06
1001364154	38.22
1001465056	34.90
1001580756	34.37
1001681237	33.78
1001783574	43.82
1001901037	30.34
1002008048	36.56
1002110156	39.11
1002217325	33.36
1002321142	31.55
1002422355	37.80
1002549819	25.06
1002680089	31.56
1002782304	52.97
1002896366	36.50
1003002985	32.30
1003110559	40.65
1003213826	30.48
1003314027	32.01
1003414994	35.52
1003520706	44.28
1003646919	25.82
1003749797	33.36
1003859431	48.33
1003963864	33.40
1004067916	27.62
1004169599	29.51
1004283594	31.72
1004427560	25.82
1004542397	28.21
1004648505	29.79
1004750464	36.21
1004857489	40.47
1004965463	39.64
1005075958	38.66
1005182361	41.45
1005293168	39.17
1005404514	41.12
1005511761	19.68
1005649225	21.05
1005786374	23.69
1005917746	23.16
1006053445	109.13
1006221243	23.00
1006329794	26.57
1006444649	23.31
1006575016	18.17
1006703568	23.64
1006845725	21.36
1007009319	24.25
1007168518	23.43
1007300158	25.54
1007444244	14.22
1007608606	21.57
1007770622	20.52
1007912609	24.28
1008025672	51.01
1008130855	54.04
1008231288	38.62
1008334022	20.69
1008434813	33.53
1008535539	31.66
1008637342	38.90
1008737657	33.48
1008838240	36.62
1008939982	35.75
1009044652	33.39
1009186736	36.56
1009287172	44.81
1009389088	37.56
1009499622	34.32
1009616230	32.49
1009716912	36.45
1009817793	34.18
1009936221	28.38
1010048155	22.61
1010161883	25.22
1010271223	36.95
1010373344	32.53
1010475497	35.68
1010576306	35.21
1010677094	31.71
1010777455	36.79
1010879339	34.28
1010980067	35.46
1011080302	36.11
1011180357	34.15
1011290986	26.66
1011446320	23.02
1011582880	35.08
1011709373	29.78
1011809978	28.17
1011911177	24.31
1012012051	58.39
1012113634	40.96
1012215151	33.61
1012315929	35.06
1012416814	32.90
1012518026	31.05
1012619601	29.37
1012720690	36.25
1012820944	38.27
1012921860	37.98
1013022631	42.46
1013123968	48.78
1013226887	40.79
1013329380	25.07
1013435550	25.72
1013574440	23.03
1013737876	25.72
1013859288	34.99
1013961320	34.49
1014065668	35.35
1014168557	28.86
1014275499	34.07
1014377822	41.98
1014480713	35.34
1014581313	35.30
1014682154	34.71
1014782709	31.95
1014884677	35.47
1014989801	30.63
1015093653	34.21
1015194362	36.01
1015294576	34.88
1015396361	35.96
1015496844	32.61
1015597896	35.98
1015698438	35.08
1015798708	43.13
1015899371	37.19
1015999794	39.79
1016101693	37.75
1016203080	33.31
1016305117	27.25
1016412882	33.58
1016529812	25.55
1016639722	34.92
1016741867	30.20
1016854154	20.12
1016980046	16.43
1017112220	19.23
1017235425	26.75
1017338746	35.80
1017441511	36.33
1017544298	32.22
1017647894	42.03
1017748871	48.86
1017849350	35.33
1017950777	33.03
1018052015	37.12
1018152613	43.79
1018254400	36.66
1018355355	33.06
1018457804	36.44
1018559633	37.73
1018660819	32.89
1018766057	32.87
1018870025	34.78
1018970429	35.59
1019070498	35.44
1019175795	30.32
1019285627	19.58
1019421150	26.32
1019539631	40.93
1019640519	36.66
1019744516	34.56
1019848519	39.39
1019952704	33.74
1020054414	36.50
1020161376	45.95
1020268249	50.64
1020371764	55.37
1020472498	45.86
1020574094	35.17
1020674433	40.91
1020774522	36.88
1020875780	36.10
1020977280	34.78
1021086254	42.25
1021202050	31.71
1021304723	33.86
1021405064	40.89
1021507109	93.18
1021609724	42.57
1021710641	31.75
1021812439	38.09
1021913231	37.77
1022018665	34.91
1022124622	44.19
1022225967	37.23
1022328272	30.10
1022430063	33.86
1022532750	30.63
1022644491	19.77
1022751029	37.17
1022857978	20.47
1022987642	24.19
1023127906	32.91
1023229266	34.47
1023329443	35.11
1023430255	41.68
1023531001	25.15
1023631812	30.42
1023735672	31.15
1023840378	46.45
1023940859	34.51
1024042953	36.73
1024153329	28.41
1024265241	38.48
1024365901	41.87
1024466113	39.12
1024569187	29.11
1024671496	34.01
1024773306	43.85
1024875141	64.58
1024976578	31.51
1025077738	29.51
1025179577	27.00
1025280108	33.12
1025380168	34.73
1025480292	35.24
1025580602	37.19
1025680874	36.24
1025781462	34.58
1025881877	37.76
1025982031	37.57
1026082170	39.00
1026182412	42.24
1026282558	39.74
1026382838	43.01
1026483522	36.18
1026585453	127.88
1026687863	36.36
1026788763	34.59
1026889801	53.37
1026990456	39.57
1027090983	33.85
1027191527	36.39
1027294959	31.83
1027395041	35.25
1027495294	39.19
1027596054	28.27
1027696731	23.31
1027796815	22.77
1027897215	23.19
1027999496	23.30
1028102701	32.17
1028203073	34.23
1028303406	33.97
1028424312	18.73
1028548807	28.63
1028650364	32.63
1028751749	31.95
1028856838	31.78
1028958025	34.43
1029059029	34.04
1029160625	34.25
1029261905	35.02
1029363558	31.25
1029464441	34.83
1029564532	34.94
1029664698	37.04
1029769793	33.53
1029887570	27.37
1030002911	39.15
1030105773	34.80
1030207054	34.18
1030308389	35.32
1030409622	33.20
1030510862	34.98
1030611280	35.31
1030711695	34.24
1030812474	34.42
1030912899	43.83
1031015485	33.21
1031116290	38.63
1031216917	35.44
1031317438	35.67
1031417908	35.45
1031518182	36.71
1031621023	45.15
1031729011	37.95
1031834977	44.89
1031941359	41.62
1032041451	36.82
1032141847	34.17
1032242301	37.27
1032343592	41.25
1032444642	35.03
1032545093	30.05
1032646472	36.38
1032746475	35.05
1032846544	35.18
1032947494	33.22
1033047994	34.93
1033148168	36.75
1033248310	35.20
1033348442	35.39
1033452143	32.40
1033562414	35.51
1033665161	34.74
1033765591	29.48
1033869039	48.40
1033971599	47.88
1034081015	32.50
1034184413	38.11
1034285690	33.67
1034385973	40.67
1034486011	35.20
1034586868	51.25
1034686984	34.83
1034787219	240.81
1034887487	34.39
1034987794	35.39
1035087864	34.60
1035190510	32.04
1035293494	36.18
1035394324	30.14
1035495657	34.03
1035596242	35.74
1035700134	40.44
1035803766	35.57
1035950820	18.00
1036061555	61.03
1036173433	32.93
1036310281	33.63
1036420057	47.35
1036522055	39.50
1036624633	36.22
1036725691	36.81
1036826299	33.46
1036926732	39.62
1037027908	35.13
1037136688	42.28
1037239574	35.68
1037340288	34.47
1037441562	33.71
1037543197	33.96
1037654325	19.82
1037780592	28.91
1037883600	34.18
1037984967	36.63
1038085320	35.47
1038187117	38.04
1038290062	31.77
1038393617	51.28
1038495182	41.52
1038597298	26.50
1038705224	34.19
1038806626	33.54
1038907067	35.00
1039007089	34.10
1039107401	35.15
1039208047	59.16
1039308532	33.24
1039410976	29.74
1039512014	32.95
1039612701	33.74
1039716702	42.81
1039824990	46.66
1039926622	35.40
1040027637	35.04
1040129375	36.40
1040230083	36.59
1040330451	34.28
1040430555	35.03
1040530597	34.55
1040631120	30.51
1040733305	34.13
1040834394	36.81
1040935491	36.81
1041036091	35.00
1041136674	34.21
1041240761	32.81
1041341617	37.13
1041442159	35.48
1041545253	33.52
1041650131	39.43
1041753774	35.48
1041857916	42.09
1041958701	34.13
1073355755	27.50
1100123553	34.71
1100234497	30.24
1100350906	43.47
1100454807	52.88
1100571005	84.31
1100680673	67.59
1100796138	38.32
1100917725	91.04
1101085388	13.99
1101236361	63.15
1101353636	139.36
1101455660	33.39
1101564028	26.13
1101680065	118.90
1101801592	40.19
1101914572	102.44
1102031479	31.97
1102155375	21.09
1102283267	58.45
1102409412	89.48
1102515375	69.22
1102620621	76.93
1102729550	30.73
1102844478	20.06
1102971584	22.40
1103084310	63.73
1103197602	85.38
1103323308	40.49
1103438388	27.81
1103573796	26.35
1103692410	49.14
1103818377	23.74
1103952709	50.98
1104069429	37.39
1104179108	25.95
1104299140	24.18
1104433362	153.24
1104542946	88.55
1104654984	106.66
1104765582	58.97
1104871448	34.99
1104976716	45.04
1105090938	52.02
1105217276	19.09
1105376597	24.07
1105523777	27.49
1105645593	25.81
1105756481	53.59
1105867082	47.72
1105975139	35.59
1106077041	35.94
1106179758	26.39
1106299838	23.17
1106435393	19.24
1106553970	22.25
1106673708	28.90
1106797869	24.01
1106908434	28.68
1107029862	18.65
1107138332	32.51
1107245528	83.97
1107354123	23.01
1107456709	31.58
1107559277	48.00
1107672754	62.00
1107802091	57.18
1107920342	22.49
1108031358	44.99
1108132078	25.06
1108239124	46.89
1108354481	23.84
1108478860	30.60
1108627351	23.03
1108747043	19.57
1108879149	32.17
1108997236	97.31
1109104439	45.72
1109206868	27.06
1109311007	25.86
1109428036	133.74
1109549044	20.67
1109674490	34.54
1109781718	57.72
1109885811	37.18
1109995792	20.17
1110112415	26.92
1110224924	26.00
1110336630	20.88
1110460820	22.33
1110576173	24.45
1110697484	29.25
1110804866	42.02
1110917289	39.87
1111024885	53.63
1111145551	21.21
1111280413	33.95
1111393715	59.78
1111511268	82.84
1111612334	68.83
1111717073	24.46
1111832092	28.58
1111942601	31.79
1112050520	25.04
1112188308	66.89
1112321706	17.39
1112473547	14.57
1112637986	15.06
1112762332	38.28
1112867413	36.16
1112983582	22.56
1113098063	22.43
1113223196	18.47
1113335434	32.34
1113467806	111.63
1113605461	49.12
1113729575	33.55
1113839107	28.60
1113968088	51.65
1114097224	39.42
1114222132	20.34
1114349369	47.40
1114472884	31.13
1114602239	24.62
1114720602	78.98
1114832569	36.32
1114960140	79.14
1115073153	45.49
1115191042	45.30
1115305518	72.95
1115421786	47.85
1115543107	96.95
1115669414	102.23
1115811787	27.25
1115947770	158.00
1116079073	46.22
1116183263	33.75
1116307281	112.31
1116431893	97.68
1116553793	220.05
1116681219	159.09
1116809097	167.87
1116949813	107.85
1117072412	168.96
1117202949	48.30
1117318879	158.89
1117444143	82.24
1117590496	95.52
1117725138	35.84
1117851859	24.29
1117987341	39.48
1118106886	49.70
1118240449	37.93
1118380336	279.20
1118526494	52.38
1118650651	25.06
1118770500	21.29
1118906090	73.44
1119030650	100.07
1119158806	85.86
1119282282	36.76
1119409116	79.10
1119534456	78.50
1119655319	73.74
1119768943	68.76
1119892923	24.12
1120039476	30.72
1120158541	67.83
1120287061	84.80
1120407896	267.09
1120538660	127.94
1120695775	103.57
1120832998	144.20
1120967083	69.76
1121083365	72.33
1121216435	66.64
1121349164	74.18
1121469089	83.09
1121617083	118.83
1121735539	28.59
1121867826	146.12
1121998814	87.97
1122126227	70.51
1122260525	26.11
1122379628	60.54
1122490640	123.21
1122616142	150.05
1122736474	75.17
1122855505	112.85
1122981993	143.08
1123112685	65.83
1123260628	139.36
1123417073	99.71
1123557924	45.84
1123701220	69.59
1123845016	52.94
1124013604	60.80
1124163671	253.19
1124288450	84.27
1124427717	64.18
1124575906	77.38
1124728634	52.59
1124867701	84.45
1125011215	88.86
1125159084	62.80
1125290054	106.61
1125430957	110.79
1125572077	129.57
1125714017	76.17
1125856410	106.74
1126005990	70.60
1126136289	75.06
1126264493	56.17
1126395150	284.61
1126526201	55.73
1126653217	109.05
1126794716	156.08
1126931629	325.06
1127062791	58.46
1127193502	127.88
1127332440	88.10
1127468434	72.40
1127602777	108.77
1127732857	102.06
1127869022	41.81
1128021060	63.95
1128164532	60.17
1128296868	81.83
1128430635	30.94
1128568287	114.96
1128716178	43.91
1128842582	136.28
1128969120	39.22
1129111819	35.32
1129269239	29.04
1129386715	99.57
1129516494	115.24
1129669490	105.91
1129804274	52.20
1129941836	454.85
1130077157	114.70
1130199554	88.54
1130339667	34.60
1130483825	151.29
1130619788	136.78
1130744330	106.66
1130867037	133.42
1130999086	178.54
1131119386	218.91
1131244338	45.24
1131355701	111.64
1131472980	152.19
1131601713	79.95
1131739453	61.39
1131873728	104.31
1131998565	141.63
1132143413	69.48
1132272495	85.02
1132392741	109.30
1132510796	132.44
1132639835	523.96
1132764874	78.23
1132892981	99.58
1133015388	36.55
1133123909	31.35
1133225534	34.16
1133364583	28.75
1133479643	33.47
1133603347	34.72
1133724512	24.04
1133838202	36.27
1133948428	27.40
1134057382	29.33
1134164224	75.81
1134274718	27.64
1134387681	19.54
1134514856	27.18
1134639635	42.42
1134740342	26.36
1134844070	20.58
1134953662	41.56
1135061105	63.72
1135207513	23.96
1135329315	25.04
1135438544	21.68
1135563979	23.65
1135669193	27.30
1135773600	30.03
1135897406	32.71
1136039070	12.53
1136203449	17.30
1136361956	24.88
1136498385	36.34
1136620682	23.65
1136773723	24.42
1136899760	13.32
1137018396	33.45
1137130761	36.39
1137262558	112.91
1137398303	75.36
1137529994	31.07
1137653740	48.90
1137782409	24.64
1137939112	18.58
1138054147	26.82
1138166037	21.78
1138283521	28.41
1138390380	31.38
1138504253	25.74
1138636777	18.83
1138769747	21.01
1138893334	27.73
1139002933	38.18
1139105175	33.36
1139211606	34.73
1139317841	26.60
1139426349	30.68
1139531011	26.84
1139650595	19.92
1139769098	32.58
1139869997	41.64
1139984322	33.06
1140113288	23.90
1140227914	34.84
1140331397	35.50
1140432236	29.20
1140535811	29.75
1140680996	17.83
1140817924	33.45
1140930111	34.09
1141035279	31.66
1141148076	21.30
1141264827	18.18
1141373272	19.72
1141485914	28.15
1141606188	25.90
1141751903	10.28
1141909044	25.69
1142012919	34.57
1142114151	37.05
1142220587	28.79
1142343666	20.32
1142459485	42.33
1142562442	27.04
1142703875	15.29
1142835514	23.07
1142946903	19.75
1143069169	21.00
1143239535	18.10
1143364580	35.18
1143466057	47.88
1143567807	57.59
1143670070	40.96
1143771832	37.21
1143936062	25.51
1144070890	30.72
1144190302	22.39
1144330638	21.56
1144467631	31.02
1144583883	44.98
1144710059	21.16
1144857533	23.71
1145005134	18.39
1145126790	30.95
1145263622	20.99
1145400837	21.93
1145514033	24.50
1145618834	24.86
1145724268	34.46
1145834766	22.68
1145971133	94.91
1146086695	36.11
1146193552	49.69
1146296044	26.24
1146408216	19.15
1146547506	15.21
1146669712	36.01
1146781972	50.07
1146895816	18.14
1147001917	28.40
1147102634	27.85
1147206348	25.27
1147313838	77.59
1147420150	47.20
