Model	Replicate	log-likelihood	AIC	chi-squared	theta	optimized_params(nu1, nu2, m12, m21, T)
asym_mig	Round_1_Replicate_1	-101180.4	202370.8	291943.97	24108.68	0.5119,0.8995,0.2472,0.6698,0.439
asym_mig	Round_1_Replicate_2	-114603.85	229217.7	523759.72	29326.61	0.1664,5.1842,0.8922,5.5003,0.1292
asym_mig	Round_1_Replicate_3	-72160.33	144330.66	927526.64	7592.3	3.4771,1.4112,0.6409,1.7935,3.4788
asym_mig	Round_1_Replicate_4	-207531.07	415072.14	871468.06	12927.22	0.218,3.4691,0.4822,0.6053,4.5741
asym_mig	Round_1_Replicate_5	-61805.26	123620.52	171894.98	35534.41	0.612,0.1484,0.4167,4.4366,1.9741
asym_mig	Round_1_Replicate_6	-145698.66	291407.32	155568209.09	13953.91	5.6165,2.1052,4.3745,2.0665,0.3381
asym_mig	Round_1_Replicate_7	-93401.15	186812.3	807204.52	14010.82	2.8679,1.8835,1.525,0.1448,0.449
asym_mig	Round_1_Replicate_8	-87615.49	175240.98	729226.79	19609.2	2.5266,0.5728,4.356,0.58,6.7954
asym_mig	Round_1_Replicate_9	-119009.52	238029.04	591579.53	11056.25	4.3668,0.3313,0.6693,0.6826,1.5735
asym_mig	Round_1_Replicate_10	-104492.85	208995.7	336568.01	9821.21	0.9929,2.2168,0.3415,0.1894,4.256
asym_mig	Round_2_Replicate_1	-47766.76	95543.52	131627.4	27179.31	0.9786,0.0837,0.3372,9.976,7.0073
asym_mig	Round_2_Replicate_2	-59098.35	118206.7	181770.52	19041.58	1.5508,0.2165,0.3213,4.1564,1.0103
asym_mig	Round_2_Replicate_3	-136954.98	273919.96	809738.44	22058.68	1.807,0.0968,1.5726,1.1941,2.0536
asym_mig	Round_2_Replicate_4	-70152.59	140315.18	1359016.7	38085.43	0.5005,0.422,1.2222,11.5848,1.7472
asym_mig	Round_2_Replicate_5	-145969.27	291948.54	770678.26	53428.22	0.351,0.0685,0.1461,2.1639,1.3135
asym_mig	Round_2_Replicate_6	-57370.37	114750.74	154382.57	41642.86	0.5127,0.1346,0.5264,5.9293,1.5364
asym_mig	Round_2_Replicate_7	-86404.21	172818.42	488721.59	52320.95	0.2615,0.5385,1.5294,7.9134,4.1675
asym_mig	Round_2_Replicate_8	-66880.81	133771.62	323931.25	25958.5	0.7931,0.4753,0.1304,5.0407,1.1983
asym_mig	Round_2_Replicate_9	-85689.11	171388.22	314086.34	15171.03	2.111,0.0632,0.1728,4.4549,2.4342
asym_mig	Round_2_Replicate_10	-44051.0	88112.0	132251.2	35228.5	0.6408,0.1185,0.9094,9.7103,1.0957
asym_mig	Round_2_Replicate_11	-51806.11	103622.22	158609.13	38668.47	0.6245,0.1321,0.212,9.2987,1.8257
asym_mig	Round_2_Replicate_12	-150493.58	300997.16	772332.66	65548.34	0.2276,0.0813,0.3486,2.0178,1.1466
asym_mig	Round_2_Replicate_13	-85326.48	170662.96	1772835.71	51141.69	0.3335,0.5704,1.3425,12.7638,1.9043
asym_mig	Round_2_Replicate_14	-62012.64	124035.28	285089.72	30385.23	0.595,0.4303,0.8276,5.2957,6.7296
asym_mig	Round_2_Replicate_15	-80704.89	161419.78	1053856.09	41177.17	0.4885,0.514,0.2263,9.5608,3.0973
asym_mig	Round_2_Replicate_16	-111693.3	223396.6	438372.77	47768.16	0.4081,0.1113,0.1281,2.6506,1.5497
asym_mig	Round_2_Replicate_17	-61249.53	122509.06	174505.37	44042.52	0.425,0.1375,1.2681,3.5591,1.8538
asym_mig	Round_2_Replicate_18	-58110.17	116230.34	169050.8	50576.49	0.4586,0.0665,1.4678,7.1013,3.2571
asym_mig	Round_2_Replicate_19	-146104.21	292218.42	907743.26	15166.85	2.357,0.0676,0.6232,1.3799,2.3824
asym_mig	Round_2_Replicate_20	-66306.71	132623.42	193437.52	53760.16	0.4419,0.0759,0.3207,7.283,2.1338
asym_mig	Round_3_Replicate_1	-44603.35	89216.7	131567.51	32025.87	0.5715,0.2083,1.2266,6.1007,0.4565
asym_mig	Round_3_Replicate_2	-49152.32	98314.64	151624.88	25811.75	0.793,0.2892,1.0041,4.3038,0.9993
asym_mig	Round_3_Replicate_3	-53075.42	106160.84	192368.3	21585.96	1.7566,0.065,2.6763,17.5238,0.6605
asym_mig	Round_3_Replicate_4	-39487.84	78985.68	142774.23	32374.26	0.7177,0.1059,2.522,11.9706,0.8866
asym_mig	Round_3_Replicate_5	-39697.86	79405.72	171279.28	36341.46	0.5513,0.108,0.7032,15.6907,0.3716
asym_mig	Round_3_Replicate_6	-40356.27	80722.54	100008.54	47513.18	0.3173,0.158,3.42,5.6806,0.707
asym_mig	Round_3_Replicate_7	-42190.65	84391.3	139928.33	20492.92	1.0444,0.2911,1.6795,4.0072,4.0339
asym_mig	Round_3_Replicate_8	-53355.83	106721.66	154357.37	26133.92	0.7744,0.3074,0.7062,3.8237,0.7182
asym_mig	Round_3_Replicate_9	-44703.36	89416.72	140167.26	15626.09	1.8235,0.1384,1.1743,7.3825,3.3635
asym_mig	Round_3_Replicate_10	-51324.69	102659.38	209197.39	29307.53	0.6549,0.31,1.1325,5.7331,2.3819
asym_mig	Round_3_Replicate_11	-50822.31	101654.62	140974.45	96898.47	0.2653,0.0342,0.7818,25.6228,3.0494
asym_mig	Round_3_Replicate_12	-42646.34	85302.68	183769.83	25007.86	0.974,0.1846,2.9972,7.1323,3.0358
asym_mig	Round_3_Replicate_13	-40705.46	81420.92	142743.1	29708.64	0.8498,0.0802,1.6105,15.4435,0.5043
asym_mig	Round_3_Replicate_14	-44819.49	89648.98	121833.3	35004.76	0.4607,0.178,0.7831,7.2096,0.2807
asym_mig	Round_3_Replicate_15	-38728.39	77466.78	137711.43	32027.46	0.5877,0.2065,3.5531,5.9312,0.5183
asym_mig	Round_3_Replicate_16	-69076.26	138162.52	1417359.44	17974.54	1.651,0.4022,2.1305,7.1323,0.7663
asym_mig	Round_3_Replicate_17	-52323.93	104657.86	217584.82	19303.41	1.2361,0.4029,1.2687,3.5315,1.1053
asym_mig	Round_3_Replicate_18	-47536.81	95083.62	132031.95	33711.68	0.549,0.2328,1.5191,4.7105,2.3281
asym_mig	Round_3_Replicate_19	-69964.85	139939.7	190460.55	45566.42	0.3982,0.1832,0.5455,4.2602,1.4584
asym_mig	Round_3_Replicate_20	-53408.91	106827.82	185481.88	87251.44	0.2795,0.0666,0.2257,21.9745,1.3201
asym_mig	Round_3_Replicate_21	-70883.25	141776.5	2241347.67	40019.21	0.4564,0.3941,0.282,16.3907,0.5461
asym_mig	Round_3_Replicate_22	-57083.8	114177.6	188530.2	16752.2	1.5276,0.3977,0.4873,2.9017,1.5111
asym_mig	Round_3_Replicate_23	-61396.22	122802.44	218837.7	34951.15	0.5315,0.3289,0.691,5.5184,2.0974
asym_mig	Round_3_Replicate_24	-40162.62	80335.24	135260.62	30435.29	0.8426,0.0807,2.862,14.1054,0.6856
asym_mig	Round_3_Replicate_25	-74926.49	149862.98	210494.32	62401.29	0.3172,0.1419,0.3738,6.1664,1.9403
asym_mig	Round_3_Replicate_26	-47883.38	95776.76	151877.35	26979.59	0.8344,0.2421,0.9336,4.9906,0.241
asym_mig	Round_3_Replicate_27	-49431.48	98872.96	149548.59	82122.53	0.3128,0.047,0.5273,23.9977,4.1426
asym_mig	Round_3_Replicate_28	-49432.06	98874.12	201709.13	23687.52	1.4147,0.0504,0.236,26.8618,0.5276
asym_mig	Round_3_Replicate_29	-46931.41	93872.82	185778.38	24708.35	1.0656,0.1458,0.5205,9.829,1.1097
asym_mig	Round_3_Replicate_30	-37698.9	75407.8	137111.06	46927.18	0.4403,0.0653,0.6462,22.4666,0.5134
asym_mig	Round_4_Replicate_1	-40100.51	80211.02	139758.47	32617.83	0.7558,0.0703,1.0185,18.1297,0.6956
asym_mig	Round_4_Replicate_2	-37145.07	74300.14	113284.58	43980.01	0.5085,0.0467,0.4838,25.3482,0.5508
asym_mig	Round_4_Replicate_3	-39891.81	79793.62	144893.39	39059.96	0.6335,0.0556,0.4321,24.3975,0.8292
asym_mig	Round_4_Replicate_4	-37384.25	74778.5	148140.26	37582.22	0.59,0.0631,0.4389,23.7223,0.424
asym_mig	Round_4_Replicate_5	-40019.31	80048.62	123283.67	44166.03	0.5265,0.0604,0.9612,19.3408,0.866
asym_mig	Round_4_Replicate_6	-37162.85	74335.7	141173.15	33695.17	0.7045,0.0459,0.5908,29.992,0.327
asym_mig	Round_4_Replicate_7	-34771.89	69553.78	92992.97	47467.48	0.364,0.0543,0.7568,20.5055,0.3041
asym_mig	Round_4_Replicate_8	-36239.92	72489.84	126665.34	45822.49	0.484,0.0449,1.1032,29.5685,0.5922
asym_mig	Round_4_Replicate_9	-35646.17	71302.34	108721.95	40242.95	0.5207,0.0538,1.0415,21.9937,0.4176
asym_mig	Round_4_Replicate_10	-42789.26	85588.52	146194.82	44329.55	0.4902,0.0918,0.3109,15.6815,0.6696
asym_mig	Round_4_Replicate_11	-34231.78	68473.56	113752.89	38970.21	0.5099,0.053,0.9494,24.4724,0.2983
asym_mig	Round_4_Replicate_12	-33245.96	66501.92	104519.38	44187.15	0.415,0.0472,0.3487,27.5163,0.2778
asym_mig	Round_4_Replicate_13	-37209.33	74428.66	108939.43	47894.01	0.4682,0.0406,0.5227,27.6255,0.5872
asym_mig	Round_4_Replicate_14	-38999.86	78009.72	123240.19	41431.6	0.5936,0.0435,0.5753,27.0654,0.8069
asym_mig	Round_4_Replicate_15	-38577.46	77164.92	128527.26	39501.31	0.6233,0.0439,0.5885,28.2127,0.7512
asym_mig	Round_4_Replicate_16	-38140.56	76291.12	131574.58	42741.45	0.5624,0.0441,0.8015,29.1806,0.7644
asym_mig	Round_4_Replicate_17	-34466.77	68943.54	119097.36	36611.57	0.5348,0.0557,0.6856,24.0699,0.2231
asym_mig	Round_4_Replicate_18	-34267.83	68545.66	121828.6	45427.74	0.3938,0.0585,0.4661,25.3363,0.2949
asym_mig	Round_4_Replicate_19	-32473.9	64957.8	90341.48	45545.17	0.3711,0.0472,1.0915,24.1407,0.2591
asym_mig	Round_4_Replicate_20	-35112.56	70235.12	121791.34	56017.62	0.3425,0.0493,1.1602,28.6461,0.4483
asym_mig	Round_4_Replicate_21	-41545.96	83101.92	123216.72	32320.39	0.811,0.0514,0.8384,20.0937,1.0028
asym_mig	Round_4_Replicate_22	-36443.94	72897.88	123676.49	38855.07	0.5422,0.0634,0.7218,21.0753,0.4014
asym_mig	Round_4_Replicate_23	-38574.96	77159.92	128977.49	39870.81	0.5743,0.0626,0.8389,20.4801,0.6584
asym_mig	Round_4_Replicate_24	-35204.58	70419.16	117542.94	47668.66	0.4451,0.0434,1.2475,29.708,0.5234
asym_mig	Round_4_Replicate_25	-33468.68	66947.36	124498.94	46843.13	0.387,0.0504,0.4637,29.8671,0.3011
asym_mig	Round_4_Replicate_26	-39339.36	78688.72	147937.6	37772.2	0.6101,0.0738,0.9573,19.1781,0.6959
asym_mig	Round_4_Replicate_27	-35823.25	71656.5	111692.22	39291.27	0.5568,0.0462,0.5569,26.0305,0.4045
asym_mig	Round_4_Replicate_28	-35916.21	71842.42	108167.93	48620.58	0.4453,0.0398,0.8127,29.2683,0.5365
asym_mig	Round_4_Replicate_29	-37249.61	74509.22	127013.67	39431.86	0.6004,0.0443,1.1471,28.4603,0.6513
asym_mig	Round_4_Replicate_30	-40082.39	80174.78	161835.76	48972.71	0.485,0.0546,0.5213,27.6643,0.8302
asym_mig	Round_4_Replicate_31	-37027.78	74065.56	118815.3	47498.19	0.4785,0.0416,0.4751,29.8855,0.6063
asym_mig	Round_4_Replicate_32	-39532.18	79074.36	119399.63	46891.68	0.495,0.0519,0.6729,22.2384,0.7691
asym_mig	Round_4_Replicate_33	-41557.36	83124.72	129578.88	48329.75	0.4738,0.0678,0.8875,17.9252,0.924
asym_mig	Round_4_Replicate_34	-39385.37	78780.74	135110.19	36640.87	0.6855,0.0502,1.2897,24.7034,0.9825
asym_mig	Round_4_Replicate_35	-40170.29	80350.58	139950.22	34997.92	0.7525,0.0441,0.3161,28.7871,0.8957
asym_mig	Round_4_Replicate_36	-37045.34	74100.68	123107.89	41370.1	0.5633,0.0432,0.5118,29.204,0.5802
asym_mig	Round_4_Replicate_37	-35363.78	70737.56	134373.17	38578.5	0.5536,0.0509,0.5862,28.1817,0.3547
asym_mig	Round_4_Replicate_38	-38234.7	76479.4	137578.27	45651.51	0.5169,0.0465,0.436,29.3911,0.7055
asym_mig	Round_4_Replicate_39	-37893.89	75797.78	124230.21	35829.87	0.5808,0.079,0.4384,16.7512,0.3216
asym_mig	Round_4_Replicate_40	-41168.81	82347.62	131615.63	30746.99	0.8216,0.07,0.6297,16.7071,0.4772
