Model	Replicate	log-likelihood	AIC	chi-squared	theta	optimized_params(nu1, nu2, m, T1, T2)
anc_sym_mig	Round_1_Replicate_1	-1066599.69	2133209.38	219256840731.55	10261.44	0.7878,0.9225,3.7613,3.19,5.8279
anc_sym_mig	Round_1_Replicate_2	-116504.27	233018.54	391985.68	14876.02	8.058,0.3322,2.9954,0.2309,0.1341
anc_sym_mig	Round_1_Replicate_3	-191463.36	382936.72	1186878.05	14371.61	0.8282,1.4219,0.1749,1.8013,0.2275
anc_sym_mig	Round_1_Replicate_4	-202256.01	404522.02	1626981.55	7765.01	2.6811,2.0635,0.2823,1.986,1.2408
anc_sym_mig	Round_1_Replicate_5	-243688.04	487386.08	251550422457.31	3201.14	5.6715,0.1981,4.0569,3.057,4.8984
anc_sym_mig	Round_1_Replicate_6	-80513.79	161037.58	237608.0	11048.38	1.5041,2.1007,0.9708,1.7405,0.1525
anc_sym_mig	Round_1_Replicate_7	-209699.69	419409.38	1971178.63	6421.27	4.713,1.3639,3.8927,2.2897,1.8645
anc_sym_mig	Round_1_Replicate_8	-245030.3	490070.6	255046652982.18	3152.07	5.9911,0.137,2.4668,0.179,4.8334
anc_sym_mig	Round_1_Replicate_9	-89398.41	178806.82	271816.95	17596.9	2.2882,0.697,1.1221,0.1434,0.1953
anc_sym_mig	Round_1_Replicate_10	-116093.41	232196.82	347130.65	15612.86	1.0192,3.3011,1.7965,0.1355,0.3806
anc_sym_mig	Round_2_Replicate_1	-164325.63	328661.26	596114.15	13254.58	0.5191,3.3553,3.4225,2.1203,0.4519
anc_sym_mig	Round_2_Replicate_2	-57851.71	115713.42	180133.4	7456.74	4.3532,0.8799,1.7572,7.7537,0.1349
anc_sym_mig	Round_2_Replicate_3	-87378.05	174766.1	259621.33	12647.89	0.5895,4.8109,3.684,2.4638,0.1052
anc_sym_mig	Round_2_Replicate_4	-108992.31	217994.62	306506.16	15870.6	0.7441,3.2533,0.8831,0.5376,0.1064
anc_sym_mig	Round_2_Replicate_5	-104843.78	209697.56	260081.64	15405.74	0.522,2.3615,2.0312,1.7629,0.1551
anc_sym_mig	Round_2_Replicate_6	-60711.49	121432.98	191575.47	5264.42	4.6137,2.1382,2.4944,6.8465,0.4455
anc_sym_mig	Round_2_Replicate_7	-190875.55	381761.1	857576.97	10112.77	0.6426,3.6897,0.39,2.8122,0.3272
anc_sym_mig	Round_2_Replicate_8	-154809.28	309628.56	801867.09	17434.06	1.0468,0.9217,0.6038,0.5557,0.4113
anc_sym_mig	Round_2_Replicate_9	-104264.59	208539.18	688039.38	8080.44	1.9255,5.8152,0.9005,1.8136,0.0543
anc_sym_mig	Round_2_Replicate_10	-86044.75	172099.5	203348.43	14674.08	0.6253,1.5146,1.0585,3.6659,0.0941
anc_sym_mig	Round_2_Replicate_11	-108183.96	216377.92	5518947.8	4805.62	4.3891,5.7716,3.4846,3.7541,0.228
anc_sym_mig	Round_2_Replicate_12	-133395.53	266801.06	527671.38	18776.15	0.5885,0.6331,0.4371,6.4734,0.102
anc_sym_mig	Round_2_Replicate_13	-77615.01	155240.02	173953.21	13385.99	0.7174,1.8285,3.5337,4.358,0.2178
anc_sym_mig	Round_2_Replicate_14	-216800.19	433610.38	1087357.98	11391.58	0.4586,5.5021,3.3181,2.7965,0.5822
anc_sym_mig	Round_2_Replicate_15	-50767.46	101544.92	126962.32	18532.1	0.9243,0.607,2.787,2.7988,0.0837
anc_sym_mig	Round_2_Replicate_16	-102833.96	205677.92	309053.94	10934.04	0.5912,5.2151,1.433,2.8303,0.05
anc_sym_mig	Round_2_Replicate_17	-94168.72	188347.44	536481.97	15350.91	0.721,6.4066,4.3015,0.5517,0.0844
anc_sym_mig	Round_2_Replicate_18	-90583.74	181177.48	303769.74	12439.48	1.8126,1.698,0.6084,1.0234,0.0889
anc_sym_mig	Round_2_Replicate_19	-85524.88	171059.76	240607.34	11429.56	1.2115,1.1928,1.6765,7.2697,0.3918
anc_sym_mig	Round_2_Replicate_20	-93894.85	187799.7	285187.2	15370.06	1.1962,2.0359,0.448,0.6225,0.0295
anc_sym_mig	Round_3_Replicate_1	-66299.74	132609.48	172483.09	20316.3	0.6953,0.7716,1.1058,1.3062,0.0244
anc_sym_mig	Round_3_Replicate_2	-58563.22	117136.44	161996.85	9968.09	3.6179,0.6965,11.1002,7.8854,0.2253
anc_sym_mig	Round_3_Replicate_3	-71630.18	143270.36	198641.47	13944.13	1.2991,1.2891,3.3764,1.2983,0.2166
anc_sym_mig	Round_3_Replicate_4	-70290.23	140590.46	198476.98	13553.41	1.6959,0.6943,3.2018,2.712,0.237
anc_sym_mig	Round_3_Replicate_5	-45718.18	91446.36	117523.37	20681.12	0.8004,0.5193,2.369,3.6608,0.0345
anc_sym_mig	Round_3_Replicate_6	-63178.18	126366.36	170563.02	27189.68	0.5298,0.3915,1.3159,12.9382,0.012
anc_sym_mig	Round_3_Replicate_7	-97370.95	194751.9	281709.71	23069.85	0.524,0.6845,2.0574,1.8697,0.182
anc_sym_mig	Round_3_Replicate_8	-52112.26	104234.52	130351.1	35478.24	0.4181,0.2868,2.3575,1.2691,0.0108
anc_sym_mig	Round_3_Replicate_9	-66143.81	132297.62	207814.9	17165.17	1.9493,0.3593,1.7667,1.0873,0.0119
anc_sym_mig	Round_3_Replicate_10	-72478.67	144967.34	264749.83	10139.77	1.8081,2.058,1.0611,2.0357,0.0914
anc_sym_mig	Round_3_Replicate_11	-66232.5	132475.0	151003.85	15049.11	0.6337,1.5226,3.6061,5.4841,0.1308
anc_sym_mig	Round_3_Replicate_12	-55443.09	110896.18	143599.14	18491.44	1.0403,0.5938,3.0214,1.7485,0.1024
anc_sym_mig	Round_3_Replicate_13	-86029.36	172068.72	201165.81	12603.5	0.6902,1.6212,0.8309,8.0343,0.0922
anc_sym_mig	Round_3_Replicate_14	-57918.52	115847.04	206163.07	20237.21	0.506,1.1121,4.9762,2.2256,0.052
anc_sym_mig	Round_3_Replicate_15	-44816.69	89643.38	119481.58	11599.86	1.5202,0.8231,1.0438,9.0772,0.0117
anc_sym_mig	Round_3_Replicate_16	-49250.06	98510.12	214957.88	10776.15	1.462,1.2962,5.0827,4.886,0.1363
anc_sym_mig	Round_3_Replicate_17	-88936.37	177882.74	203716.3	11220.4	0.7407,2.2413,1.3096,6.7576,0.1839
anc_sym_mig	Round_3_Replicate_18	-46866.73	93743.46	128836.89	11581.05	1.8006,0.6902,1.1133,7.3354,0.0167
anc_sym_mig	Round_3_Replicate_19	-75053.67	150117.34	190224.2	13724.79	0.6817,1.7085,0.937,3.3173,0.0107
anc_sym_mig	Round_3_Replicate_20	-43784.95	87579.9	120159.41	25102.67	0.6227,0.4477,3.1016,7.1905,0.0215
anc_sym_mig	Round_3_Replicate_21	-65497.19	131004.38	173356.79	18269.18	0.7596,0.7301,0.8653,2.6425,0.0123
anc_sym_mig	Round_3_Replicate_22	-55388.9	110787.8	217193.62	17820.54	1.6445,0.4811,8.6432,1.4147,0.0838
anc_sym_mig	Round_3_Replicate_23	-54047.71	108105.42	170932.5	20027.28	0.5175,0.9485,3.5748,12.4871,0.0394
anc_sym_mig	Round_3_Replicate_24	-47573.15	95156.3	119852.44	25338.41	0.6718,0.4079,2.5867,1.7565,0.0296
anc_sym_mig	Round_3_Replicate_25	-60224.78	120459.56	349314.52	16889.24	0.6812,1.4447,6.6298,1.7578,0.0675
anc_sym_mig	Round_3_Replicate_26	-76497.15	153004.3	189020.64	15774.46	0.5433,2.1889,4.3261,2.3892,0.1153
anc_sym_mig	Round_3_Replicate_27	-59462.71	118935.42	267599.41	20859.83	0.5951,1.0379,3.2937,0.9073,0.0266
anc_sym_mig	Round_3_Replicate_28	-51565.27	103140.54	356343.58	19925.18	1.4309,0.3609,6.2007,6.0899,0.0248
anc_sym_mig	Round_3_Replicate_29	-86538.01	173086.02	283169.37	10671.31	2.0647,1.7547,0.7741,1.5128,0.169
anc_sym_mig	Round_3_Replicate_30	-100583.55	201177.1	334948.66	31267.67	0.4497,0.3551,1.8642,0.7431,0.1209
anc_sym_mig	Round_4_Replicate_1	-42455.34	84920.68	146204.8	31611.56	0.539,0.3275,4.5249,9.6338,0.011
anc_sym_mig	Round_4_Replicate_2	-43122.61	86255.22	138297.77	20678.93	0.9308,0.4402,2.8145,4.5059,0.0162
anc_sym_mig	Round_4_Replicate_3	-43648.83	87307.66	182959.16	21096.69	0.9433,0.4275,3.6081,4.9819,0.0161
anc_sym_mig	Round_4_Replicate_4	-48764.35	97538.7	129215.61	27546.98	0.6943,0.2976,2.2324,5.5535,0.0108
anc_sym_mig	Round_4_Replicate_5	-42367.82	84745.64	142471.1	17913.36	0.9589,0.5673,2.35,19.961,0.0131
anc_sym_mig	Round_4_Replicate_6	-42735.81	85481.62	138080.54	28830.33	0.6456,0.3269,4.2713,4.2122,0.0158
anc_sym_mig	Round_4_Replicate_7	-45622.27	91254.54	266990.25	16399.87	0.8776,0.7749,2.9058,11.7919,0.0136
anc_sym_mig	Round_4_Replicate_8	-44195.95	88401.9	140532.55	14607.08	0.977,0.8607,1.9656,21.0055,0.0278
anc_sym_mig	Round_4_Replicate_9	-46849.63	93709.26	122485.47	19641.96	0.7041,0.6525,1.8332,4.8939,0.0111
anc_sym_mig	Round_4_Replicate_10	-42734.25	85478.5	153709.89	16502.03	1.0676,0.6152,2.6633,8.1184,0.0284
anc_sym_mig	Round_4_Replicate_11	-45188.45	90386.9	187180.42	19236.82	0.7307,0.691,4.8324,18.6008,0.0464
anc_sym_mig	Round_4_Replicate_12	-44302.71	88615.42	116287.82	22964.32	0.6814,0.4792,2.3803,8.4352,0.0164
anc_sym_mig	Round_4_Replicate_13	-44463.01	88936.02	203930.32	18948.71	0.7659,0.6573,2.8996,13.4767,0.0106
anc_sym_mig	Round_4_Replicate_14	-44910.31	89830.62	185494.01	17233.69	1.1757,0.545,5.0131,5.4706,0.0565
anc_sym_mig	Round_4_Replicate_15	-43400.12	86810.24	137580.38	15617.66	1.1958,0.6076,1.8867,5.2212,0.0126
anc_sym_mig	Round_4_Replicate_16	-42578.79	85167.58	155698.74	28415.61	0.6417,0.3403,4.2857,7.8817,0.0115
anc_sym_mig	Round_4_Replicate_17	-47487.88	94985.76	120160.86	22468.8	0.5987,0.5766,2.0647,10.4969,0.0123
anc_sym_mig	Round_4_Replicate_18	-44065.52	88141.04	221647.75	22758.11	0.7406,0.4814,5.8331,16.5782,0.0317
anc_sym_mig	Round_4_Replicate_19	-44265.62	88541.24	212273.68	14971.46	1.2328,0.6762,4.2813,9.3431,0.0563
anc_sym_mig	Round_4_Replicate_20	-42400.83	84811.66	147321.43	25540.27	0.6742,0.3992,3.5318,10.7832,0.0108
anc_sym_mig	Round_4_Replicate_21	-44213.8	88437.6	167294.12	14330.55	1.0188,0.8777,2.6544,10.873,0.045
anc_sym_mig	Round_4_Replicate_22	-43198.33	86406.66	128938.54	26471.36	0.5857,0.4278,3.173,4.5386,0.0115
anc_sym_mig	Round_4_Replicate_23	-42431.72	84873.44	139172.22	29472.67	0.5782,0.3493,4.0138,15.8771,0.0113
anc_sym_mig	Round_4_Replicate_24	-42593.53	85197.06	159692.38	25921.15	0.6937,0.3795,3.9582,5.6349,0.0125
anc_sym_mig	Round_4_Replicate_25	-42505.93	85021.86	151150.09	30506.95	0.5866,0.3231,4.5624,13.2521,0.0117
anc_sym_mig	Round_4_Replicate_26	-42667.13	85344.26	146105.42	20800.85	0.8408,0.4897,3.375,12.4759,0.0258
anc_sym_mig	Round_4_Replicate_27	-43258.68	86527.36	152666.06	30141.49	0.5809,0.3448,6.3794,4.4374,0.0282
anc_sym_mig	Round_4_Replicate_28	-42429.54	84869.08	138797.28	34557.95	0.505,0.2906,4.788,6.1574,0.0103
anc_sym_mig	Round_4_Replicate_29	-42899.9	85809.8	169798.76	18283.67	1.0377,0.5064,2.7266,12.8468,0.0113
anc_sym_mig	Round_4_Replicate_30	-45684.37	91378.74	264332.92	16055.25	0.889,0.8035,3.0908,11.1611,0.0209
anc_sym_mig	Round_4_Replicate_31	-50578.86	101167.72	320267.73	18942.5	0.6304,0.8601,3.5593,4.644,0.0143
anc_sym_mig	Round_4_Replicate_32	-42778.24	85566.48	130264.25	23745.44	0.6765,0.4582,2.9081,9.351,0.0124
anc_sym_mig	Round_4_Replicate_33	-44224.66	88459.32	194417.0	18701.33	0.8465,0.6304,4.355,5.3452,0.0408
anc_sym_mig	Round_4_Replicate_34	-43307.89	86625.78	159056.67	17722.68	1.017,0.5707,3.8106,11.8339,0.0457
anc_sym_mig	Round_4_Replicate_35	-45000.7	90011.4	144896.57	17190.7	0.8247,0.7536,2.2282,5.383,0.0208
anc_sym_mig	Round_4_Replicate_36	-42364.36	84738.72	142033.31	16732.79	1.0403,0.5987,2.2029,12.9816,0.0143
anc_sym_mig	Round_4_Replicate_37	-42533.31	85076.62	157890.61	26185.99	0.6832,0.3765,3.9048,12.3181,0.0115
anc_sym_mig	Round_4_Replicate_38	-42477.27	84964.54	138478.34	37405.95	0.4687,0.2678,5.3021,9.2337,0.0106
anc_sym_mig	Round_4_Replicate_39	-42558.87	85127.74	162226.27	17612.44	1.0132,0.56,2.5572,11.9838,0.0132
anc_sym_mig	Round_4_Replicate_40	-44757.93	89525.86	183863.27	17425.72	0.8074,0.7452,2.7007,7.7998,0.0187
