Model	Replicate	log-likelihood	AIC	chi-squared	theta	optimized_params(nu1a, nu2a, nu1b, nu2b, m, T1, T2)
anc_sym_mig_size	Round_1_Replicate_1	-184741.82	369497.64	1409065.37	17713.2	1.3708,1.1989,2.3697,0.2346,0.1602,0.2904,0.3032
anc_sym_mig_size	Round_1_Replicate_2	-627957.27	1255928.54	391743293.3	23144.4	0.6766,2.3272,0.5528,0.3652,0.9703,0.1304,1.6748
anc_sym_mig_size	Round_1_Replicate_3	-247441.26	494896.52	201144036400451.6	2493.33	0.5951,0.1523,0.1726,5.415,0.7664,0.2166,4.0519
anc_sym_mig_size	Round_1_Replicate_4	-190109.09	380232.18	875607.84	10859.49	2.236,1.5832,0.4967,2.383,1.207,3.8215,0.6497
anc_sym_mig_size	Round_1_Replicate_5	-998549.72	1997113.44	153088462144.17	9242.55	0.3672,1.3251,2.9406,0.2927,1.43,1.4965,3.3443
anc_sym_mig_size	Round_1_Replicate_6	-199306.99	398627.98	1479373.42	12887.24	1.4746,0.5655,1.2662,1.5469,2.6713,1.1748,1.0913
anc_sym_mig_size	Round_1_Replicate_7	-206758.07	413530.14	1757647.37	14277.36	3.0962,0.2572,7.5658,0.2232,0.4396,0.2896,0.2031
anc_sym_mig_size	Round_1_Replicate_8	-187894.41	375802.82	1314507.67	8670.98	1.3967,0.5284,5.0318,1.8502,0.988,0.6905,0.9403
anc_sym_mig_size	Round_1_Replicate_9	-445579.0	891172.0	12649418.04	7818.21	0.888,4.9866,0.2074,8.3285,0.1859,3.695,0.5759
anc_sym_mig_size	Round_1_Replicate_10	-756329.47	1512672.94	1775288917.66	9411.11	4.5006,4.6952,0.7127,2.2836,0.3783,0.3098,4.5264
anc_sym_mig_size	Round_2_Replicate_1	-192914.15	385842.3	1584728.69	20226.17	1.1273,0.6949,1.577,0.1112,0.3311,0.7881,0.1283
anc_sym_mig_size	Round_2_Replicate_2	-881368.35	1762750.7	21537792153.05	11681.76	0.3819,0.4408,6.0455,0.0924,0.4319,0.2922,0.9207
anc_sym_mig_size	Round_2_Replicate_3	-135233.12	270480.24	657509.5	21280.26	1.3724,4.5175,2.9688,0.1065,0.0455,0.127,0.1264
anc_sym_mig_size	Round_2_Replicate_4	-170104.22	340222.44	1111512.84	12400.08	4.3225,3.4158,2.2913,0.4116,0.0711,0.8207,0.3293
anc_sym_mig_size	Round_2_Replicate_5	-73194.75	146403.5	360377.3	19665.55	3.3366,2.8492,3.642,0.3856,0.245,0.0894,0.0699
anc_sym_mig_size	Round_2_Replicate_6	-160300.53	320615.06	930756.31	16696.14	1.3361,4.4412,3.5359,0.1644,0.1547,0.5572,0.157
anc_sym_mig_size	Round_2_Replicate_7	-266209.81	532433.62	3948082.56	23476.65	0.462,1.0471,1.4391,0.1798,0.0589,0.5267,0.2546
anc_sym_mig_size	Round_2_Replicate_8	-122054.69	244123.38	505018.71	23853.46	0.5281,0.7091,3.5761,0.1407,0.4438,0.1691,0.1069
anc_sym_mig_size	Round_2_Replicate_9	-563386.49	1126786.98	217612117.76	21331.86	5.6804,1.2992,1.1303,0.1329,0.456,0.2007,0.8279
anc_sym_mig_size	Round_2_Replicate_10	-131135.97	262285.94	618005.81	22305.63	0.4074,0.6013,1.8336,0.257,0.2103,0.0702,0.2396
anc_sym_mig_size	Round_2_Replicate_11	-174082.12	348178.24	1129423.26	20870.61	0.5951,0.3916,1.1411,0.6186,0.3768,0.2838,0.3463
anc_sym_mig_size	Round_2_Replicate_12	-68949.8	137913.6	193542.0	20999.56	4.5314,0.8986,1.5792,0.4544,0.0781,0.0756,0.124
anc_sym_mig_size	Round_2_Replicate_13	-736991.03	1473996.06	2728911115.68	13473.79	0.7691,0.492,3.2549,0.1223,0.2446,0.4058,0.9671
anc_sym_mig_size	Round_2_Replicate_14	-232005.92	464025.84	2689780.3	19536.46	0.9641,1.1744,1.9059,0.1645,0.1527,0.5063,0.2672
anc_sym_mig_size	Round_2_Replicate_15	-476541.9	953097.8	69112147.04	18182.43	1.6234,1.7346,2.0433,0.1188,0.2762,0.071,0.6366
anc_sym_mig_size	Round_2_Replicate_16	-669685.67	1339385.34	902155822.19	10188.16	1.6826,1.5216,7.4426,0.0789,0.4117,1.0713,0.5846
anc_sym_mig_size	Round_2_Replicate_17	-240519.96	481053.92	2805429.76	9405.79	1.3223,0.8739,6.0606,0.8139,0.0805,0.3183,0.9189
anc_sym_mig_size	Round_2_Replicate_18	-259216.5	518447.0	3675763.92	14223.73	3.3406,0.4404,5.9869,0.1762,0.2145,0.0746,0.3968
anc_sym_mig_size	Round_2_Replicate_19	-361889.66	723793.32	14963525.43	27179.46	0.5163,0.4152,1.0978,0.0801,0.6045,0.3002,0.2773
anc_sym_mig_size	Round_2_Replicate_20	-244269.79	488553.58	234542989853.53	9113.27	1.1859,2.8956,1.9132,0.0563,0.6306,0.0985,1.1743
anc_sym_mig_size	Round_3_Replicate_1	-72634.3	145282.6	532643.63	20103.85	3.5545,2.7392,2.5448,0.6472,0.0503,0.0602,0.0904
anc_sym_mig_size	Round_3_Replicate_2	-85372.96	170759.92	257504.12	20330.21	6.6534,0.2985,1.4288,0.6811,0.1436,0.0408,0.2382
anc_sym_mig_size	Round_3_Replicate_3	-57753.94	115521.88	254243.74	23418.1	7.0397,0.4739,2.4079,0.3231,0.2316,0.0189,0.0652
anc_sym_mig_size	Round_3_Replicate_4	-91442.24	182898.48	1906281.13	18071.83	4.3798,2.6375,3.4799,1.6647,0.1187,0.0206,0.1504
anc_sym_mig_size	Round_3_Replicate_5	-49406.89	98827.78	159952.67	25576.22	13.0579,0.4276,0.8909,0.3547,0.0326,0.0267,0.0689
anc_sym_mig_size	Round_3_Replicate_6	-58190.98	116395.96	352147.25	23713.93	1.8094,2.7673,3.2528,0.23,0.0645,0.0374,0.0426
anc_sym_mig_size	Round_3_Replicate_7	-68112.32	136238.64	290226.57	20580.84	2.0632,1.1423,4.2597,0.2596,0.1386,0.1373,0.024
anc_sym_mig_size	Round_3_Replicate_8	-62445.71	124905.42	171774.52	22700.71	7.8088,0.3767,1.7365,0.2582,0.0175,0.0593,0.0592
anc_sym_mig_size	Round_3_Replicate_9	-76980.08	153974.16	213479.58	20184.87	1.4441,0.4484,3.2379,0.4012,0.2069,0.0289,0.1462
anc_sym_mig_size	Round_3_Replicate_10	-94650.56	189315.12	329935.08	20595.92	8.7713,0.5012,1.259,0.2192,0.1368,0.1672,0.0936
anc_sym_mig_size	Round_3_Replicate_11	-87167.29	174348.58	8254338.95	22487.77	6.8916,2.1452,1.3582,1.7294,0.2243,0.0315,0.0547
anc_sym_mig_size	Round_3_Replicate_12	-115609.62	231233.24	501036.73	22330.95	11.2011,0.5258,0.8319,0.271,0.0531,0.2111,0.1596
anc_sym_mig_size	Round_3_Replicate_13	-118557.91	237129.82	467983.69	29049.43	15.2363,0.4632,0.4479,0.3583,0.0622,0.0855,0.2332
anc_sym_mig_size	Round_3_Replicate_14	-48358.82	96731.64	129620.08	26709.14	13.9017,0.9882,0.5439,0.2122,0.2889,0.06,0.0559
anc_sym_mig_size	Round_3_Replicate_15	-146059.6	292133.2	722318.08	15191.1	3.2327,1.8832,4.537,0.3593,0.0544,0.0429,0.3616
anc_sym_mig_size	Round_3_Replicate_16	-68201.77	136417.54	538102.57	22016.54	1.4338,1.8541,1.1358,1.4442,0.1818,0.033,0.1045
anc_sym_mig_size	Round_3_Replicate_17	-62592.08	125198.16	261037.89	21653.43	3.3378,1.2509,1.2401,0.6062,0.0334,0.0812,0.079
anc_sym_mig_size	Round_3_Replicate_18	-151187.51	302389.02	852216.31	22817.97	4.7951,3.2513,0.9446,0.3546,0.2518,0.0877,0.4069
anc_sym_mig_size	Round_3_Replicate_19	-105252.7	210519.4	357775.93	13475.22	7.151,2.6405,3.0633,1.7605,0.0901,0.0481,0.4316
anc_sym_mig_size	Round_3_Replicate_20	-134486.06	268986.12	631879.36	15936.49	4.4363,3.8514,2.5145,0.4923,0.1186,0.0997,0.4195
anc_sym_mig_size	Round_3_Replicate_21	-85959.17	171932.34	254996.69	17468.59	1.8716,0.4509,2.9005,0.9319,0.144,0.0486,0.2167
anc_sym_mig_size	Round_3_Replicate_22	-79212.55	158439.1	275048.58	18404.51	1.4027,1.6262,2.4271,1.1031,0.1066,0.1576,0.091
anc_sym_mig_size	Round_3_Replicate_23	-70312.13	140638.26	201182.47	24844.06	2.9714,0.3022,0.4941,0.5989,0.0508,0.1375,0.0529
anc_sym_mig_size	Round_3_Replicate_24	-103672.16	207358.32	328706.3	16569.24	6.4353,1.2844,5.2964,0.2916,0.2582,0.1278,0.1426
anc_sym_mig_size	Round_3_Replicate_25	-116793.37	233600.74	455132.4	16439.08	3.0997,0.5319,2.6414,0.5979,0.0613,0.0439,0.3706
anc_sym_mig_size	Round_3_Replicate_26	-56819.37	113652.74	258204.62	23477.64	6.7305,3.6091,1.4329,0.4774,0.0337,0.0159,0.0936
anc_sym_mig_size	Round_3_Replicate_27	-85415.38	170844.76	254414.08	19843.57	1.3831,1.0479,2.3338,0.3512,0.2299,0.1783,0.1088
anc_sym_mig_size	Round_3_Replicate_28	-41969.69	83953.38	134131.52	27910.41	4.4033,3.6983,0.5221,0.1308,0.0467,0.0366,0.0341
anc_sym_mig_size	Round_3_Replicate_29	-75087.95	150189.9	212749.84	22292.75	7.6106,1.7605,2.1946,0.2216,0.2106,0.0264,0.1206
anc_sym_mig_size	Round_3_Replicate_30	-69368.4	138750.8	195765.55	20751.7	8.5043,1.2136,1.0829,0.624,0.3235,0.1122,0.1367
anc_sym_mig_size	Round_4_Replicate_1	-43157.62	86329.24	121227.69	28292.69	3.6399,1.9823,0.4297,0.1759,0.0394,0.0474,0.0433
anc_sym_mig_size	Round_4_Replicate_2	-37618.46	75250.92	104296.46	30684.35	4.3647,3.1554,0.3217,0.1215,0.0886,0.0241,0.033
anc_sym_mig_size	Round_4_Replicate_3	-38668.77	77351.54	122939.48	30002.34	4.0675,3.179,0.3709,0.1733,0.0551,0.0194,0.0385
anc_sym_mig_size	Round_4_Replicate_4	-39694.32	79402.64	121781.12	29613.09	3.4645,5.508,0.3587,0.1666,0.0381,0.0301,0.0378
anc_sym_mig_size	Round_4_Replicate_5	-39833.15	79680.3	128184.07	28743.0	3.5542,5.9591,0.6293,0.0893,0.0611,0.0156,0.0262
anc_sym_mig_size	Round_4_Replicate_6	-44670.55	89355.1	159591.2	27039.04	2.74,3.5887,1.0058,0.1897,0.0604,0.0103,0.0489
anc_sym_mig_size	Round_4_Replicate_7	-41260.48	82534.96	118391.83	28649.79	4.8035,2.6902,0.5784,0.1386,0.0635,0.0207,0.0412
anc_sym_mig_size	Round_4_Replicate_8	-39780.2	79574.4	126244.86	29797.25	5.1129,4.7579,0.2926,0.1686,0.0793,0.0355,0.0342
anc_sym_mig_size	Round_4_Replicate_9	-41333.99	82681.98	160948.31	27999.38	7.5165,5.2818,0.6247,0.1169,0.0395,0.0212,0.0288
anc_sym_mig_size	Round_4_Replicate_10	-41565.01	83144.02	141883.95	28219.94	4.5756,3.4644,0.4319,0.165,0.0272,0.0389,0.0363
anc_sym_mig_size	Round_4_Replicate_11	-41215.71	82445.42	126934.37	29605.32	2.1373,4.5077,0.281,0.1748,0.0775,0.0445,0.0331
anc_sym_mig_size	Round_4_Replicate_12	-44515.14	89044.28	140560.41	27129.94	2.4434,5.6187,0.9068,0.1187,0.0359,0.0265,0.0346
anc_sym_mig_size	Round_4_Replicate_13	-44901.61	89817.22	200812.66	26856.88	6.1777,3.8225,0.7163,0.0864,0.0424,0.0322,0.0202
anc_sym_mig_size	Round_4_Replicate_14	-39033.88	78081.76	131683.09	29323.95	3.0834,4.575,0.4262,0.1498,0.0487,0.023,0.0349
anc_sym_mig_size	Round_4_Replicate_15	-39416.14	78846.28	112315.63	29870.15	4.5514,5.0927,0.4699,0.1788,0.0358,0.0101,0.0478
anc_sym_mig_size	Round_4_Replicate_16	-39332.77	78679.54	123962.37	29845.81	7.0741,1.9878,0.3618,0.1888,0.0513,0.022,0.0402
anc_sym_mig_size	Round_4_Replicate_17	-41004.1	82022.2	127490.46	28314.19	5.49,2.2959,0.5527,0.0769,0.0756,0.026,0.0227
anc_sym_mig_size	Round_4_Replicate_18	-45987.34	91988.68	166384.5	26511.07	8.3832,4.7877,0.7386,0.2343,0.0441,0.0297,0.0535
anc_sym_mig_size	Round_4_Replicate_19	-43853.22	87720.44	173780.38	27278.61	7.8679,6.8784,0.9901,0.1176,0.0238,0.0149,0.0305
anc_sym_mig_size	Round_4_Replicate_20	-42976.18	85966.36	133798.65	27611.07	5.2338,3.7451,0.6811,0.125,0.0331,0.0275,0.0358
anc_sym_mig_size	Round_4_Replicate_21	-34083.32	68180.64	112542.02	31373.54	3.506,4.0273,0.2594,0.0809,0.0583,0.0145,0.0202
anc_sym_mig_size	Round_4_Replicate_22	-45254.01	90522.02	162232.06	26745.6	3.9673,5.4106,0.9363,0.1706,0.0265,0.021,0.0439
anc_sym_mig_size	Round_4_Replicate_23	-36782.06	73578.12	143507.72	30347.02	4.0213,2.3037,0.2753,0.1193,0.046,0.023,0.0235
anc_sym_mig_size	Round_4_Replicate_24	-35753.33	71520.66	128451.33	30442.14	3.6783,1.9752,0.2922,0.0921,0.1018,0.0204,0.0211
anc_sym_mig_size	Round_4_Replicate_25	-38844.21	77702.42	141213.85	29399.55	3.1568,7.497,0.4772,0.167,0.0537,0.0128,0.0377
anc_sym_mig_size	Round_4_Replicate_26	-44046.92	88107.84	161914.28	27138.91	5.0839,6.2967,0.6952,0.1891,0.081,0.0271,0.0445
anc_sym_mig_size	Round_4_Replicate_27	-42446.49	84906.98	181765.37	27678.79	8.6548,2.9182,0.7217,0.1125,0.0402,0.0193,0.0267
anc_sym_mig_size	Round_4_Replicate_28	-37878.39	75770.78	117609.08	29942.5	3.297,4.2975,0.3205,0.1156,0.0665,0.0312,0.0282
anc_sym_mig_size	Round_4_Replicate_29	-40461.13	80936.26	130724.91	28531.2	4.7902,4.9554,0.6509,0.1235,0.1004,0.0146,0.0347
anc_sym_mig_size	Round_4_Replicate_30	-40178.59	80371.18	127241.1	29770.57	4.3375,7.3971,0.3277,0.1921,0.0314,0.0291,0.0391
anc_sym_mig_size	Round_4_Replicate_31	-42875.84	85765.68	134672.4	27592.48	5.0125,4.2867,0.5611,0.134,0.042,0.038,0.036
anc_sym_mig_size	Round_4_Replicate_32	-39141.08	78296.16	110285.0	30256.38	4.2762,4.7456,0.3154,0.1515,0.1045,0.0308,0.0368
anc_sym_mig_size	Round_4_Replicate_33	-39106.77	78227.54	134725.9	29527.89	6.9727,4.4869,0.3873,0.1728,0.0229,0.0216,0.0373
anc_sym_mig_size	Round_4_Replicate_34	-43766.17	87546.34	136512.29	27436.07	4.4766,5.1252,0.9065,0.1302,0.0662,0.0164,0.0389
anc_sym_mig_size	Round_4_Replicate_35	-41187.37	82388.74	114275.04	29518.37	2.7934,2.8627,0.379,0.183,0.0917,0.0334,0.044
anc_sym_mig_size	Round_4_Replicate_36	-44544.35	89102.7	174975.96	27029.84	3.4479,5.5981,0.7808,0.2055,0.0395,0.0216,0.0464
anc_sym_mig_size	Round_4_Replicate_37	-46250.78	92515.56	173326.28	26374.34	2.2872,2.406,0.9473,0.1381,0.0358,0.036,0.0329
anc_sym_mig_size	Round_4_Replicate_38	-43000.93	86015.86	146776.39	27362.06	6.2358,5.2756,0.4729,0.1333,0.0277,0.0479,0.0322
anc_sym_mig_size	Round_4_Replicate_39	-41755.12	83524.24	145072.62	28056.18	5.3896,2.9674,0.6277,0.1757,0.0415,0.0189,0.0427
anc_sym_mig_size	Round_4_Replicate_40	-46894.48	93802.96	167328.27	26191.16	2.9665,2.4082,0.9853,0.1801,0.0253,0.0294,0.0444
