Model	Replicate	log-likelihood	AIC	chi-squared	theta	optimized_params(nu1i, nu2i, nu1f, nu2f, T)
schange	Round_1_Replicate_1	-2301747.19	4603504.38	115061930.98	198331.51	1.4918,0.3256,0.7466,0.161,0.9868
schange	Round_1_Replicate_2	-2050488.71	4100987.42	41229586022858.67	133163.76	5.7287,0.1266,0.197,0.1488,3.2206
schange	Round_1_Replicate_3	-4774875.64	9549761.28	109590983459.43	73720.97	0.186,1.5551,2.9055,1.1025,4.4437
schange	Round_1_Replicate_4	-3788229.73	7576469.46	3945229934.58	114011.38	0.194,0.5943,0.6596,2.7567,2.2582
schange	Round_1_Replicate_5	-2455712.25	4911434.5	147382061.68	61632.79	0.2316,1.1804,3.6164,8.1772,2.4485
schange	Round_1_Replicate_6	-1977215.19	3954440.38	35927852.04	134346.08	5.1347,3.2245,0.195,1.465,1.9063
schange	Round_1_Replicate_7	-408264.5	816539.0	1137633.46	199272.75	1.0488,1.1615,0.4922,0.5609,0.4168
schange	Round_1_Replicate_8	-3696282.5	7392575.0	3072013774.36	111823.07	4.7546,0.3824,0.4814,1.3514,3.6435
schange	Round_1_Replicate_9	-1193235.62	2386481.24	10925004.82	136329.83	1.5754,0.758,0.7508,1.262,1.3227
schange	Round_1_Replicate_10	-636992.19	1273994.38	1517448.6	132929.78	0.4424,3.9408,3.0147,1.9595,0.3765
schange	Round_1_Replicate_11	-3145098.75	6290207.5	455627666.86	119121.78	0.1691,0.709,0.3702,6.9172,1.3738
schange	Round_1_Replicate_12	-2158561.91	4317133.82	70515375.2	295864.29	0.2759,0.272,0.2399,0.3822,0.7519
schange	Round_1_Replicate_13	-1451947.67	2903905.34	18807177.16	235021.0	0.5824,0.297,0.5746,0.2801,0.7071
schange	Round_1_Replicate_14	-473475.54	946961.08	978522.22	185113.82	0.1693,3.3236,2.3338,0.7424,0.1983
schange	Round_1_Replicate_15	-2032271.83	4064553.66	72636211.42	59055.52	4.3146,0.4675,2.0317,6.1311,3.3268
schange	Round_2_Replicate_1	-187164.64	374339.28	354524.88	261913.91	3.1262,0.6995,0.1353,0.2768,0.1496
schange	Round_2_Replicate_2	-612170.43	1224350.86	1864259.06	140620.26	0.7589,4.0564,0.9043,1.2312,0.6608
schange	Round_2_Replicate_3	-2316141.0	4632292.0	122422035.51	184234.84	0.3799,2.0011,0.802,0.2566,1.532
schange	Round_2_Replicate_4	-381769.6	763549.2	919361.88	176984.18	2.9691,3.8484,0.397,0.6318,0.4815
schange	Round_2_Replicate_5	-946661.39	1893332.78	3832108.39	213467.52	0.3597,2.2904,0.1974,0.8907,0.4401
schange	Round_2_Replicate_6	-978023.18	1956056.36	6488234.8	102000.0	1.1227,2.9426,1.632,1.3356,1.4652
schange	Round_2_Replicate_7	-1628760.09	3257530.18	27904086.75	161513.7	0.5048,0.9399,0.6677,0.8483,1.3021
schange	Round_2_Replicate_8	-458075.77	916161.54	1341321.75	173833.01	3.1129,0.3961,0.8335,1.6822,0.2154
schange	Round_2_Replicate_9	-1310076.84	2620163.68	14645659.76	168476.59	0.4267,4.1611,1.0443,0.3039,1.1425
schange	Round_2_Replicate_10	-314228.19	628466.38	619287.3	196330.3	1.6888,2.3229,0.4089,0.6005,0.2778
schange	Round_2_Replicate_11	-438608.29	877226.58	848269.85	220331.56	0.4847,2.2015,0.2186,1.4236,0.1429
schange	Round_2_Replicate_12	-1203502.92	2407015.84	11211966.02	190413.19	0.9479,4.5563,0.5252,0.2938,1.1386
schange	Round_2_Replicate_13	-1012725.81	2025461.62	7064612.15	215163.88	0.8892,4.6814,0.4343,0.234,0.8814
schange	Round_2_Replicate_14	-2513891.27	5027792.54	130419636.96	245602.12	0.9372,1.9984,0.1792,0.3112,1.3707
schange	Round_2_Replicate_15	-537071.07	1074152.14	1651985.13	278460.99	0.601,0.8575,0.1665,0.3419,0.306
schange	Round_2_Replicate_16	-1329485.34	2658980.68	14204545.62	163561.64	0.5281,0.3687,1.6733,0.4122,0.8233
schange	Round_2_Replicate_17	-314820.22	629650.44	561420.47	224125.45	1.3686,0.3505,0.2206,1.9303,0.1874
schange	Round_2_Replicate_18	-866329.36	1732668.72	3790998.03	168078.34	0.4272,0.6991,0.5569,2.0999,0.6244
schange	Round_2_Replicate_19	-200968.93	401947.86	396445.31	256394.77	0.4689,0.4035,0.429,0.2066,0.1201
schange	Round_2_Replicate_20	-380891.82	761793.64	769873.65	184520.15	0.3427,1.6724,1.7156,0.5065,0.2644
schange	Round_2_Replicate_21	-1749507.07	3499024.14	35461194.94	141751.71	1.9159,0.7835,1.4682,0.2246,1.2091
schange	Round_2_Replicate_22	-337123.68	674257.36	860183.58	233365.2	0.439,0.6138,0.8242,0.1988,0.2281
schange	Round_2_Replicate_23	-318849.56	637709.12	586387.2	231701.33	0.3542,0.7204,0.3584,0.8215,0.1735
schange	Round_2_Replicate_24	-240103.87	480217.74	444052.66	254932.39	0.5597,0.8095,0.2112,0.3852,0.1188
schange	Round_2_Replicate_25	-1782914.63	3565839.26	33570660.09	297558.18	0.2953,0.7587,0.2831,0.2111,0.7326
schange	Round_2_Replicate_26	-898454.21	1796918.42	5330600.74	225837.11	0.4859,0.8286,0.59,0.2925,0.61
schange	Round_2_Replicate_27	-644650.13	1289310.26	2687703.69	136415.86	1.211,4.0593,1.2964,0.5595,0.8819
schange	Round_2_Replicate_28	-202786.36	405582.72	403169.8	238879.68	3.2403,1.5371,0.217,0.247,0.1959
schange	Round_2_Replicate_29	-371876.57	743763.14	792872.41	189676.38	1.7287,1.5307,1.4044,0.1589,0.1907
schange	Round_2_Replicate_30	-1244990.67	2489991.34	13171067.72	114828.1	1.1715,1.5699,1.5859,0.7737,1.576
schange	Round_3_Replicate_1	-186333.71	372677.42	409679.06	282040.7	2.1507,0.2087,0.1444,0.1048,0.0822
schange	Round_3_Replicate_2	-267661.24	535332.48	529427.73	213775.95	0.957,2.3456,0.4585,0.3508,0.2389
schange	Round_3_Replicate_3	-174506.71	349023.42	353967.86	266112.32	3.7787,0.2887,0.1379,0.2201,0.1024
schange	Round_3_Replicate_4	-303822.87	607655.74	622269.47	194426.5	7.1883,1.4651,0.2875,0.719,0.2795
schange	Round_3_Replicate_5	-270868.82	541747.64	490415.7	239482.17	1.2866,2.1525,0.1817,0.3976,0.1765
schange	Round_3_Replicate_6	-168475.13	336960.26	342423.62	282964.81	1.1141,0.3497,0.1583,0.1835,0.115
schange	Round_3_Replicate_7	-179687.95	359385.9	330326.88	282851.54	10.164,0.1736,0.0664,0.4782,0.1079
schange	Round_3_Replicate_8	-218735.77	437481.54	405072.19	247014.67	2.1331,0.9292,0.1716,0.3704,0.162
schange	Round_3_Replicate_9	-475499.6	951009.2	1666858.94	252247.3	4.3591,2.0496,0.2598,0.1169,0.386
schange	Round_3_Replicate_10	-698286.13	1396582.26	3169731.52	251626.21	3.086,0.3999,0.2477,0.2922,0.4731
schange	Round_3_Replicate_11	-588439.05	1176888.1	2254473.44	290115.82	5.7306,0.2739,0.1492,0.191,0.313
schange	Round_3_Replicate_12	-293759.28	587528.56	577299.86	205031.96	5.9771,0.5612,0.2569,0.9876,0.26
schange	Round_3_Replicate_13	-432706.15	865422.3	1233510.89	207596.78	11.906,0.2209,0.3827,0.3294,0.2548
schange	Round_3_Replicate_14	-225405.12	450820.24	404460.74	257557.4	6.3466,0.2283,0.0941,0.9494,0.1247
schange	Round_3_Replicate_15	-237759.07	475528.14	420757.22	273090.05	1.7232,0.6872,0.0835,0.3726,0.1063
schange	Round_3_Replicate_16	-257048.18	514106.36	590956.19	260104.88	1.1402,0.4034,0.2237,0.3577,0.2026
schange	Round_3_Replicate_17	-465533.21	931076.42	1610633.64	236993.37	1.0539,2.6995,0.397,0.1794,0.4296
schange	Round_3_Replicate_18	-250503.08	501016.16	565515.38	229292.36	10.6289,0.4602,0.21,0.3872,0.235
schange	Round_3_Replicate_19	-351240.76	702491.52	866270.31	207385.78	1.2242,0.7634,0.4284,0.6222,0.3408
schange	Round_3_Replicate_20	-407320.61	814651.22	1252481.32	188697.1	8.223,0.9462,0.3907,0.447,0.4835
schange	Round_3_Replicate_21	-233990.79	467991.58	509005.93	228391.57	15.2961,0.6036,0.1926,0.3583,0.2321
schange	Round_3_Replicate_22	-260141.91	520293.82	473182.11	283486.0	2.9787,0.8491,0.0479,0.2917,0.0814
schange	Round_3_Replicate_23	-281987.73	563985.46	507287.72	248407.31	1.5059,2.4335,0.1338,0.3678,0.1673
schange	Round_3_Replicate_24	-247684.26	495378.52	463262.29	281540.6	7.9366,0.2842,0.0405,0.59,0.0741
schange	Round_3_Replicate_25	-262357.8	524725.6	487156.42	228890.26	2.4506,0.4029,0.2146,0.9297,0.1872
schange	Round_3_Replicate_26	-308667.36	617344.72	600873.5	213627.54	16.4039,0.8746,0.1421,1.0801,0.2142
schange	Round_3_Replicate_27	-1068073.07	2136156.14	6957174.9	340882.41	0.8313,0.197,0.1622,0.2031,0.3829
schange	Round_3_Replicate_28	-229397.5	458805.0	481786.83	237152.81	5.1243,0.3319,0.2252,0.3796,0.1775
schange	Round_3_Replicate_29	-299110.3	598230.6	597956.41	203375.16	5.407,0.7659,0.2658,0.9234,0.2398
schange	Round_3_Replicate_30	-241315.64	482641.28	534820.43	245176.48	6.3799,0.3592,0.2278,0.1254,0.0995
schange	Round_3_Replicate_31	-120000.19	240010.38	234679.14	310714.38	1.9576,0.6312,0.0615,0.0586,0.0596
schange	Round_3_Replicate_32	-952997.08	1906004.16	5737799.48	281450.98	0.7867,0.3273,0.269,0.2782,0.4851
schange	Round_3_Replicate_33	-609894.86	1219799.72	2168664.74	268294.37	0.958,0.3517,0.1908,0.5158,0.367
schange	Round_3_Replicate_34	-759719.17	1519448.34	3473707.85	276018.96	0.7629,2.5158,0.2326,0.1833,0.5041
schange	Round_3_Replicate_35	-135529.68	271069.36	252727.54	303572.25	11.2962,0.6544,0.0458,0.106,0.0794
schange	Round_3_Replicate_36	-219379.59	438769.18	469131.54	247240.26	1.9644,0.3062,0.2795,0.2074,0.1054
schange	Round_3_Replicate_37	-530251.78	1060513.56	4519132.26	188225.1	11.6264,0.8805,0.41,0.9598,0.1607
schange	Round_3_Replicate_38	-744842.78	1489695.56	3311170.57	323242.08	0.8947,0.205,0.1812,0.1896,0.301
schange	Round_3_Replicate_39	-165002.2	330014.4	305443.39	282367.0	3.2408,0.8335,0.0897,0.1785,0.1146
schange	Round_3_Replicate_40	-348355.16	696720.32	730853.81	251329.67	1.236,0.9403,0.0965,0.8024,0.0962
schange	Round_3_Replicate_41	-324628.72	649267.44	858052.69	248731.61	8.6882,0.9736,0.1441,0.3296,0.3264
schange	Round_3_Replicate_42	-162179.21	324368.42	330786.0	279572.6	1.235,0.2369,0.1559,0.1465,0.0798
schange	Round_3_Replicate_43	-263567.85	527145.7	565464.51	206307.45	2.2732,2.1858,0.4253,0.3191,0.2896
schange	Round_3_Replicate_44	-198776.18	397562.36	435113.1	257772.53	1.8367,0.3963,0.2239,0.14,0.0889
schange	Round_3_Replicate_45	-215644.52	431299.04	401028.67	250710.27	3.6659,0.3597,0.1446,0.5621,0.1572
schange	Round_3_Replicate_46	-280055.67	560121.34	565653.92	217545.14	1.5697,0.2658,0.4461,0.7194,0.184
schange	Round_3_Replicate_47	-190431.17	380872.34	367081.86	251938.47	5.353,0.6508,0.1445,0.3028,0.1536
schange	Round_3_Replicate_48	-206357.77	412725.54	366780.37	292902.03	7.6935,0.209,0.0487,0.5053,0.1013
schange	Round_3_Replicate_49	-188660.68	377331.36	385361.22	252159.25	15.7939,0.8047,0.1252,0.2536,0.1851
schange	Round_3_Replicate_50	-332971.19	665952.38	868030.81	210482.55	1.6745,0.9757,0.4315,0.4039,0.349
schange	Round_4_Replicate_1	-121913.64	243837.28	241125.15	309906.93	1.5681,0.3665,0.0629,0.0643,0.0532
schange	Round_4_Replicate_2	-128532.97	257075.94	250918.18	299863.49	2.5452,0.7637,0.0773,0.0795,0.0775
schange	Round_4_Replicate_3	-116940.36	233890.72	230492.81	315802.31	1.3628,0.7612,0.0625,0.046,0.0554
schange	Round_4_Replicate_4	-131307.31	262624.62	255531.33	303918.25	3.3949,0.5511,0.0674,0.0949,0.0814
schange	Round_4_Replicate_5	-119769.92	239549.84	231792.1	317298.42	2.0638,0.5246,0.0532,0.0617,0.0593
schange	Round_4_Replicate_6	-122235.0	244480.0	229106.15	323259.83	1.4296,0.4313,0.0445,0.0631,0.0509
schange	Round_4_Replicate_7	-116917.33	233844.66	225344.36	322035.42	1.2616,0.3252,0.0492,0.0583,0.0479
schange	Round_4_Replicate_8	-127640.42	255290.84	250915.8	300586.65	1.1152,0.989,0.1005,0.0642,0.073
schange	Round_4_Replicate_9	-112146.68	224303.36	220218.1	321863.07	1.5924,1.0772,0.0492,0.0345,0.0487
schange	Round_4_Replicate_10	-122413.02	244836.04	234593.64	313313.23	1.4389,0.3933,0.06,0.0735,0.0571
schange	Round_4_Replicate_11	-131834.65	263679.3	255426.0	299350.59	1.7858,0.4727,0.0825,0.0967,0.0733
schange	Round_4_Replicate_12	-110897.45	221804.9	217504.12	330285.42	1.4346,0.8108,0.041,0.0315,0.0438
schange	Round_4_Replicate_13	-114193.74	228397.48	225704.34	321362.61	1.6861,0.8494,0.0518,0.0392,0.0522
schange	Round_4_Replicate_14	-108659.62	217329.24	209172.08	335997.37	1.2414,0.5434,0.0307,0.0283,0.0344
schange	Round_4_Replicate_15	-111590.77	223191.54	219781.95	326093.28	3.4445,0.8917,0.0376,0.0351,0.0488
schange	Round_4_Replicate_16	-119462.81	238935.62	235896.88	314330.58	1.2435,0.8787,0.071,0.0493,0.0618
schange	Round_4_Replicate_17	-118635.49	237280.98	237331.39	311951.68	1.1745,0.867,0.0715,0.0418,0.0542
schange	Round_4_Replicate_18	-127922.95	255855.9	254096.93	306409.29	2.215,0.522,0.0738,0.0775,0.0739
schange	Round_4_Replicate_19	-119921.25	239852.5	235244.79	312656.98	2.6331,0.5625,0.0563,0.0608,0.0612
schange	Round_4_Replicate_20	-125274.46	250558.92	254085.74	307983.59	2.8529,1.1173,0.072,0.0554,0.0773
schange	Round_4_Replicate_21	-120889.8	241789.6	238810.14	313842.4	1.1578,0.4067,0.0684,0.0599,0.0557
schange	Round_4_Replicate_22	-120133.91	240277.82	232050.48	311765.98	2.2948,0.6176,0.0554,0.0616,0.0589
schange	Round_4_Replicate_23	-109327.85	218665.7	213474.96	328953.34	1.4747,0.3746,0.0328,0.0328,0.0339
schange	Round_4_Replicate_24	-108980.32	217970.64	214954.67	326993.96	2.4099,0.8446,0.0349,0.0283,0.0398
schange	Round_4_Replicate_25	-119463.62	238937.24	229584.77	317059.39	1.2874,1.2108,0.0621,0.0487,0.0613
schange	Round_4_Replicate_26	-119689.37	239388.74	223811.46	329023.05	1.5067,0.3051,0.0352,0.0585,0.043
schange	Round_4_Replicate_27	-123901.88	247813.76	244059.11	309827.68	0.9961,0.7707,0.0862,0.0591,0.0672
schange	Round_4_Replicate_28	-110765.54	221541.08	219187.7	322274.98	2.264,0.8877,0.0401,0.0312,0.0424
schange	Round_4_Replicate_29	-126076.66	252163.32	248939.14	306670.69	2.5778,0.5579,0.0688,0.075,0.0723
schange	Round_4_Replicate_30	-116055.21	232120.42	230332.94	319205.27	1.4639,0.8214,0.0585,0.0419,0.0549
schange	Round_4_Replicate_31	-116195.42	232400.84	224937.62	317145.74	1.3666,0.6044,0.0512,0.0472,0.0474
schange	Round_4_Replicate_32	-129173.61	258357.22	258072.03	299669.97	1.2289,0.8697,0.1032,0.063,0.0735
schange	Round_4_Replicate_33	-123210.46	246430.92	244086.16	312258.34	2.0024,0.4384,0.0638,0.0678,0.0635
schange	Round_4_Replicate_34	-119101.66	238213.32	228403.27	313541.58	2.0396,0.8395,0.0531,0.0538,0.0565
schange	Round_4_Replicate_35	-121464.62	242939.24	234077.18	311890.29	1.6793,0.509,0.0604,0.0668,0.0588
schange	Round_4_Replicate_36	-130697.0	261404.0	255466.15	300856.77	1.9304,0.7548,0.0849,0.0829,0.0818
schange	Round_4_Replicate_37	-121390.04	242790.08	237123.15	309875.48	2.9735,0.4695,0.0552,0.0684,0.0601
schange	Round_4_Replicate_38	-122882.18	245774.36	236920.85	309489.99	1.151,0.7356,0.0746,0.0627,0.063
schange	Round_4_Replicate_39	-130262.81	260535.62	249127.45	307397.02	1.0006,0.5581,0.0843,0.0846,0.0711
schange	Round_4_Replicate_40	-124561.47	249132.94	252590.06	315864.76	1.0121,0.6588,0.0802,0.0512,0.0641
schange	Round_4_Replicate_41	-110984.32	221978.64	221140.92	321591.16	2.474,1.0641,0.041,0.0294,0.0434
schange	Round_4_Replicate_42	-132199.5	264409.0	256893.37	305244.5	1.0566,0.4176,0.0908,0.0947,0.0734
schange	Round_4_Replicate_43	-115167.86	230345.72	228567.75	319809.33	1.7323,1.0512,0.0556,0.0391,0.0557
schange	Round_4_Replicate_44	-111880.57	223771.14	215132.66	328403.81	1.625,0.3399,0.0351,0.0429,0.039
schange	Round_4_Replicate_45	-122205.49	244420.98	242059.41	309432.15	1.3843,0.616,0.0748,0.0583,0.0622
schange	Round_4_Replicate_46	-123171.08	246352.16	235312.9	309982.81	2.6217,0.5986,0.0538,0.0701,0.0607
schange	Round_4_Replicate_47	-117442.65	234895.3	230630.73	316648.85	4.0952,0.677,0.047,0.0535,0.0603
schange	Round_4_Replicate_48	-113670.53	227351.06	219699.92	323187.87	1.0582,0.5318,0.0494,0.0429,0.045
schange	Round_4_Replicate_49	-114450.0	228910.0	226791.35	316572.78	1.1809,0.8623,0.0558,0.0359,0.0453
schange	Round_4_Replicate_50	-119195.67	238401.34	230907.17	312921.05	2.6363,0.5889,0.0525,0.0603,0.0583
schange	Round_4_Replicate_51	-118356.03	236722.06	226392.78	322080.58	3.3074,0.5104,0.0405,0.0583,0.0551
schange	Round_4_Replicate_52	-119279.37	238568.74	232188.07	314936.35	1.0517,0.6249,0.0685,0.0545,0.0573
schange	Round_4_Replicate_53	-120943.47	241896.94	237813.7	307572.13	1.9492,0.7491,0.0647,0.0563,0.0593
schange	Round_4_Replicate_54	-118477.75	236965.5	227476.25	316366.09	1.9207,0.6148,0.0521,0.0569,0.0559
schange	Round_4_Replicate_55	-122414.31	244838.62	243284.28	303912.15	3.2381,1.085,0.0679,0.0566,0.0703
schange	Round_4_Replicate_56	-110952.39	221914.78	215443.99	327978.61	2.1913,0.833,0.0376,0.0344,0.0452
schange	Round_4_Replicate_57	-123365.48	246740.96	238415.89	311067.31	1.3099,1.1165,0.0738,0.0584,0.0693
schange	Round_4_Replicate_58	-122652.78	245315.56	242283.78	307089.2	2.7619,1.0131,0.0678,0.0596,0.0728
schange	Round_4_Replicate_59	-112498.62	225007.24	221988.41	319953.92	1.4462,1.0196,0.0514,0.034,0.0471
schange	Round_4_Replicate_60	-113125.06	226260.12	226635.33	322292.04	1.9636,0.7687,0.0463,0.0335,0.0464
schange	Round_4_Replicate_61	-126649.12	253308.24	244168.6	307029.95	1.9853,0.3536,0.0642,0.0903,0.063
schange	Round_4_Replicate_62	-106366.07	212742.14	210389.59	333519.19	1.8353,0.5536,0.0256,0.021,0.0285
schange	Round_4_Replicate_63	-120144.33	240298.66	235218.54	312179.48	4.0056,0.5058,0.0506,0.065,0.0614
schange	Round_4_Replicate_64	-127443.46	254896.92	245162.74	308907.59	1.2081,0.3268,0.0732,0.0915,0.0629
schange	Round_4_Replicate_65	-115441.15	230892.3	225826.66	321262.34	2.8246,0.3549,0.0414,0.0538,0.0486
schange	Round_4_Replicate_66	-121903.44	243816.88	240989.12	311508.81	3.3072,0.4437,0.0554,0.0677,0.0626
schange	Round_4_Replicate_67	-121498.76	243007.52	235599.25	319440.98	1.1199,0.3542,0.0603,0.0676,0.0563
schange	Round_4_Replicate_68	-115283.36	230576.72	224519.83	320335.63	1.9796,0.3832,0.0449,0.0522,0.0475
schange	Round_4_Replicate_69	-112510.88	225031.76	219042.74	321926.12	1.8275,0.9051,0.046,0.0378,0.0486
schange	Round_4_Replicate_70	-118033.91	236077.82	231062.15	323840.48	1.5048,0.6091,0.0522,0.0496,0.056
schange	Round_4_Replicate_71	-116801.15	233612.3	230137.06	313703.78	3.1282,0.6652,0.044,0.0467,0.0483
schange	Round_4_Replicate_72	-119463.13	238936.26	235053.82	312408.16	1.1042,0.9312,0.0753,0.0489,0.0609
schange	Round_4_Replicate_73	-131826.21	263662.42	257423.6	298584.94	2.0618,0.4388,0.0807,0.0967,0.0724
schange	Round_4_Replicate_74	-126999.77	254009.54	254704.02	301891.31	3.6708,0.4618,0.0648,0.0726,0.0645
schange	Round_4_Replicate_75	-116910.62	233831.24	228130.41	320243.84	3.7664,0.4466,0.0421,0.0567,0.0547
schange	Round_4_Replicate_76	-132886.73	265783.46	268355.77	296353.69	2.3545,0.4601,0.0838,0.0786,0.068
schange	Round_4_Replicate_77	-121281.78	242573.56	233247.73	318765.92	1.0256,0.401,0.0615,0.066,0.0559
schange	Round_4_Replicate_78	-125103.22	250216.44	249931.12	310438.16	3.6604,0.5774,0.0604,0.069,0.0723
schange	Round_4_Replicate_79	-114384.8	228779.6	222001.99	318405.99	1.1985,1.0257,0.0562,0.0396,0.0503
schange	Round_4_Replicate_80	-115250.03	230510.06	226704.68	320633.25	2.2482,0.7212,0.0489,0.0448,0.0545
