Model	Replicate	log-likelihood	AIC	chi-squared	theta	optimized_params(nu1i, nu2i, nu1f, nu2f, T)
schange	Round_1_Replicate_1	-1258405.86	2516821.72	722223416859.33	23463.16	6.1339,0.232,6.2066,0.1758,5.4579
schange	Round_1_Replicate_2	-1474015.93	2948041.86	22039589.14	125063.39	0.937,1.1688,1.366,0.7133,1.6094
schange	Round_1_Replicate_3	-712939.15	1425888.3	2540070.44	142052.67	0.2899,1.3787,4.1852,0.549,0.5627
schange	Round_1_Replicate_4	-409980.93	819971.86	840568.5	194038.52	0.1593,2.5063,4.2329,0.3577,0.176
schange	Round_1_Replicate_5	-624000.32	1248010.64	1611987.42	167772.59	0.3461,5.7975,0.6104,1.1825,0.4164
schange	Round_1_Replicate_6	-5301643.92	10603297.84	308252223052.27	111419.82	2.7462,0.3179,0.5745,0.7989,4.4337
schange	Round_1_Replicate_7	-683559.71	1367129.42	1858167.86	129355.52	0.2488,1.6541,5.69,1.158,0.4999
schange	Round_1_Replicate_8	-1303321.28	2606652.56	7626220.94	140415.12	0.2955,1.1433,0.4116,7.0067,0.6847
schange	Round_1_Replicate_9	-1338320.57	2676651.14	6511972.7	136985.46	0.1812,7.9029,0.3885,7.652,0.5087
schange	Round_1_Replicate_10	-1124474.6	2248959.2	8249642.81	276956.75	0.7448,0.1649,0.4359,0.1375,0.3585
schange	Round_1_Replicate_11	-557444.62	1114899.24	1124713.04	184430.75	0.5049,0.9944,0.3386,4.6185,0.2873
schange	Round_1_Replicate_12	-861920.71	1723851.42	3602155.48	173208.03	0.3628,0.3274,0.6033,3.5191,0.5438
schange	Round_1_Replicate_13	-603313.39	1206636.78	1339924.56	141140.95	0.4511,0.3385,7.0475,1.7029,0.3298
schange	Round_1_Replicate_14	-2499628.0	4999266.0	161484910.98	287456.05	7.4669,0.1923,0.1706,0.1904,0.9043
schange	Round_1_Replicate_15	-2362795.54	4725601.08	149541926.86	74940.89	0.6463,5.4007,1.4647,1.9785,3.4491
schange	Round_2_Replicate_1	-815121.25	1630252.5	2789264.39	140603.49	0.1947,7.4575,1.4853,1.3613,0.5358
schange	Round_2_Replicate_2	-462021.2	924052.4	964104.81	192733.06	0.1328,0.8901,13.8711,0.1943,0.202
schange	Round_2_Replicate_3	-465189.47	930388.94	1002096.07	206770.67	0.0931,1.7141,2.8164,0.8123,0.1305
schange	Round_2_Replicate_4	-498707.93	997425.86	1279445.08	169324.47	0.4011,9.4328,1.6674,0.6755,0.244
schange	Round_2_Replicate_5	-806220.48	1612450.96	3305113.74	189076.09	0.1004,1.1074,1.8509,0.6406,0.4089
schange	Round_2_Replicate_6	-351136.36	702282.72	670387.07	206380.12	0.1535,5.2567,5.2484,0.1283,0.1749
schange	Round_2_Replicate_7	-490093.85	980197.7	1414534.15	199793.56	0.2181,2.4457,1.1425,1.1007,0.1428
schange	Round_2_Replicate_8	-596840.01	1193690.02	1484639.28	145598.88	0.307,0.8932,7.2369,0.5804,0.3886
schange	Round_2_Replicate_9	-581484.06	1162978.12	2203997.31	218264.28	0.0451,3.644,9.9894,0.7239,0.075
schange	Round_2_Replicate_10	-596754.74	1193519.48	1370675.32	129109.14	0.3861,9.7923,4.0677,0.7721,0.468
schange	Round_2_Replicate_11	-352152.01	704314.02	1227945.9	230992.57	0.179,0.7064,3.121,0.1598,0.0758
schange	Round_2_Replicate_12	-433648.56	867307.12	911107.52	170225.84	0.305,3.7491,3.7896,0.2901,0.2983
schange	Round_2_Replicate_13	-643448.71	1286907.42	1386747.21	152409.1	0.1229,3.3823,10.8592,1.1215,0.2598
schange	Round_2_Replicate_14	-792380.55	1584771.1	2659360.65	206374.13	0.0648,1.8362,1.0637,0.8152,0.2728
schange	Round_2_Replicate_15	-488164.12	976338.24	1355937.4	209652.97	0.1558,3.789,2.8252,0.1295,0.2882
schange	Round_2_Replicate_16	-437912.5	875835.0	1106235.43	206402.07	0.4583,0.8792,9.2783,0.0791,0.0877
schange	Round_2_Replicate_17	-679849.91	1359709.82	1840880.98	141944.49	0.2009,0.7894,10.5142,0.7067,0.409
schange	Round_2_Replicate_18	-579289.67	1158589.34	1226034.47	159453.72	0.1538,8.1518,5.0426,0.7443,0.2629
schange	Round_2_Replicate_19	-355878.09	711766.18	833848.8	232003.72	0.1386,5.4732,1.2703,0.1579,0.2184
schange	Round_2_Replicate_20	-711922.46	1423854.92	10857841.09	178205.75	0.4959,1.0141,2.9877,1.4182,0.1412
schange	Round_2_Replicate_21	-615792.98	1231595.96	6930517.98	197208.58	0.5042,2.7754,9.0912,0.1335,0.0872
schange	Round_2_Replicate_22	-632117.69	1264245.38	2122625.61	173831.73	0.1947,2.6504,3.2429,0.2661,0.4377
schange	Round_2_Replicate_23	-449636.08	899282.16	1141855.07	194908.25	0.4249,1.2654,10.4598,0.1159,0.1151
schange	Round_2_Replicate_24	-406216.94	812443.88	812628.69	199483.52	0.1394,2.8785,2.3115,0.388,0.211
schange	Round_2_Replicate_25	-310038.87	620087.74	580253.78	237716.94	0.0617,1.0338,8.8117,0.1633,0.0976
schange	Round_2_Replicate_26	-835542.04	1671094.08	2953026.87	131782.9	0.1621,4.4493,13.484,0.3074,0.5419
schange	Round_2_Replicate_27	-285960.72	571931.44	554161.88	227745.93	0.1602,8.7761,1.678,0.1328,0.1392
schange	Round_2_Replicate_28	-684444.74	1368899.48	1681520.88	120180.93	0.3391,1.3866,8.0323,1.3495,0.4924
schange	Round_2_Replicate_29	-661479.09	1322968.18	4361964.7	208290.02	0.0839,5.2479,3.4577,1.3494,0.0846
schange	Round_2_Replicate_30	-703943.15	1407896.3	1926303.32	154431.19	0.102,1.4424,8.3144,0.8154,0.3579
schange	Round_3_Replicate_1	-470124.73	940259.46	969796.51	168625.55	0.2117,25.2373,4.378,0.2825,0.2656
schange	Round_3_Replicate_2	-260922.03	521854.06	560481.21	235942.29	0.2817,4.7887,0.9214,0.1195,0.1967
schange	Round_3_Replicate_3	-413417.55	826845.1	870236.97	171591.31	0.4668,10.8886,3.7725,0.1825,0.2518
schange	Round_3_Replicate_4	-433659.09	867328.18	1162054.64	188321.12	0.3641,5.1569,1.0218,0.3518,0.3942
schange	Round_3_Replicate_5	-140727.28	281464.56	272505.3	308523.34	0.0789,4.5951,0.4747,0.0249,0.0525
schange	Round_3_Replicate_6	-246371.2	492752.4	472506.46	234499.83	0.2239,10.7431,1.0695,0.1092,0.1527
schange	Round_3_Replicate_7	-482339.73	964689.46	1031970.07	215986.95	0.0604,19.0833,3.1788,0.3263,0.112
schange	Round_3_Replicate_8	-213980.09	427970.18	411748.66	252205.96	0.2467,2.8054,0.6142,0.1315,0.1394
schange	Round_3_Replicate_9	-398123.6	796257.2	822735.15	180736.99	0.3045,15.9621,1.5761,0.3146,0.2948
schange	Round_3_Replicate_10	-265337.77	530685.54	539244.98	236107.19	0.165,19.0833,2.7794,0.0527,0.1031
schange	Round_3_Replicate_11	-624469.24	1248948.48	4220640.29	164197.05	0.568,8.4577,6.8804,0.2869,0.1853
schange	Round_3_Replicate_12	-170421.05	340852.1	327922.75	280470.38	0.1564,7.4542,0.538,0.052,0.0942
schange	Round_3_Replicate_13	-227567.77	455145.54	432471.82	249501.43	0.1555,8.8252,1.4686,0.0649,0.1194
schange	Round_3_Replicate_14	-263416.65	526843.3	513618.36	226220.82	0.3061,9.1202,0.7724,0.1658,0.1907
schange	Round_3_Replicate_15	-379237.89	758485.78	755840.19	211823.18	0.118,3.605,2.6706,0.303,0.1463
schange	Round_3_Replicate_16	-272496.99	545003.98	542360.35	216883.18	0.3551,7.1857,1.0018,0.1645,0.2088
schange	Round_3_Replicate_17	-205335.13	410680.26	381630.62	274601.01	0.0563,2.4608,3.6716,0.0416,0.064
schange	Round_3_Replicate_18	-381798.17	763606.34	759589.78	234773.58	0.1131,16.3897,0.6696,0.2568,0.1102
schange	Round_3_Replicate_19	-446771.31	893552.62	988143.72	172974.84	0.3035,5.4362,5.719,0.2528,0.2216
schange	Round_3_Replicate_20	-218763.14	437536.28	426195.93	259472.2	0.1241,23.4595,2.051,0.0302,0.0787
schange	Round_3_Replicate_21	-220720.87	441451.74	407125.83	271387.05	0.0532,21.3253,2.9191,0.0402,0.0749
schange	Round_3_Replicate_22	-305380.35	610770.7	595678.08	222817.0	0.1425,3.1828,4.1045,0.1189,0.1261
schange	Round_3_Replicate_23	-324273.98	648557.96	602324.22	236339.67	0.1969,2.6234,0.4709,0.3811,0.1381
schange	Round_3_Replicate_24	-285955.41	571920.82	544058.58	269415.46	0.0889,6.6273,0.4023,0.1313,0.078
schange	Round_3_Replicate_25	-371019.66	742049.32	1103538.15	211106.2	0.261,3.4678,1.9084,0.2276,0.1298
schange	Round_3_Replicate_26	-340516.14	681042.28	671567.74	255892.51	0.0444,20.3928,1.9559,0.103,0.0901
schange	Round_3_Replicate_27	-464245.54	928501.08	1066997.99	156469.06	0.3792,12.1693,2.7245,0.3306,0.4021
schange	Round_3_Replicate_28	-528710.4	1057430.8	1686353.59	170224.24	0.6051,2.8395,1.834,0.2339,0.4777
schange	Round_3_Replicate_29	-308383.3	616776.6	597016.51	211406.21	0.4138,20.8322,0.6361,0.2338,0.2129
schange	Round_3_Replicate_30	-641650.43	1283310.86	5112996.04	166191.22	0.4685,15.9394,6.6003,0.2857,0.1811
schange	Round_3_Replicate_31	-412191.63	824393.26	826977.87	248111.9	0.0542,2.8707,0.8085,0.3748,0.0855
schange	Round_3_Replicate_32	-402532.87	805075.74	801531.16	186465.51	0.2827,6.629,1.2912,0.4591,0.2576
schange	Round_3_Replicate_33	-504020.37	1008050.74	1137739.96	156745.44	0.3179,17.4112,4.5376,0.3612,0.2875
schange	Round_3_Replicate_34	-250458.62	500927.24	463158.97	254074.46	0.0748,3.8567,2.8302,0.0828,0.0966
schange	Round_3_Replicate_35	-259606.27	519222.54	513552.39	234229.14	0.3416,9.0398,0.5344,0.1735,0.1462
schange	Round_3_Replicate_36	-396983.12	793976.24	871889.13	187352.09	0.2242,25.5303,2.5674,0.1662,0.2903
schange	Round_3_Replicate_37	-223688.82	447387.64	435861.78	251858.87	0.1459,6.3024,1.6093,0.0595,0.0941
schange	Round_3_Replicate_38	-388478.91	776967.82	950921.88	215452.09	0.178,15.8036,1.2063,0.1697,0.2721
schange	Round_3_Replicate_39	-192810.73	385631.46	359696.06	294948.85	0.0547,2.4306,0.6224,0.0609,0.0582
schange	Round_3_Replicate_40	-318333.72	636677.44	609017.13	226339.57	0.0884,20.4243,7.3457,0.0785,0.1182
schange	Round_3_Replicate_41	-381301.65	762613.3	801299.92	205479.25	0.435,27.9703,4.8187,0.0421,0.1252
schange	Round_3_Replicate_42	-226587.4	453184.8	433740.39	290075.96	0.0527,9.001,0.7241,0.0578,0.0717
schange	Round_3_Replicate_43	-410471.33	820952.66	797594.35	202854.25	0.0947,2.9704,6.3252,0.251,0.1769
schange	Round_3_Replicate_44	-202377.6	404765.2	373713.67	282085.82	0.0478,6.6474,3.4117,0.0329,0.0664
schange	Round_3_Replicate_45	-309852.99	619715.98	610834.2	217389.38	0.1761,7.5074,2.0936,0.1361,0.1882
schange	Round_3_Replicate_46	-221350.57	442711.14	420043.82	260266.0	0.0847,22.2256,2.3701,0.043,0.0822
schange	Round_3_Replicate_47	-220864.99	441739.98	430947.21	244703.47	0.2809,3.3216,0.9669,0.0848,0.1223
schange	Round_3_Replicate_48	-242784.53	485579.06	455615.22	256540.24	0.1946,3.045,0.453,0.1753,0.1315
schange	Round_3_Replicate_49	-225451.1	450912.2	441674.87	236786.68	0.3344,12.446,0.7943,0.0968,0.1638
schange	Round_3_Replicate_50	-275738.43	551486.86	538877.73	233898.54	0.2013,10.7628,2.8667,0.048,0.1102
schange	Round_4_Replicate_1	-150625.51	301261.02	292692.83	301578.74	0.0812,5.6662,0.6449,0.0242,0.0554
schange	Round_4_Replicate_2	-129586.2	259182.4	252418.04	312851.38	0.115,7.7143,0.2697,0.0236,0.0539
schange	Round_4_Replicate_3	-137069.26	274148.52	266934.16	304352.84	0.1263,6.8522,0.3384,0.0275,0.0602
schange	Round_4_Replicate_4	-153909.18	307828.36	297541.28	293856.79	0.1035,7.4927,0.6172,0.0278,0.0622
schange	Round_4_Replicate_5	-129403.88	258817.76	248463.77	318100.47	0.0389,3.2448,0.5322,0.0163,0.0312
schange	Round_4_Replicate_6	-136586.77	273183.54	264683.33	309094.5	0.0567,7.5734,0.5711,0.017,0.0389
schange	Round_4_Replicate_7	-140206.43	280422.86	269853.08	304596.44	0.0859,5.198,0.4647,0.0256,0.0523
schange	Round_4_Replicate_8	-119834.95	239679.9	236459.79	322307.06	0.0719,3.0777,0.2252,0.015,0.0323
schange	Round_4_Replicate_9	-133100.66	266211.32	254591.37	317814.67	0.0331,5.2695,0.7772,0.0143,0.0313
schange	Round_4_Replicate_10	-136587.7	273185.4	263089.93	304939.43	0.0907,5.4331,0.3988,0.0251,0.0497
schange	Round_4_Replicate_11	-122849.71	245709.42	243891.68	312485.52	0.1281,8.8374,0.1999,0.0171,0.0405
schange	Round_4_Replicate_12	-138846.85	277703.7	267658.47	310773.0	0.0563,2.4838,0.5976,0.0222,0.0418
schange	Round_4_Replicate_13	-136301.71	272613.42	260723.92	306652.83	0.1084,4.3453,0.3178,0.0316,0.0567
schange	Round_4_Replicate_14	-149881.72	299773.44	290806.54	293127.58	0.1378,7.8517,0.4608,0.0324,0.0701
schange	Round_4_Replicate_15	-130207.5	260425.0	253128.13	316711.99	0.0785,3.3319,0.3288,0.0228,0.0458
schange	Round_4_Replicate_16	-147195.63	294401.26	284835.69	306189.54	0.0537,2.9894,0.845,0.0207,0.0424
schange	Round_4_Replicate_17	-121677.43	243364.86	238008.39	316390.8	0.1154,3.2393,0.2027,0.0215,0.0422
schange	Round_4_Replicate_18	-131662.92	263335.84	255501.11	316774.66	0.0613,7.3524,0.4301,0.0171,0.0418
schange	Round_4_Replicate_19	-142775.93	285561.86	274410.01	308835.01	0.0424,3.3751,0.9311,0.0186,0.037
schange	Round_4_Replicate_20	-153779.18	307568.36	292157.98	297193.8	0.0732,6.6232,0.7535,0.0276,0.0562
schange	Round_4_Replicate_21	-139978.81	279967.62	269312.7	313816.31	0.0457,4.2157,0.7393,0.0181,0.0399
schange	Round_4_Replicate_22	-138093.52	276197.04	267908.82	311910.3	0.0648,2.3944,0.5061,0.0235,0.0448
schange	Round_4_Replicate_23	-151918.64	303847.28	290943.02	295386.52	0.0888,4.3618,0.6323,0.0308,0.0574
schange	Round_4_Replicate_24	-123595.06	247200.12	241224.88	321973.93	0.0459,3.2752,0.3694,0.0139,0.0298
schange	Round_4_Replicate_25	-139045.1	278100.2	267953.65	300430.22	0.1167,9.6045,0.3776,0.0268,0.0577
schange	Round_4_Replicate_26	-135381.54	270773.08	261501.09	311115.52	0.0589,5.1299,0.5272,0.0187,0.0406
schange	Round_4_Replicate_27	-144835.01	289680.02	282845.06	299376.28	0.1419,5.1453,0.3691,0.0352,0.0704
schange	Round_4_Replicate_28	-137559.46	275128.92	263287.56	311777.06	0.042,7.6389,0.7498,0.0161,0.0361
schange	Round_4_Replicate_29	-122827.01	245664.02	238601.7	327032.56	0.0409,3.0313,0.3728,0.0138,0.03
schange	Round_4_Replicate_30	-118726.26	237462.52	230579.03	325020.8	0.0622,4.674,0.2372,0.0147,0.0329
schange	Round_4_Replicate_31	-147997.51	296005.02	291633.79	298230.09	0.0849,3.0535,0.5777,0.0247,0.0462
schange	Round_4_Replicate_32	-149543.57	299097.14	292371.74	303839.89	0.0622,3.9147,0.7853,0.0196,0.0438
schange	Round_4_Replicate_33	-144650.76	289311.52	280300.25	300010.11	0.0902,5.3595,0.5296,0.025,0.0521
schange	Round_4_Replicate_34	-155980.36	311970.72	298555.52	296625.38	0.084,7.2077,0.6967,0.0291,0.0627
schange	Round_4_Replicate_35	-141673.33	283356.66	272481.96	305063.1	0.0692,4.8918,0.4099,0.0266,0.0433
schange	Round_4_Replicate_36	-124659.8	249329.6	243412.11	318622.21	0.107,2.6869,0.2239,0.0246,0.0466
schange	Round_4_Replicate_37	-116020.02	232050.04	226532.51	327955.36	0.0559,3.0859,0.2104,0.0133,0.0284
schange	Round_4_Replicate_38	-152502.32	305014.64	292464.68	292905.73	0.1204,7.3702,0.4986,0.0352,0.0705
schange	Round_4_Replicate_39	-125303.22	250616.44	242087.29	319263.32	0.0521,3.8673,0.366,0.0164,0.0337
schange	Round_4_Replicate_40	-153212.94	306435.88	296091.94	299290.14	0.0602,4.4554,0.9459,0.0217,0.0454
schange	Round_4_Replicate_41	-148200.42	296410.84	287996.03	295911.22	0.1202,4.1476,0.4772,0.0317,0.0621
schange	Round_4_Replicate_42	-140618.78	281247.56	270385.76	306098.15	0.0666,4.9512,0.5722,0.0221,0.0457
schange	Round_4_Replicate_43	-127017.7	254045.4	245776.6	318060.67	0.0563,4.5677,0.3829,0.0167,0.0362
schange	Round_4_Replicate_44	-122340.27	244690.54	237393.1	324594.51	0.0311,3.9076,0.4601,0.0113,0.0246
schange	Round_4_Replicate_45	-131926.24	263862.48	253629.08	309010.23	0.0996,4.265,0.3122,0.0267,0.0502
schange	Round_4_Replicate_46	-138379.26	276768.52	266219.04	309643.03	0.0488,2.5248,0.6583,0.0212,0.0375
schange	Round_4_Replicate_47	-129874.68	259759.36	253420.34	316587.03	0.0686,5.2968,0.3747,0.0178,0.0414
schange	Round_4_Replicate_48	-146983.69	293977.38	278987.52	306295.78	0.0536,5.0885,0.7813,0.0232,0.0471
schange	Round_4_Replicate_49	-127586.9	255183.8	242845.74	326211.37	0.0217,3.5139,0.825,0.0119,0.0243
schange	Round_4_Replicate_50	-155285.63	310581.26	302658.6	292724.35	0.122,2.609,0.5453,0.0364,0.0652
schange	Round_4_Replicate_51	-125250.65	250511.3	244637.67	318603.08	0.0606,8.5055,0.3446,0.0139,0.0352
schange	Round_4_Replicate_52	-123548.84	247107.68	240420.01	315751.09	0.098,4.6873,0.2405,0.0202,0.0423
schange	Round_4_Replicate_53	-133112.47	266234.94	253844.74	319853.27	0.0436,3.3693,0.5126,0.0195,0.0377
schange	Round_4_Replicate_54	-122123.28	244256.56	241046.7	315805.21	0.1402,5.7833,0.1947,0.02,0.0461
schange	Round_4_Replicate_55	-144922.49	289854.98	286731.53	300407.41	0.0759,6.5933,0.5749,0.0195,0.0426
schange	Round_4_Replicate_56	-125423.44	250856.88	242956.32	312989.54	0.1311,2.2809,0.2128,0.0293,0.049
schange	Round_4_Replicate_57	-129133.55	258277.1	250998.88	314075.62	0.0845,6.0445,0.3259,0.0201,0.0453
schange	Round_4_Replicate_58	-132490.74	264991.48	256842.3	314905.34	0.0762,5.8663,0.369,0.0212,0.0475
schange	Round_4_Replicate_59	-153905.42	307820.84	296079.82	293125.01	0.11,8.2742,0.5732,0.031,0.0673
schange	Round_4_Replicate_60	-165036.02	330082.04	321516.75	289631.3	0.0857,3.7048,0.9276,0.0273,0.0544
schange	Round_4_Replicate_61	-120852.43	241714.86	237614.21	312638.02	0.187,3.7458,0.16,0.0242,0.0468
schange	Round_4_Replicate_62	-124666.87	249343.74	245896.33	311142.25	0.1179,4.3716,0.21,0.021,0.0404
schange	Round_4_Replicate_63	-161346.46	322702.92	311978.62	290997.21	0.0892,9.0491,0.8435,0.0244,0.0582
schange	Round_4_Replicate_64	-115951.14	231912.28	228884.96	332107.01	0.0377,2.4852,0.2471,0.01,0.0228
schange	Round_4_Replicate_65	-151336.28	302682.56	288141.0	300592.48	0.0586,3.4929,0.8696,0.026,0.0478
schange	Round_4_Replicate_66	-125298.69	250607.38	242045.47	317815.79	0.0749,4.0912,0.2897,0.02,0.0407
schange	Round_4_Replicate_67	-144639.64	289289.28	280167.32	302791.19	0.1064,3.9009,0.4218,0.0332,0.0628
schange	Round_4_Replicate_68	-127272.0	254554.0	246920.3	318641.56	0.0634,9.9713,0.3602,0.0156,0.0398
schange	Round_4_Replicate_69	-160333.55	320677.1	311944.91	290533.88	0.0956,4.6042,0.7639,0.0277,0.0568
schange	Round_4_Replicate_70	-126891.72	253793.44	247550.4	314487.29	0.0771,3.6285,0.3114,0.0193,0.0391
schange	Round_4_Replicate_71	-147643.41	295296.82	288444.94	301089.25	0.0999,2.3987,0.5024,0.031,0.0572
schange	Round_4_Replicate_72	-171353.42	342716.84	333313.48	280065.72	0.125,6.4875,0.8068,0.0332,0.0678
schange	Round_4_Replicate_73	-168227.26	336464.52	322076.58	285188.63	0.0863,4.1238,0.9553,0.0353,0.0606
schange	Round_4_Replicate_74	-122843.54	245697.08	237700.29	318843.51	0.0937,4.0704,0.2283,0.0213,0.0429
schange	Round_4_Replicate_75	-138167.16	276344.32	265542.75	303142.49	0.1023,6.9517,0.3886,0.0268,0.0548
schange	Round_4_Replicate_76	-148366.31	296742.62	280028.22	303143.34	0.0599,6.9137,0.6744,0.0258,0.0497
schange	Round_4_Replicate_77	-171120.5	342251.0	331734.57	282214.31	0.1235,7.6309,0.8079,0.0316,0.0713
schange	Round_4_Replicate_78	-135853.57	271717.14	263848.9	308300.14	0.0673,3.225,0.4749,0.0215,0.041
schange	Round_4_Replicate_79	-138935.85	277881.7	270539.72	307114.26	0.0853,2.5517,0.4424,0.0261,0.049
schange	Round_4_Replicate_80	-121777.68	243565.36	239172.82	314362.67	0.1177,2.9662,0.1883,0.0215,0.0391
