Model	Replicate	log-likelihood	AIC	chi-squared	theta	optimized_params(nuB, nuF, TB, TF)
three_epoch	Round_1_Replicate_1	-59565.49	119138.98	110088.37	589302.44	1.3087,0.2255,2.754,0.5728
three_epoch	Round_1_Replicate_2	-222298.16	444604.32	538616.94	73642.0	0.3356,3.9485,1.7126,1.901
three_epoch	Round_1_Replicate_3	-136722.04	273452.08	282169.34	249630.29	0.2695,0.8829,3.0131,0.6705
three_epoch	Round_1_Replicate_4	-80150.85	160309.7	151709.76	912392.36	0.1955,0.176,0.6263,0.2684
three_epoch	Round_1_Replicate_5	-175885.02	351778.04	360726.58	159789.03	0.2535,2.4489,0.1302,0.2951
three_epoch	Round_1_Replicate_6	-86015.56	172039.12	164080.27	373770.35	2.7203,0.4488,3.1991,3.1764
three_epoch	Round_1_Replicate_7	-333189.71	666387.42	989029.24	150627.32	0.1745,2.631,0.8874,0.6684
three_epoch	Round_1_Replicate_8	-86339.19	172686.38	164770.01	483691.62	1.5363,0.3476,0.873,3.4129
three_epoch	Round_1_Replicate_9	-86353.64	172715.28	164800.82	824890.54	6.6843,0.2038,2.8097,7.5691
three_epoch	Round_1_Replicate_10	-86353.61	172715.22	164800.76	451432.06	0.6488,0.3725,0.9046,5.6178
three_epoch	Round_1_Replicate_11	-54075.11	108158.22	99418.84	762749.89	3.2743,0.1634,1.1566,0.4833
three_epoch	Round_1_Replicate_12	-362571.83	725151.66	966548.02	142927.78	0.4412,5.5505,2.2954,0.3645
three_epoch	Round_1_Replicate_13	-83585.56	167179.12	158925.32	841883.95	0.2174,0.1958,1.1177,0.3081
three_epoch	Round_1_Replicate_14	-131340.66	262689.32	267212.93	266610.54	0.2623,0.8305,0.4246,0.3888
three_epoch	Round_1_Replicate_15	-26765.8	53539.6	48531.71	461977.79	1.3063,0.1623,0.3841,0.1933
three_epoch	Round_2_Replicate_1	-9383.03	18774.06	17312.75	408464.19	2.0856,0.063,0.2924,0.0513
three_epoch	Round_2_Replicate_2	-15019.12	30046.24	27438.98	354284.64	1.282,0.1237,1.1508,0.0958
three_epoch	Round_2_Replicate_3	-48047.61	96103.22	88286.56	215190.45	3.7231,0.5048,0.2149,0.2868
three_epoch	Round_2_Replicate_4	-17233.08	34474.16	31424.65	346118.47	2.3505,0.1423,0.3345,0.1127
three_epoch	Round_2_Replicate_5	-14979.17	29966.34	27355.93	493687.46	0.5373,0.0901,0.2874,0.0663
three_epoch	Round_2_Replicate_6	-9032.07	18072.14	16668.76	420732.47	1.5528,0.0617,0.8185,0.0566
three_epoch	Round_2_Replicate_7	-11262.91	22533.82	20689.93	432619.29	1.1054,0.076,0.5258,0.0615
three_epoch	Round_2_Replicate_8	-12736.65	25481.3	23339.71	415478.19	4.7339,0.0898,0.1317,0.0765
three_epoch	Round_2_Replicate_9	-50368.21	100744.42	92311.07	382266.22	5.2596,0.3107,0.0975,0.4535
three_epoch	Round_2_Replicate_10	-64429.51	128867.02	119685.08	430044.47	0.4997,0.3252,0.1912,0.5653
three_epoch	Round_2_Replicate_11	-50073.89	100155.78	91888.85	240322.15	3.7846,0.4832,0.1266,0.3505
three_epoch	Round_2_Replicate_12	-30225.36	60458.72	54825.88	340583.25	3.0035,0.2406,0.4859,0.267
three_epoch	Round_2_Replicate_13	-27393.23	54794.46	49681.42	291725.01	3.9736,0.2602,0.8987,0.2925
three_epoch	Round_2_Replicate_14	-54748.01	109504.02	100832.37	206596.66	1.4813,0.6005,0.8113,0.4367
three_epoch	Round_2_Replicate_15	-17202.84	34413.68	31350.65	487765.59	0.5087,0.1031,0.3339,0.071
three_epoch	Round_2_Replicate_16	-11982.7	23973.4	21980.12	463936.35	0.5035,0.0764,0.1065,0.057
three_epoch	Round_2_Replicate_17	-75021.01	150050.02	141083.27	634285.56	0.6997,0.243,0.6731,0.7127
three_epoch	Round_2_Replicate_18	-27934.39	55876.78	50818.05	349931.04	0.6586,0.2064,0.5187,0.1021
three_epoch	Round_2_Replicate_19	-76041.07	152090.14	143182.23	2082256.3	0.4399,0.0746,0.8721,0.2961
three_epoch	Round_2_Replicate_20	-32111.65	64231.3	59569.04	198810.58	3.1189,0.2661,0.4446,0.0932
three_epoch	Round_2_Replicate_21	-52232.89	104473.78	95876.43	471811.09	1.2178,0.2581,0.1276,0.4459
three_epoch	Round_2_Replicate_22	-52919.36	105846.72	97613.83	223295.52	0.5553,0.5184,0.1932,0.0661
three_epoch	Round_2_Replicate_23	-78322.88	156653.76	147902.63	988964.1	4.8051,0.1601,0.402,0.7095
three_epoch	Round_2_Replicate_24	-41570.23	83148.46	76006.87	261124.45	0.8385,0.376,0.4205,0.1676
three_epoch	Round_2_Replicate_25	-41466.5	82941.0	75514.18	1261212.95	2.011,0.0824,0.5586,0.2312
three_epoch	Round_2_Replicate_26	-85852.68	171713.36	163733.4	1743220.02	0.4143,0.0961,0.2421,0.6951
three_epoch	Round_2_Replicate_27	-33894.8	67797.6	61512.74	594309.31	0.8905,0.1511,0.6026,0.2229
three_epoch	Round_2_Replicate_28	-16132.7	32273.4	29407.96	853481.1	0.5135,0.0571,1.1365,0.0555
three_epoch	Round_2_Replicate_29	-19448.42	38904.84	35429.07	626619.04	0.4322,0.086,0.7549,0.0503
three_epoch	Round_2_Replicate_30	-9821.59	19651.18	18093.63	326504.67	2.0248,0.0871,1.4592,0.0779
three_epoch	Round_3_Replicate_1	-15683.16	31374.32	28660.35	273634.91	2.1402,0.1603,1.045,0.1164
three_epoch	Round_3_Replicate_2	-8276.08	16560.16	15302.1	617998.48	0.7763,0.0381,0.9761,0.0348
three_epoch	Round_3_Replicate_3	-4319.81	8647.62	8106.76	627526.86	0.9943,0.0112,0.2215,0.0115
three_epoch	Round_3_Replicate_4	-14072.67	28153.34	25805.62	261572.94	1.9644,0.1399,1.0985,0.0876
three_epoch	Round_3_Replicate_5	-8240.43	16488.86	15244.2	217754.07	3.9234,0.1029,2.5098,0.0933
three_epoch	Round_3_Replicate_6	-18188.04	36384.08	33156.85	489954.06	0.5981,0.1039,0.7927,0.0635
three_epoch	Round_3_Replicate_7	-4474.34	8956.68	8391.12	442813.73	1.4488,0.0165,1.7113,0.0157
three_epoch	Round_3_Replicate_8	-9227.8	18463.6	17025.26	473317.94	0.9584,0.0553,0.4553,0.0449
three_epoch	Round_3_Replicate_9	-10132.74	20273.48	18641.29	574890.88	4.8865,0.0538,0.2726,0.0677
three_epoch	Round_3_Replicate_10	-14192.5	28393.0	26021.22	427184.06	0.8015,0.0864,2.5259,0.048
three_epoch	Round_3_Replicate_11	-3945.18	7898.36	7417.5	479718.11	5.6075,0.0118,1.4752,0.0175
three_epoch	Round_3_Replicate_12	-5930.06	11868.12	11048.22	281507.19	3.9802,0.0527,2.8364,0.0626
three_epoch	Round_3_Replicate_13	-4620.47	9248.94	8659.4	224975.56	3.8936,0.0349,3.3047,0.0343
three_epoch	Round_3_Replicate_14	-9166.34	18340.68	16900.96	723084.33	0.7883,0.0384,0.1738,0.0474
three_epoch	Round_3_Replicate_15	-5032.99	10073.98	9413.36	505525.53	2.2975,0.0206,0.6025,0.0224
three_epoch	Round_3_Replicate_16	-9702.95	19413.9	17867.46	567269.3	4.4488,0.0522,0.4552,0.0697
three_epoch	Round_3_Replicate_17	-4411.88	8831.76	8275.8	526527.05	4.9507,0.0142,0.4642,0.0164
three_epoch	Round_3_Replicate_18	-13184.22	26376.44	24120.06	486484.4	1.6789,0.0833,0.6135,0.0944
three_epoch	Round_3_Replicate_19	-14370.36	28748.72	26245.56	847145.69	0.6339,0.052,2.059,0.0563
three_epoch	Round_3_Replicate_20	-10932.38	21872.76	20096.91	350441.88	3.4821,0.0904,0.6661,0.0831
three_epoch	Round_3_Replicate_21	-8641.36	17290.72	15959.56	383179.04	2.4225,0.0658,1.2099,0.0701
three_epoch	Round_3_Replicate_22	-9783.96	19575.92	18031.73	421913.75	4.4727,0.0654,0.206,0.0569
three_epoch	Round_3_Replicate_23	-11001.66	22011.32	20203.38	589966.22	1.0303,0.0572,0.4377,0.0635
three_epoch	Round_3_Replicate_24	-8803.19	17614.38	16268.0	366123.23	3.3943,0.064,0.512,0.0546
three_epoch	Round_3_Replicate_25	-12497.08	25002.16	22901.9	359785.13	1.8383,0.1035,0.9471,0.0934
three_epoch	Round_3_Replicate_26	-16839.88	33687.76	30705.17	441802.58	0.5114,0.1108,0.2312,0.0725
three_epoch	Round_3_Replicate_27	-36678.1	73364.2	66648.47	803595.28	0.4415,0.1179,1.3614,0.1203
three_epoch	Round_3_Replicate_28	-12464.84	24937.68	22866.62	260283.82	5.2485,0.1353,1.0839,0.1169
three_epoch	Round_3_Replicate_29	-5085.46	10178.92	9509.79	459535.46	4.2865,0.0227,0.614,0.0249
three_epoch	Round_3_Replicate_30	-8078.61	16165.22	14972.14	228461.1	3.7282,0.0818,1.6594,0.0618
three_epoch	Round_3_Replicate_31	-3855.49	7718.98	7253.65	304391.75	2.2258,0.0126,2.9185,0.0117
three_epoch	Round_3_Replicate_32	-7658.68	15325.36	14227.27	476947.46	0.753,0.0305,1.4716,0.0169
three_epoch	Round_3_Replicate_33	-10306.56	20621.12	18972.13	359386.41	1.9074,0.082,0.8277,0.0696
three_epoch	Round_3_Replicate_34	-7822.51	15653.02	14495.27	169083.12	6.1407,0.1165,2.99,0.1011
three_epoch	Round_3_Replicate_35	-27845.23	55698.46	50512.72	514710.29	0.5237,0.1487,0.5332,0.1195
three_epoch	Round_3_Replicate_36	-9935.98	19879.96	18287.21	864953.19	0.5897,0.0351,0.7318,0.0392
three_epoch	Round_3_Replicate_37	-8970.73	17949.46	16548.56	654541.44	3.8709,0.0414,0.3088,0.057
three_epoch	Round_3_Replicate_38	-12532.94	25073.88	22971.16	275838.25	2.427,0.1338,1.6223,0.1166
three_epoch	Round_3_Replicate_39	-10144.31	20296.62	18694.48	393223.61	1.1715,0.0694,0.4447,0.0486
three_epoch	Round_3_Replicate_40	-4081.51	8171.02	7669.45	499184.06	1.3204,0.0107,1.1263,0.0103
three_epoch	Round_3_Replicate_41	-11682.11	23372.22	21493.04	299987.57	1.4101,0.0993,1.2919,0.0602
three_epoch	Round_3_Replicate_42	-15535.17	31078.34	28485.8	265493.34	3.5797,0.1433,0.5598,0.0898
three_epoch	Round_3_Replicate_43	-24759.39	49526.78	44925.61	439551.18	0.7634,0.1587,0.5176,0.1358
three_epoch	Round_3_Replicate_44	-20402.79	40813.58	37063.48	437111.54	1.1517,0.1375,3.1475,0.1486
three_epoch	Round_3_Replicate_45	-14754.48	29516.96	26931.79	567893.23	1.7268,0.0798,0.1998,0.0964
three_epoch	Round_3_Replicate_46	-15077.56	30163.12	27512.2	499568.01	5.4762,0.0923,0.3161,0.114
three_epoch	Round_3_Replicate_47	-6353.52	12715.04	11818.03	239735.65	5.4412,0.0693,3.2148,0.0835
three_epoch	Round_3_Replicate_48	-17482.87	34973.74	31884.19	344033.29	3.0824,0.1434,0.2352,0.1092
three_epoch	Round_3_Replicate_49	-4524.71	9057.42	8483.0	606858.09	0.9238,0.0129,0.3457,0.0126
three_epoch	Round_3_Replicate_50	-5742.85	11493.7	10715.82	386741.19	2.7399,0.0296,0.5991,0.0255
three_epoch	Round_4_Replicate_1	-3639.63	7287.26	6854.78	361745.38	4.105,0.01,1.8475,0.0122
three_epoch	Round_4_Replicate_2	-3715.76	7439.52	6995.32	390686.8	2.0037,0.01,2.5251,0.0108
three_epoch	Round_4_Replicate_3	-3834.34	7676.68	7213.76	454941.26	1.6325,0.0103,2.7189,0.0114
three_epoch	Round_4_Replicate_4	-4017.49	8042.98	7551.01	551959.71	1.2415,0.0101,2.0054,0.0108
three_epoch	Round_4_Replicate_5	-3941.85	7891.7	7411.81	510448.12	1.3008,0.0101,4.0649,0.0108
three_epoch	Round_4_Replicate_6	-3669.74	7347.48	6910.43	366629.89	2.8104,0.01,2.0127,0.0113
three_epoch	Round_4_Replicate_7	-3490.11	6988.22	6578.81	263040.0	3.3765,0.01,3.8424,0.011
three_epoch	Round_4_Replicate_8	-3759.91	7527.82	7076.7	409303.9	2.8033,0.0102,1.4971,0.0116
three_epoch	Round_4_Replicate_9	-3726.59	7461.18	7015.53	339647.15	2.51,0.0107,2.2285,0.0111
three_epoch	Round_4_Replicate_10	-3471.12	6950.24	6543.74	249624.75	3.26,0.01,4.549,0.0108
three_epoch	Round_4_Replicate_11	-3767.13	7542.26	7090.11	407184.2	1.7886,0.01,2.4618,0.0105
three_epoch	Round_4_Replicate_12	-3734.47	7476.94	7029.79	399898.52	1.7208,0.0101,4.0745,0.0108
three_epoch	Round_4_Replicate_13	-3583.35	7174.7	6750.89	335829.31	2.4776,0.01,3.5851,0.0114
three_epoch	Round_4_Replicate_14	-3752.98	7513.96	7063.72	439245.9	2.2728,0.01,1.9327,0.0121
three_epoch	Round_4_Replicate_15	-3788.64	7585.28	7129.69	426642.47	1.618,0.01,3.0784,0.0105
three_epoch	Round_4_Replicate_16	-3802.75	7613.5	7155.6	429643.54	2.1586,0.0104,1.7476,0.0118
three_epoch	Round_4_Replicate_17	-3998.03	8004.06	7515.32	528741.67	1.2692,0.0101,1.937,0.0105
three_epoch	Round_4_Replicate_18	-3870.02	7748.04	7279.55	444137.48	1.7416,0.0108,2.121,0.0118
three_epoch	Round_4_Replicate_19	-3948.79	7905.58	7424.84	496526.0	1.2455,0.01,5.3793,0.01
three_epoch	Round_4_Replicate_20	-3706.42	7420.84	6978.11	377446.03	2.2913,0.0101,2.1848,0.011
three_epoch	Round_4_Replicate_21	-3481.34	6970.68	6562.73	236741.69	4.2952,0.01,3.5342,0.0108
three_epoch	Round_4_Replicate_22	-3567.85	7143.7	6722.25	331153.08	2.8236,0.0101,3.3006,0.012
three_epoch	Round_4_Replicate_23	-3620.55	7249.1	6819.52	361923.27	3.0277,0.01,2.3706,0.012
three_epoch	Round_4_Replicate_24	-3695.73	7399.46	6958.36	380515.79	1.9972,0.01,2.9078,0.0108
three_epoch	Round_4_Replicate_25	-3928.78	7865.56	7388.0	482736.83	1.4849,0.0101,1.5224,0.0103
three_epoch	Round_4_Replicate_26	-3486.15	6980.3	6571.4	268965.18	3.0814,0.0105,5.0468,0.012
three_epoch	Round_4_Replicate_27	-3728.6	7465.2	7018.89	397576.87	2.7757,0.0103,1.7852,0.0121
three_epoch	Round_4_Replicate_28	-3961.36	7930.72	7448.15	450845.68	1.5874,0.0108,1.5455,0.0108
three_epoch	Round_4_Replicate_29	-3576.39	7160.78	6738.06	331547.58	2.2109,0.01,5.4729,0.0112
three_epoch	Round_4_Replicate_30	-4083.8	8175.6	7673.02	585344.87	1.1483,0.01,1.5172,0.0106
three_epoch	Round_4_Replicate_31	-3577.76	7163.52	6740.65	318583.94	2.6331,0.01,3.3079,0.0111
three_epoch	Round_4_Replicate_32	-3802.85	7613.7	7155.95	425608.32	1.4895,0.01,6.1476,0.0102
three_epoch	Round_4_Replicate_33	-3486.15	6980.3	6571.39	282027.56	3.3755,0.0101,3.9729,0.012
three_epoch	Round_4_Replicate_34	-3939.25	7886.5	7407.26	493374.9	1.4172,0.01,1.5801,0.0102
three_epoch	Round_4_Replicate_35	-3415.77	6839.54	6441.33	239846.48	4.6452,0.0103,4.2965,0.0124
three_epoch	Round_4_Replicate_36	-3907.16	7822.32	7347.94	497871.19	1.3415,0.0101,4.3438,0.0108
three_epoch	Round_4_Replicate_37	-3488.62	6985.24	6575.84	311369.47	3.8304,0.0101,3.9147,0.0135
three_epoch	Round_4_Replicate_38	-3750.83	7509.66	7060.12	391097.45	2.51,0.01,1.612,0.0108
three_epoch	Round_4_Replicate_39	-3759.45	7526.9	7075.98	393003.14	1.657,0.0102,4.1993,0.0104
three_epoch	Round_4_Replicate_40	-3852.33	7712.66	7247.22	442815.64	1.7844,0.01,1.5179,0.0104
three_epoch	Round_4_Replicate_41	-4075.08	8158.16	7657.23	560725.35	1.1268,0.01,1.6803,0.01
three_epoch	Round_4_Replicate_42	-3892.35	7792.7	7320.86	471970.47	1.3719,0.01,3.1526,0.0102
three_epoch	Round_4_Replicate_43	-4058.98	8125.96	7627.6	555280.6	1.1189,0.01,2.8689,0.01
three_epoch	Round_4_Replicate_44	-3506.26	7020.52	6608.54	287828.03	4.521,0.0103,2.9808,0.0125
three_epoch	Round_4_Replicate_45	-3850.06	7708.12	7242.81	439474.17	1.9098,0.0106,1.7888,0.0117
three_epoch	Round_4_Replicate_46	-4049.18	8106.36	7609.3	573983.68	1.2052,0.01,1.5558,0.0107
three_epoch	Round_4_Replicate_47	-3522.62	7053.24	6638.91	274514.41	3.1299,0.01,3.5849,0.0108
three_epoch	Round_4_Replicate_48	-3980.12	7968.24	7482.59	506008.02	1.3158,0.01,1.5474,0.01
three_epoch	Round_4_Replicate_49	-3659.89	7327.78	6892.11	377430.7	3.0399,0.0101,2.1114,0.0123
three_epoch	Round_4_Replicate_50	-3385.34	6778.68	6385.03	232906.58	4.0289,0.0101,5.711,0.0122
three_epoch	Round_4_Replicate_51	-3702.11	7412.22	6970.2	371801.01	2.6147,0.0101,1.906,0.011
three_epoch	Round_4_Replicate_52	-4056.97	8121.94	7623.86	555051.77	1.1276,0.0101,3.1454,0.0102
three_epoch	Round_4_Replicate_53	-3880.0	7768.0	7297.78	474010.9	1.5441,0.0106,3.2845,0.0119
three_epoch	Round_4_Replicate_54	-3636.86	7281.72	6849.76	342007.92	3.2671,0.0102,2.1378,0.0116
three_epoch	Round_4_Replicate_55	-3729.6	7467.2	7021.04	368462.64	2.1385,0.0101,2.1999,0.0104
three_epoch	Round_4_Replicate_56	-3931.68	7871.36	7393.24	491848.39	1.4551,0.0101,1.6513,0.0105
three_epoch	Round_4_Replicate_57	-3600.92	7209.84	6783.45	325999.0	3.2789,0.01,2.3599,0.0113
three_epoch	Round_4_Replicate_58	-3776.6	7561.2	7107.43	420132.17	2.0104,0.0102,2.0136,0.0113
three_epoch	Round_4_Replicate_59	-4013.18	8034.36	7543.43	503203.42	1.2452,0.0104,2.4725,0.0103
three_epoch	Round_4_Replicate_60	-3603.37	7214.74	6787.85	341122.34	3.268,0.0102,2.4425,0.0121
three_epoch	Round_4_Replicate_61	-3782.89	7573.78	7119.05	416517.8	1.7178,0.0103,3.0051,0.011
three_epoch	Round_4_Replicate_62	-3822.39	7652.78	7191.99	432225.38	1.7999,0.01,1.7603,0.0105
three_epoch	Round_4_Replicate_63	-3700.62	7409.24	6967.44	375312.42	1.8618,0.01,3.4956,0.0105
three_epoch	Round_4_Replicate_64	-3681.25	7370.5	6931.7	364223.62	2.3345,0.01,2.3406,0.0108
three_epoch	Round_4_Replicate_65	-3666.49	7340.98	6904.43	362650.34	4.1169,0.01,1.674,0.0118
three_epoch	Round_4_Replicate_66	-4047.78	8103.56	7607.05	545033.18	1.1808,0.01,1.4797,0.01
three_epoch	Round_4_Replicate_67	-3827.95	7663.9	7202.25	420481.83	1.8929,0.0104,1.7946,0.0109
three_epoch	Round_4_Replicate_68	-3791.87	7591.74	7135.78	408242.69	1.8477,0.0101,2.0561,0.0105
three_epoch	Round_4_Replicate_69	-3514.79	7037.58	6624.29	298600.06	2.5559,0.0101,5.7272,0.0115
three_epoch	Round_4_Replicate_70	-3972.41	7952.82	7468.36	501283.67	1.2647,0.0101,2.4497,0.0101
three_epoch	Round_4_Replicate_71	-3667.22	7342.44	6905.8	360732.27	2.7751,0.01,2.0507,0.0111
three_epoch	Round_4_Replicate_72	-3682.76	7373.52	6934.49	365753.99	2.0974,0.01,2.8102,0.0107
three_epoch	Round_4_Replicate_73	-3797.01	7602.02	7145.25	399638.74	2.0652,0.0105,1.862,0.011
three_epoch	Round_4_Replicate_74	-3444.95	6897.9	6495.28	254734.26	3.4942,0.0101,4.6592,0.0115
three_epoch	Round_4_Replicate_75	-3991.35	7990.7	7503.23	512622.36	1.3168,0.01,1.3999,0.0101
three_epoch	Round_4_Replicate_76	-4000.4	8008.8	7519.77	525547.17	1.1936,0.0101,4.6173,0.0103
three_epoch	Round_4_Replicate_77	-3928.04	7864.08	7386.48	499332.02	1.344,0.0101,2.5726,0.0105
three_epoch	Round_4_Replicate_78	-3845.29	7698.58	7233.94	472565.12	1.5878,0.01,2.3302,0.0111
three_epoch	Round_4_Replicate_79	-3921.85	7851.7	7375.03	498535.77	1.3534,0.0101,2.8189,0.0107
three_epoch	Round_4_Replicate_80	-3556.2	7120.4	6700.7	312002.36	3.1767,0.0108,3.6817,0.0132
three_epoch	Round_4_Replicate_81	-3464.31	6936.62	6530.99	284451.72	3.9866,0.01,3.7229,0.0125
three_epoch	Round_4_Replicate_82	-3709.11	7426.22	6983.1	378506.77	4.0431,0.01,1.4591,0.0116
three_epoch	Round_4_Replicate_83	-3584.92	7177.84	6753.67	334493.36	3.4895,0.0109,3.317,0.0142
three_epoch	Round_4_Replicate_84	-3936.29	7880.58	7401.61	512130.4	1.3402,0.01,2.391,0.0107
three_epoch	Round_4_Replicate_85	-3537.27	7082.54	6665.83	299308.34	4.5954,0.0103,2.6693,0.0126
three_epoch	Round_4_Replicate_86	-3710.84	7429.68	6986.27	383314.37	3.7342,0.01,1.4867,0.0116
three_epoch	Round_4_Replicate_87	-3630.85	7269.7	6838.9	281056.86	3.1356,0.0111,2.9279,0.0115
three_epoch	Round_4_Replicate_88	-3512.54	7033.08	6620.22	283724.95	2.8345,0.01,4.2827,0.011
three_epoch	Round_4_Replicate_89	-4040.34	8088.68	7592.8	590212.59	1.2777,0.0101,1.9275,0.0116
three_epoch	Round_4_Replicate_90	-3636.36	7280.72	6848.98	321951.74	3.4479,0.0101,2.1064,0.0111
three_epoch	Round_4_Replicate_91	-3788.33	7584.66	7129.23	406117.45	2.319,0.0102,1.556,0.011
three_epoch	Round_4_Replicate_92	-3537.13	7082.26	6665.71	283836.04	2.9838,0.01,3.5043,0.0108
three_epoch	Round_4_Replicate_93	-3512.75	7033.5	6620.65	266841.85	2.5627,0.0103,7.0152,0.0109
three_epoch	Round_4_Replicate_94	-4045.67	8099.34	7603.06	551453.41	1.1913,0.01,1.4937,0.0102
three_epoch	Round_4_Replicate_95	-3826.48	7660.96	7199.14	468938.34	2.3867,0.0103,1.531,0.0126
three_epoch	Round_4_Replicate_96	-3783.69	7575.38	7120.46	433971.91	1.7335,0.0101,2.6685,0.0111
three_epoch	Round_4_Replicate_97	-3586.63	7181.26	6756.9	338045.35	2.824,0.0103,3.1859,0.0123
three_epoch	Round_4_Replicate_98	-4002.53	8013.06	7523.53	540491.27	1.2049,0.0101,4.5383,0.0107
three_epoch	Round_4_Replicate_99	-3691.48	7390.96	6950.35	364098.49	3.7342,0.0111,2.0861,0.0138
three_epoch	Round_4_Replicate_100	-3609.86	7227.72	6799.91	333747.29	2.3881,0.0101,3.3208,0.011
