Model	Replicate	log-likelihood	AIC	chi-squared	theta	optimized_params(nu1a, nu2a, nu1b, nu2b, m12, m21, T1, T2)
asym_mig_size	Round_1_Replicate_1	-84553.73	169123.46	319416.67	47071.52	1.7678,0.5383,0.3489,0.2372,2.5864,0.581,0.1286,3.6525
asym_mig_size	Round_1_Replicate_2	-113724.61	227465.22	317744.32	20140.95	0.6868,3.9769,0.1861,0.6372,1.5051,0.152,1.6248,0.3657
asym_mig_size	Round_1_Replicate_3	-73405.87	146827.74	2252275.38	20974.28	0.1852,0.1311,1.3988,0.4426,4.5646,6.0853,0.1783,0.8733
asym_mig_size	Round_1_Replicate_4	-84350.61	168717.22	9834584.89	10933.26	1.0045,5.9464,0.6359,3.2154,6.5706,4.4543,0.1763,4.0791
asym_mig_size	Round_1_Replicate_5	-164770.23	329556.46	1329527687.29	7461.03	4.6673,8.1904,6.471,4.2922,0.3993,7.0727,1.8455,0.2304
asym_mig_size	Round_1_Replicate_6	-91327.05	182670.1	6738154.89	8525.12	0.3459,4.134,1.8778,5.0484,5.1437,1.0313,3.0635,0.1232
asym_mig_size	Round_1_Replicate_7	-82079.54	164175.08	869063.35	15355.56	0.7372,0.4791,0.5799,2.6939,2.6646,2.7242,0.3427,1.3993
asym_mig_size	Round_1_Replicate_8	-113271.74	226559.48	468956.1	11700.46	0.6957,1.2578,2.4726,1.7328,0.4194,0.1554,3.4576,0.1888
asym_mig_size	Round_1_Replicate_9	-79269.33	158554.66	1076335.59	20075.56	2.0076,2.4024,1.8869,0.7402,5.0715,0.2133,0.1523,1.9814
asym_mig_size	Round_1_Replicate_10	-58564.83	117145.66	175728.68	26215.15	0.3266,1.9553,0.8448,0.3827,2.771,0.9163,2.7031,3.2726
asym_mig_size	Round_2_Replicate_1	-61258.87	122533.74	1180448.23	14252.34	0.3518,4.1256,1.3147,1.2919,4.5643,0.4721,2.4914,8.3223
asym_mig_size	Round_2_Replicate_2	-129200.34	258416.68	627519.13	38407.3	0.0948,7.4834,1.3648,0.1522,4.5433,0.7274,3.0565,10.1597
asym_mig_size	Round_2_Replicate_3	-47442.53	94901.06	117155.09	26105.46	0.202,0.5623,0.3538,0.7538,4.2336,0.9728,10.8073,3.4245
asym_mig_size	Round_2_Replicate_4	-89790.26	179596.52	737383.5	35520.49	0.2406,4.0772,1.7687,0.2253,8.5245,2.902,2.8941,4.8596
asym_mig_size	Round_2_Replicate_5	-60830.62	121677.24	1017198.08	21570.15	0.1011,3.36,0.9928,0.7597,6.4552,0.7677,7.0173,3.5228
asym_mig_size	Round_2_Replicate_6	-50160.37	100336.74	423443.49	27296.38	0.1402,5.6126,0.5888,0.5761,6.973,1.6045,2.0771,3.0836
asym_mig_size	Round_2_Replicate_7	-54386.29	108788.58	138275.1	53047.82	0.3499,3.7137,0.2158,0.3219,5.3107,1.1054,8.2991,5.3842
asym_mig_size	Round_2_Replicate_8	-71744.9	143505.8	213545.15	37152.52	0.4629,0.9742,0.4919,0.1863,0.7052,2.5647,11.0754,3.9801
asym_mig_size	Round_2_Replicate_9	-57708.78	115433.56	141566.75	35512.28	0.0899,1.6073,0.2621,0.5531,3.8087,0.5375,7.545,4.6233
asym_mig_size	Round_2_Replicate_10	-98503.43	197022.86	614587.93	22435.04	0.1126,1.1397,2.7161,0.4446,4.6568,0.5485,2.3767,4.8147
asym_mig_size	Round_2_Replicate_11	-57739.79	115495.58	172744.89	10285.48	0.27,0.5331,2.5267,0.6141,0.7914,0.8557,10.8572,4.6435
asym_mig_size	Round_2_Replicate_12	-49086.24	98188.48	401286.41	16489.42	0.2866,4.9398,0.591,1.1617,5.094,1.4223,1.1381,5.9095
asym_mig_size	Round_2_Replicate_13	-119517.21	239050.42	512937.64	28945.24	0.122,3.651,1.9881,0.1931,3.883,0.9356,2.8863,3.8691
asym_mig_size	Round_2_Replicate_14	-146605.51	293227.02	686801.44	29961.89	0.1065,2.877,2.5815,0.1883,5.4272,0.2258,9.2342,1.1357
asym_mig_size	Round_2_Replicate_15	-65970.4	131956.8	2128151.76	17380.9	0.2208,2.1189,1.1269,1.0837,6.3397,0.5981,1.1269,6.2923
asym_mig_size	Round_2_Replicate_16	-64462.01	128940.02	448712.07	11186.44	0.1119,0.6837,2.7352,0.9809,2.3098,0.7022,2.3561,13.152
asym_mig_size	Round_2_Replicate_17	-52513.43	105042.86	166398.69	18074.86	0.0817,1.1483,0.3136,1.387,5.4497,1.0396,1.4511,2.8354
asym_mig_size	Round_2_Replicate_18	-88308.69	176633.38	319250.41	47983.01	0.9844,1.1052,0.7415,0.1299,6.3598,1.5481,7.6719,0.9598
asym_mig_size	Round_2_Replicate_19	-81935.06	163886.12	283347.54	73596.04	0.2029,2.1826,0.3902,0.1635,8.9404,0.4905,1.7056,1.8591
asym_mig_size	Round_2_Replicate_20	-56648.46	113312.92	154452.21	59695.95	0.0815,5.6808,0.2297,0.2906,6.6814,0.5444,2.9342,2.248
asym_mig_size	Round_3_Replicate_1	-70793.3	141602.6	574578.49	25452.12	0.1455,0.2503,0.1746,1.5073,13.5468,3.4814,3.4376,1.2717
asym_mig_size	Round_3_Replicate_2	-51543.45	103102.9	114990.53	36583.94	0.1449,0.3596,0.1323,0.7408,10.9076,0.3663,5.2062,6.9117
asym_mig_size	Round_3_Replicate_3	-62160.3	124336.6	157142.66	68156.55	0.7603,1.1123,0.1289,0.32,7.5635,0.3655,24.0559,6.4729
asym_mig_size	Round_3_Replicate_4	-45896.69	91809.38	131043.19	13720.84	0.1496,1.5094,0.8318,1.4045,2.5214,0.37,4.619,6.6936
asym_mig_size	Round_3_Replicate_5	-37460.16	74936.32	101819.92	37472.09	0.3213,1.6669,0.2398,0.4568,9.2871,0.75,5.8423,1.0592
asym_mig_size	Round_3_Replicate_6	-62181.62	124379.24	1972767.66	19600.35	0.0968,0.1674,0.5481,1.0843,8.9021,1.9324,16.6405,3.2257
asym_mig_size	Round_3_Replicate_7	-44768.17	89552.34	165874.65	22039.17	0.5127,0.9851,0.5094,0.787,4.3043,1.3935,23.5601,9.0318
asym_mig_size	Round_3_Replicate_8	-67569.58	135155.16	185586.19	52193.07	0.0825,0.4511,0.2608,0.2105,2.055,2.3071,29.2496,12.4279
asym_mig_size	Round_3_Replicate_9	-60836.17	121688.34	141456.52	32811.87	0.3002,0.3305,0.2823,0.536,2.6019,1.8461,19.178,10.2198
asym_mig_size	Round_3_Replicate_10	-52654.57	105325.14	366438.83	17761.93	0.5323,0.7486,0.5412,1.0729,3.8053,2.4675,5.9842,3.1687
asym_mig_size	Round_3_Replicate_11	-54900.22	109816.44	147497.62	11601.93	0.1272,0.2704,1.2068,1.4933,1.112,0.473,29.3929,3.8244
asym_mig_size	Round_3_Replicate_12	-49927.84	99871.68	134429.52	49217.96	0.346,0.5699,0.1542,0.4185,9.1688,2.9981,24.4097,7.3818
asym_mig_size	Round_3_Replicate_13	-50044.79	100105.58	117826.0	70148.5	0.6379,2.2637,0.1302,0.3175,11.4432,0.6531,25.0342,4.1284
asym_mig_size	Round_3_Replicate_14	-80827.77	161671.54	214269.17	19212.27	0.1736,0.5953,0.154,2.1468,6.5838,1.3623,9.2392,1.5081
asym_mig_size	Round_3_Replicate_15	-73014.39	146044.78	228828.15	59110.35	0.0945,1.2074,0.2091,0.2811,4.3298,0.4272,19.5657,8.5941
asym_mig_size	Round_3_Replicate_16	-59334.49	118684.98	461728.11	15658.28	0.4072,0.7499,0.8758,1.243,2.4171,2.0501,5.744,1.2791
asym_mig_size	Round_3_Replicate_17	-58932.36	117880.72	179246.43	14165.11	0.0761,0.148,0.4746,1.7095,2.6054,1.187,23.6285,5.5295
asym_mig_size	Round_3_Replicate_18	-58066.79	116149.58	209049.74	16956.63	0.2641,0.5384,0.125,1.7872,15.051,0.9862,8.4153,5.1828
asym_mig_size	Round_3_Replicate_19	-50095.54	100207.08	121743.76	20011.92	0.198,0.5938,0.3062,1.2507,5.0923,0.4839,16.7364,4.0805
asym_mig_size	Round_3_Replicate_20	-57696.04	115408.08	259443.26	12580.24	0.1682,1.9632,0.5486,1.8594,2.7476,1.5213,25.0342,7.835
asym_mig_size	Round_3_Replicate_21	-76824.53	153665.06	12988288.74	12942.05	0.464,0.1834,1.2394,1.1523,6.9403,3.624,4.6352,5.5808
asym_mig_size	Round_3_Replicate_22	-69191.29	138398.58	223219.43	29726.01	0.1181,0.391,0.8381,0.3686,3.2762,0.6126,11.6702,6.2496
asym_mig_size	Round_3_Replicate_23	-104046.8	208109.6	265252.81	19840.52	0.1109,0.2224,0.2667,1.5357,1.4766,1.0912,3.3267,3.1327
asym_mig_size	Round_3_Replicate_24	-81456.41	162928.82	235458.93	41038.18	0.2591,0.3835,0.2061,0.4925,2.9183,0.2711,18.8715,1.7403
asym_mig_size	Round_3_Replicate_25	-60721.02	121458.04	145921.25	43123.88	0.1394,0.7029,0.2632,0.3412,2.483,2.5487,2.7867,6.0677
asym_mig_size	Round_3_Replicate_26	-99947.48	199910.96	368853.4	47766.74	0.2069,0.1556,0.2374,0.275,1.8692,0.5348,5.1915,10.086
asym_mig_size	Round_3_Replicate_27	-75115.81	150247.62	4457594.62	11286.43	0.1237,0.5048,1.3076,2.036,4.9482,0.8111,29.7203,3.2998
asym_mig_size	Round_3_Replicate_28	-79869.82	159755.64	219915.81	69513.87	0.6185,0.1992,0.1768,0.1799,2.0268,3.1028,23.1381,3.1449
asym_mig_size	Round_3_Replicate_29	-45480.99	90977.98	126358.45	34054.03	0.5131,0.1883,0.4331,0.4165,4.438,1.6309,12.7098,3.9356
asym_mig_size	Round_3_Replicate_30	-47043.93	94103.86	233220.99	44073.04	0.0926,0.7474,0.1646,0.4952,15.1729,2.4103,20.2741,1.5066
asym_mig_size	Round_4_Replicate_1	-39814.83	79645.66	108415.86	35199.88	0.2593,3.1265,0.3691,0.3976,6.459,0.95,11.4873,1.5691
asym_mig_size	Round_4_Replicate_2	-37662.62	75341.24	102173.15	35184.31	0.2427,2.3971,0.2538,0.4715,8.3686,1.0241,5.289,1.3527
asym_mig_size	Round_4_Replicate_3	-46211.42	92438.84	184280.95	44311.77	0.147,1.618,0.3478,0.3667,9.3998,1.0044,11.4545,1.4429
asym_mig_size	Round_4_Replicate_4	-37869.66	75755.32	101482.32	33704.29	0.2975,1.7242,0.253,0.4961,8.0997,1.0606,3.6316,1.1357
asym_mig_size	Round_4_Replicate_5	-48037.0	96090.0	129431.06	60347.65	0.29,1.6375,0.2354,0.2782,9.2256,0.9385,5.6379,1.4586
asym_mig_size	Round_4_Replicate_6	-31156.01	62328.02	99944.81	30241.68	0.1774,2.2298,0.2869,0.4258,9.4743,0.8511,3.3504,0.6753
asym_mig_size	Round_4_Replicate_7	-39976.08	79968.16	111476.58	54978.83	0.1949,1.2558,0.1409,0.3783,15.9212,0.3859,7.268,0.8937
asym_mig_size	Round_4_Replicate_8	-41402.61	82821.22	142225.86	29517.58	0.5986,1.0713,0.2895,0.6342,7.9091,1.1797,6.5242,1.1546
asym_mig_size	Round_4_Replicate_9	-44185.94	88387.88	134780.8	31778.38	0.3333,1.8386,0.1662,0.7067,12.1976,0.832,5.0532,1.6625
asym_mig_size	Round_4_Replicate_10	-43029.75	86075.5	105609.14	34341.32	0.5097,1.436,0.3436,0.4424,5.0834,0.8051,14.4065,1.4456
asym_mig_size	Round_4_Replicate_11	-45991.75	91999.5	130720.89	69002.81	0.1647,1.1008,0.1433,0.3303,15.8753,0.3943,4.3032,1.5343
asym_mig_size	Round_4_Replicate_12	-40107.36	80230.72	120197.92	49281.06	0.3585,1.7257,0.1438,0.4048,15.3005,1.0369,4.4953,1.1327
asym_mig_size	Round_4_Replicate_13	-44751.11	89518.22	142900.84	25391.2	0.1772,1.0006,0.3733,0.8306,6.1161,0.6197,4.9856,1.6259
asym_mig_size	Round_4_Replicate_14	-37815.13	75646.26	96978.41	29365.53	0.4171,1.2861,0.333,0.5735,6.6492,0.3853,6.947,0.7963
asym_mig_size	Round_4_Replicate_15	-40444.14	80904.28	132497.23	25309.96	0.2337,2.6812,0.2655,0.7331,8.0829,1.0677,5.4385,1.7115
asym_mig_size	Round_4_Replicate_16	-40063.5	80143.0	107395.61	44570.73	0.3546,2.1096,0.252,0.3646,8.747,1.0605,6.388,1.3529
asym_mig_size	Round_4_Replicate_17	-34895.49	69806.98	80549.61	37022.04	0.3524,1.6769,0.2512,0.3425,7.1333,1.2262,13.6531,0.8484
asym_mig_size	Round_4_Replicate_18	-47971.57	95959.14	216257.9	29517.32	0.2787,0.8762,0.1945,0.8499,12.8385,0.8474,9.4532,0.5565
asym_mig_size	Round_4_Replicate_19	-43488.7	86993.4	131563.68	57654.87	0.3057,2.0812,0.2261,0.292,11.0985,1.3279,6.4278,1.4037
asym_mig_size	Round_4_Replicate_20	-48975.28	97966.56	126334.04	21164.53	0.3388,1.8543,0.2128,0.9009,6.5462,1.3691,4.6043,0.9921
asym_mig_size	Round_4_Replicate_21	-42490.97	84997.94	122816.83	23569.35	0.2801,1.1001,0.3652,0.87,5.9201,0.4826,3.5741,0.6276
asym_mig_size	Round_4_Replicate_22	-30193.95	60403.9	115800.97	21007.43	0.3163,3.227,0.3695,0.5178,7.4499,1.3927,7.2854,0.8681
asym_mig_size	Round_4_Replicate_23	-37310.63	74637.26	109302.12	35731.68	0.5411,1.7297,0.2795,0.4573,8.734,0.7663,7.3348,1.1037
asym_mig_size	Round_4_Replicate_24	-39578.27	79172.54	103057.59	32901.27	0.2049,1.0677,0.358,0.4645,6.2709,0.6502,5.9512,0.7923
asym_mig_size	Round_4_Replicate_25	-42158.26	84332.52	124814.75	51439.45	0.1766,1.4108,0.2323,0.3392,10.6241,0.9814,6.2741,1.1815
asym_mig_size	Round_4_Replicate_26	-42933.67	85883.34	109365.19	28086.39	0.2847,1.0103,0.381,0.6606,5.3259,0.4194,3.0546,0.9591
asym_mig_size	Round_4_Replicate_27	-35198.03	70412.06	136606.28	23198.17	0.2567,1.703,0.2864,0.6077,8.5958,1.3931,12.8612,0.625
asym_mig_size	Round_4_Replicate_28	-42931.78	85879.56	105698.65	55403.84	0.488,2.6941,0.1951,0.3145,9.4696,1.0847,9.4267,1.5262
asym_mig_size	Round_4_Replicate_29	-41505.93	83027.86	120425.71	31790.94	0.4581,1.1361,0.3193,0.5985,7.2979,0.5334,8.0217,1.1653
asym_mig_size	Round_4_Replicate_30	-43956.04	87928.08	124206.07	53573.29	0.4064,0.9018,0.1743,0.3793,11.8103,1.3738,10.0693,1.4974
asym_mig_size	Round_4_Replicate_31	-39672.48	79360.96	111347.27	49943.01	0.625,0.916,0.1866,0.3778,12.359,0.6594,5.0072,0.7419
asym_mig_size	Round_4_Replicate_32	-42594.51	85205.02	117574.67	45537.85	0.3103,0.872,0.2378,0.4238,9.786,0.4403,3.3768,0.8913
asym_mig_size	Round_4_Replicate_33	-41281.49	82578.98	243995.55	38027.42	0.296,2.6366,0.3901,0.3738,11.3349,0.4417,6.0639,0.9601
asym_mig_size	Round_4_Replicate_34	-36638.28	73292.56	123092.53	17535.85	0.3482,2.3511,0.3635,0.8299,5.8972,1.1467,12.6659,0.9665
asym_mig_size	Round_4_Replicate_35	-49184.17	98384.34	123963.25	57681.76	0.524,1.8805,0.2097,0.3165,8.0093,0.8016,3.8542,1.8611
asym_mig_size	Round_4_Replicate_36	-47032.18	94080.36	140329.74	37561.0	0.2735,1.1239,0.4102,0.4281,6.765,0.4644,3.3672,1.1561
asym_mig_size	Round_4_Replicate_37	-42189.76	84395.52	119977.92	31429.83	0.4907,1.6948,0.2821,0.6173,7.3063,0.9246,3.2711,1.8829
asym_mig_size	Round_4_Replicate_38	-50701.39	101418.78	136199.66	58685.49	0.5896,1.3353,0.2339,0.3262,9.2845,0.3811,6.8736,1.6868
asym_mig_size	Round_4_Replicate_39	-43548.89	87113.78	123466.41	38954.25	0.2693,0.9327,0.1892,0.5216,10.0126,1.4532,8.7675,1.2279
asym_mig_size	Round_4_Replicate_40	-36120.61	72257.22	109096.92	21241.38	0.6061,2.2072,0.468,0.6149,4.4244,1.4967,9.1804,1.5899
