Model	Replicate	log-likelihood	AIC	chi-squared	theta	optimized_params(nuB, nuF, TB, TF)
three_epoch	Round_1_Replicate_1	-68654.93	137317.86	122703.61	75393.04	1.5925,2.8231,0.524,5.3595
three_epoch	Round_1_Replicate_2	-38734.39	77476.78	69752.69	636623.18	0.6922,0.2636,2.8668,0.4563
three_epoch	Round_1_Replicate_3	-19355.36	38718.72	38425.29	169810.42	4.9874,0.5601,2.8976,0.4849
three_epoch	Round_1_Replicate_4	-58810.15	117628.3	104716.0	918536.26	1.1534,0.2181,1.3775,4.3641
three_epoch	Round_1_Replicate_5	-19230.79	38469.58	38393.34	443559.85	0.5332,0.1968,0.122,0.1227
three_epoch	Round_1_Replicate_6	-203942.9	407893.8	417085.8	79539.07	3.7274,4.7058,1.1591,0.2172
three_epoch	Round_1_Replicate_7	-179164.36	358336.72	365026.21	284488.13	0.2392,1.0827,3.6761,0.4708
three_epoch	Round_1_Replicate_8	-42172.91	84353.82	75569.06	965655.54	0.2712,0.1805,1.0208,0.1767
three_epoch	Round_1_Replicate_9	-39109.97	78227.94	70378.81	256210.25	5.1686,0.6578,0.5177,0.9054
three_epoch	Round_1_Replicate_10	-77607.73	155223.46	139562.95	74580.42	2.7551,2.9896,0.8395,3.6233
three_epoch	Round_1_Replicate_11	-58810.15	117628.3	104716.0	372129.65	0.5464,0.5385,6.7948,8.0246
three_epoch	Round_1_Replicate_12	-167007.1	334022.2	314458.69	134230.93	1.8431,3.1129,0.2902,0.1348
three_epoch	Round_1_Replicate_13	-37028.18	74064.36	66875.79	228871.19	5.3125,0.7178,0.8271,0.9612
three_epoch	Round_1_Replicate_14	-73668.41	147344.82	132084.74	565751.64	0.1428,0.3865,1.0663,0.6232
three_epoch	Round_1_Replicate_15	-277101.59	554211.18	610060.76	72695.87	1.3284,5.7357,0.6114,0.9976
three_epoch	Round_2_Replicate_1	-30533.68	61075.36	56142.88	1353872.46	0.1986,0.11,0.3413,0.1548
three_epoch	Round_2_Replicate_2	-18187.32	36382.64	35599.97	332422.98	0.2087,0.3017,0.0342,0.0836
three_epoch	Round_2_Replicate_3	-20333.65	40675.3	40273.03	2066073.18	0.8269,0.0486,0.4277,0.1215
three_epoch	Round_2_Replicate_4	-20183.18	40374.36	40057.68	631122.82	0.2507,0.1556,0.0466,0.1685
three_epoch	Round_2_Replicate_5	-14309.99	28627.98	27420.95	283147.52	0.3663,0.3167,0.0476,0.0423
three_epoch	Round_2_Replicate_6	-20283.85	40575.7	39988.38	487791.31	0.9273,0.2122,0.3715,0.1999
three_epoch	Round_2_Replicate_7	-20983.95	41975.9	39466.98	284851.18	1.2287,0.4171,0.052,0.1574
three_epoch	Round_2_Replicate_8	-19859.78	39727.56	39484.85	570127.34	0.2614,0.1673,0.1473,0.1044
three_epoch	Round_2_Replicate_9	-21405.23	42818.46	41590.11	432836.08	1.2321,0.2628,0.4264,0.2595
three_epoch	Round_2_Replicate_10	-20355.06	40718.12	40729.64	870145.69	0.6106,0.0999,0.0259,0.1506
three_epoch	Round_2_Replicate_11	-19566.69	39141.38	39169.35	585329.8	0.1716,0.133,0.1448,0.0319
three_epoch	Round_2_Replicate_12	-35550.95	71109.9	64086.95	262472.82	0.8024,0.6089,0.4018,0.208
three_epoch	Round_2_Replicate_13	-27403.83	54815.66	52669.03	365289.33	0.2439,0.4042,0.1357,0.0315
three_epoch	Round_2_Replicate_14	-20070.86	40149.72	39801.74	626790.59	0.5321,0.1573,0.3617,0.1449
three_epoch	Round_2_Replicate_15	-9663.1	19334.2	18917.19	289031.48	0.8543,0.2097,0.0444,0.042
three_epoch	Round_2_Replicate_16	-48430.82	96869.64	86355.62	1299735.05	0.2341,0.1424,0.2818,0.414
three_epoch	Round_2_Replicate_17	-40175.26	80358.52	72181.35	314796.61	0.5364,0.542,0.2641,0.3638
three_epoch	Round_2_Replicate_18	-21507.8	43023.6	41054.98	323425.46	0.435,0.3671,0.0463,0.1623
three_epoch	Round_2_Replicate_19	-14625.54	29259.08	28995.71	379625.33	0.4789,0.1204,0.1963,0.0255
three_epoch	Round_2_Replicate_20	-20028.8	40065.6	39924.1	652017.89	0.6517,0.1425,0.4418,0.1455
three_epoch	Round_2_Replicate_21	-34468.84	68945.68	62055.75	243077.21	0.3524,0.7258,0.0476,0.0524
three_epoch	Round_2_Replicate_22	-6876.4	13760.8	13215.77	267986.65	1.0564,0.1503,0.1357,0.0207
three_epoch	Round_2_Replicate_23	-13446.61	26901.22	26540.23	368433.16	0.6035,0.0976,0.2665,0.0208
three_epoch	Round_2_Replicate_24	-26018.56	52045.12	48858.03	1147435.26	0.5783,0.1178,0.1919,0.2581
three_epoch	Round_2_Replicate_25	-21599.01	43206.02	41961.63	524427.82	2.0196,0.2182,0.1616,0.2731
three_epoch	Round_2_Replicate_26	-25077.66	50163.32	47515.86	569344.42	0.1899,0.2305,0.1774,0.0953
three_epoch	Round_2_Replicate_27	-8393.33	16794.66	16213.67	274091.4	1.2297,0.201,0.0869,0.036
three_epoch	Round_2_Replicate_28	-20177.05	40362.1	40194.96	1101783.03	0.1283,0.0856,0.0925,0.1003
three_epoch	Round_2_Replicate_29	-18042.62	36093.24	33693.36	269345.64	0.5331,0.3766,0.1151,0.0339
three_epoch	Round_2_Replicate_30	-24449.37	48906.74	46341.8	456249.13	2.13,0.2832,0.0714,0.3312
three_epoch	Round_3_Replicate_1	-4935.21	9878.42	9551.52	270153.76	1.2553,0.0804,0.0853,0.0109
three_epoch	Round_3_Replicate_2	-8597.65	17203.3	16693.27	285932.19	0.6733,0.1658,0.1601,0.0184
three_epoch	Round_3_Replicate_3	-8997.8	18003.6	17711.57	315776.12	0.6358,0.1424,0.2562,0.0187
three_epoch	Round_3_Replicate_4	-20475.26	40958.52	40432.56	1503013.29	0.4556,0.0686,0.2726,0.1341
three_epoch	Round_3_Replicate_5	-5579.24	11166.48	10821.76	272449.28	1.6029,0.1099,0.064,0.017
three_epoch	Round_3_Replicate_6	-9828.12	19664.24	18888.91	274424.43	0.6613,0.2328,0.037,0.0353
three_epoch	Round_3_Replicate_7	-20491.11	40990.22	40452.76	3193811.75	3.723,0.0323,0.0747,0.1006
three_epoch	Round_3_Replicate_8	-7154.58	14317.16	14068.62	301990.21	0.6534,0.0898,0.1578,0.0109
three_epoch	Round_3_Replicate_9	-12837.79	25683.58	24251.64	262858.31	1.4746,0.3188,0.1564,0.073
three_epoch	Round_3_Replicate_10	-11695.83	23399.66	22396.01	289211.46	0.8263,0.2549,0.4358,0.0412
three_epoch	Round_3_Replicate_11	-14974.72	29957.44	28360.75	275313.96	0.5591,0.3347,0.0769,0.0494
three_epoch	Round_3_Replicate_12	-8544.8	17097.6	16357.77	275206.59	0.9077,0.183,0.4576,0.0236
three_epoch	Round_3_Replicate_13	-9287.29	18582.58	17615.43	268168.66	0.8174,0.1479,0.2883,0.0128
three_epoch	Round_3_Replicate_14	-14563.72	29135.44	27959.27	287835.18	0.6066,0.3138,0.088,0.0611
three_epoch	Round_3_Replicate_15	-20228.23	40464.46	40187.66	1435926.84	2.2333,0.0679,0.2761,0.1563
three_epoch	Round_3_Replicate_16	-20197.54	40403.08	40190.11	1619175.31	2.7345,0.0591,0.3209,0.1453
three_epoch	Round_3_Replicate_17	-8550.85	17109.7	16625.8	280694.69	0.3644,0.1921,0.0252,0.0239
three_epoch	Round_3_Replicate_18	-4976.78	9961.56	9610.36	268122.1	1.5863,0.0855,0.0765,0.0122
three_epoch	Round_3_Replicate_19	-9041.41	18090.82	17815.42	332170.42	0.5365,0.0874,0.2088,0.0103
three_epoch	Round_3_Replicate_20	-10258.58	20525.16	19893.07	274218.08	1.2918,0.2501,0.2789,0.0596
three_epoch	Round_3_Replicate_21	-5180.14	10368.28	10059.67	273815.7	1.3067,0.0859,0.034,0.0117
three_epoch	Round_3_Replicate_22	-3742.52	7493.04	7246.25	239605.11	2.5516,0.0992,0.4336,0.0219
three_epoch	Round_3_Replicate_23	-6755.31	13518.62	13082.09	270894.5	1.5572,0.1605,0.1209,0.0292
three_epoch	Round_3_Replicate_24	-13091.2	26190.4	25804.75	316178.26	0.3571,0.2294,0.0893,0.0275
three_epoch	Round_3_Replicate_25	-11526.08	23060.16	22811.4	343957.69	0.7111,0.1804,0.461,0.039
three_epoch	Round_3_Replicate_26	-18337.19	36682.38	34632.08	277951.85	1.1442,0.3914,0.1725,0.1247
three_epoch	Round_3_Replicate_27	-24787.17	49582.34	45874.22	274547.46	1.1302,0.4805,0.0613,0.1887
three_epoch	Round_3_Replicate_28	-9927.67	19863.34	19358.04	296829.64	0.7999,0.2056,0.3056,0.0343
three_epoch	Round_3_Replicate_29	-15657.76	31323.52	30375.21	303157.11	0.4169,0.3082,0.0624,0.0653
three_epoch	Round_3_Replicate_30	-4418.91	8845.82	8570.72	271277.85	4.0264,0.065,0.0597,0.0105
three_epoch	Round_3_Replicate_31	-7575.32	15158.64	14892.72	292926.45	0.8839,0.1398,0.2194,0.0231
three_epoch	Round_3_Replicate_32	-11499.43	23006.86	22505.5	294574.98	0.3582,0.2416,0.0327,0.041
three_epoch	Round_3_Replicate_33	-5534.05	11076.1	10665.19	267796.08	4.8384,0.1026,0.0355,0.0152
three_epoch	Round_3_Replicate_34	-4353.49	8714.98	8445.56	262427.14	1.5432,0.0879,0.2694,0.0151
three_epoch	Round_3_Replicate_35	-16346.7	32701.4	30377.38	255216.25	3.9751,0.3894,0.087,0.1025
three_epoch	Round_3_Replicate_36	-5289.72	10587.44	10311.18	276192.17	1.3389,0.0959,0.0959,0.0152
three_epoch	Round_3_Replicate_37	-8104.31	16216.62	15575.41	271515.57	0.6228,0.1709,0.0633,0.0179
three_epoch	Round_3_Replicate_38	-7162.43	14332.86	13881.85	274410.34	1.6347,0.1639,0.0527,0.0283
three_epoch	Round_3_Replicate_39	-4045.38	8098.76	7770.69	254066.97	2.4671,0.0905,0.2197,0.0169
three_epoch	Round_3_Replicate_40	-5563.58	11135.16	10850.25	279523.74	0.8038,0.0862,0.0912,0.0104
three_epoch	Round_3_Replicate_41	-11275.7	22559.4	21911.97	277980.79	1.4733,0.2658,0.2315,0.073
three_epoch	Round_3_Replicate_42	-20188.72	40385.44	40222.07	2715879.9	0.7927,0.0347,0.0409,0.0968
three_epoch	Round_3_Replicate_43	-5894.9	11797.8	11485.92	284720.76	0.8706,0.0904,0.3396,0.0109
three_epoch	Round_3_Replicate_44	-7302.2	14612.4	14339.34	288852.57	0.831,0.1384,0.0997,0.0219
three_epoch	Round_3_Replicate_45	-12260.55	24529.1	23615.83	269545.55	2.0531,0.3008,0.2193,0.0919
three_epoch	Round_3_Replicate_46	-12144.84	24297.68	23708.87	336063.45	0.4805,0.1858,0.2616,0.0172
three_epoch	Round_3_Replicate_47	-10946.17	21900.34	21547.8	301863.53	0.499,0.2119,0.0713,0.0356
three_epoch	Round_3_Replicate_48	-12742.53	25493.06	24651.79	286143.18	1.977,0.2845,0.0363,0.0755
three_epoch	Round_3_Replicate_49	-7643.59	15295.18	14889.21	288548.1	0.6516,0.1205,0.1731,0.0115
three_epoch	Round_3_Replicate_50	-14270.87	28549.74	27571.65	294744.6	0.4443,0.2944,0.0885,0.0409
three_epoch	Round_4_Replicate_1	-2408.97	4825.94	4563.42	230551.4	3.7888,0.0483,0.3911,0.0102
three_epoch	Round_4_Replicate_2	-2663.14	5334.28	5074.87	228035.21	2.2814,0.0563,0.5197,0.0106
three_epoch	Round_4_Replicate_3	-3443.81	6895.62	6620.02	248219.61	2.2905,0.0751,0.308,0.0143
three_epoch	Round_4_Replicate_4	-3052.29	6112.58	5859.86	239667.34	1.9749,0.0618,0.4473,0.0112
three_epoch	Round_4_Replicate_5	-4022.98	8053.96	7683.45	241639.94	3.1166,0.1108,0.3052,0.0233
three_epoch	Round_4_Replicate_6	-2549.36	5106.72	4809.08	204436.42	3.9425,0.0838,0.6484,0.0193
three_epoch	Round_4_Replicate_7	-2470.33	4948.66	4685.89	217234.5	3.4139,0.0665,0.549,0.0146
three_epoch	Round_4_Replicate_8	-2573.67	5155.34	4846.01	216824.35	2.8544,0.062,0.5461,0.0122
three_epoch	Round_4_Replicate_9	-3880.08	7768.16	7461.29	238650.1	2.7254,0.1111,0.3894,0.0242
three_epoch	Round_4_Replicate_10	-3689.73	7387.46	7065.61	244873.77	2.1106,0.0873,0.3342,0.0161
three_epoch	Round_4_Replicate_11	-1945.93	3899.86	3637.69	203970.34	4.5237,0.0468,0.6268,0.0107
three_epoch	Round_4_Replicate_12	-2251.38	4510.76	4243.68	205890.52	4.5387,0.0676,0.6212,0.016
three_epoch	Round_4_Replicate_13	-4249.42	8506.84	8179.85	233857.4	1.5958,0.1109,0.6645,0.0189
three_epoch	Round_4_Replicate_14	-3167.6	6343.2	6072.55	227771.47	2.786,0.0901,0.4979,0.0195
three_epoch	Round_4_Replicate_15	-5747.99	11503.98	11154.05	267579.76	1.3354,0.1321,0.2367,0.0227
three_epoch	Round_4_Replicate_16	-4487.56	8983.12	8589.9	253303.36	1.3182,0.0833,0.3481,0.0115
three_epoch	Round_4_Replicate_17	-1884.11	3776.22	3529.14	203686.49	4.4778,0.0445,0.6437,0.0103
three_epoch	Round_4_Replicate_18	-2221.44	4450.88	4232.34	171223.67	2.9335,0.0598,1.3432,0.0119
three_epoch	Round_4_Replicate_19	-3413.61	6835.22	6527.21	229157.08	4.5631,0.106,0.41,0.0256
three_epoch	Round_4_Replicate_20	-4241.58	8491.16	8120.62	239357.86	1.418,0.092,0.6105,0.0135
three_epoch	Round_4_Replicate_21	-2151.78	4311.56	4076.92	206589.64	3.0591,0.0517,0.7095,0.0109
three_epoch	Round_4_Replicate_22	-4464.39	8936.78	8553.42	249304.47	1.4159,0.0969,0.4056,0.0146
three_epoch	Round_4_Replicate_23	-3781.06	7570.12	7243.31	248737.32	2.9214,0.0891,0.2512,0.0176
three_epoch	Round_4_Replicate_24	-2903.56	5815.12	5553.32	226790.18	2.0842,0.0666,0.5823,0.0123
three_epoch	Round_4_Replicate_25	-2985.9	5979.8	5715.94	226434.33	4.5916,0.0883,0.4474,0.0215
three_epoch	Round_4_Replicate_26	-3723.05	7454.1	7213.27	240609.2	2.2546,0.0939,0.4544,0.0199
three_epoch	Round_4_Replicate_27	-2794.96	5597.92	5317.81	227270.81	3.3617,0.0739,0.445,0.016
three_epoch	Round_4_Replicate_28	-5126.61	10261.22	9954.8	265397.02	1.3471,0.112,0.2822,0.0188
three_epoch	Round_4_Replicate_29	-3331.83	6671.66	6400.37	237401.23	3.0151,0.0887,0.3886,0.0193
three_epoch	Round_4_Replicate_30	-3597.07	7202.14	6902.19	237667.01	1.553,0.0743,0.5852,0.0117
three_epoch	Round_4_Replicate_31	-1815.34	3638.68	3386.0	189893.43	4.6135,0.0496,0.7962,0.0116
three_epoch	Round_4_Replicate_32	-3029.78	6067.56	5840.16	222512.7	1.8849,0.0625,0.7669,0.0112
three_epoch	Round_4_Replicate_33	-2396.06	4800.12	4500.88	204574.04	5.0907,0.0762,0.6043,0.0183
three_epoch	Round_4_Replicate_34	-2773.83	5555.66	5261.74	229527.99	3.8021,0.0693,0.3957,0.015
three_epoch	Round_4_Replicate_35	-2245.56	4499.12	4205.81	196414.44	3.067,0.0589,0.7837,0.0118
three_epoch	Round_4_Replicate_36	-3762.51	7533.02	7304.27	253714.38	2.1632,0.0781,0.3277,0.0158
three_epoch	Round_4_Replicate_37	-3479.2	6966.4	6610.44	229895.99	3.082,0.1008,0.4095,0.0213
three_epoch	Round_4_Replicate_38	-3506.05	7020.1	6738.27	205110.92	1.6855,0.0771,1.2412,0.0117
three_epoch	Round_4_Replicate_39	-4016.26	8040.52	7727.4	242992.69	1.6717,0.0982,0.4676,0.0171
three_epoch	Round_4_Replicate_40	-3177.83	6363.66	6057.89	197339.83	4.1529,0.1278,0.7591,0.0323
three_epoch	Round_4_Replicate_41	-2362.93	4733.86	4492.42	211402.21	2.7218,0.0576,0.6848,0.0118
three_epoch	Round_4_Replicate_42	-3405.27	6818.54	6525.44	249312.06	1.9391,0.0646,0.2996,0.0111
three_epoch	Round_4_Replicate_43	-3182.59	6373.18	6080.0	210021.11	3.4839,0.1127,0.6451,0.0267
three_epoch	Round_4_Replicate_44	-2805.22	5618.44	5333.95	201756.34	5.4665,0.1066,0.666,0.028
three_epoch	Round_4_Replicate_45	-4465.5	8939.0	8472.35	238626.18	4.1436,0.1279,0.2834,0.0279
three_epoch	Round_4_Replicate_46	-3328.39	6664.78	6314.82	214614.79	4.11,0.1163,0.5364,0.0278
three_epoch	Round_4_Replicate_47	-2783.03	5574.06	5236.03	207614.94	2.8544,0.0806,0.6521,0.0161
three_epoch	Round_4_Replicate_48	-4162.25	8332.5	8040.88	237390.36	2.21,0.1197,0.4741,0.0254
three_epoch	Round_4_Replicate_49	-5361.26	10730.52	10271.14	255081.56	1.4744,0.1292,0.2814,0.0209
three_epoch	Round_4_Replicate_50	-4640.88	9289.76	8962.24	263158.7	1.2512,0.0869,0.2747,0.0126
three_epoch	Round_4_Replicate_51	-2472.27	4952.54	4702.33	196774.97	4.0448,0.0868,0.7778,0.021
three_epoch	Round_4_Replicate_52	-4844.25	9696.5	9248.69	249085.62	2.7213,0.1275,0.2334,0.0252
three_epoch	Round_4_Replicate_53	-2918.11	5844.22	5515.91	208531.72	4.3277,0.1017,0.5882,0.0243
three_epoch	Round_4_Replicate_54	-3937.95	7883.9	7637.21	239243.81	1.4572,0.0792,0.7627,0.0129
three_epoch	Round_4_Replicate_55	-3228.2	6464.4	6217.98	251998.92	2.013,0.0564,0.3034,0.0101
three_epoch	Round_4_Replicate_56	-3858.41	7724.82	7483.08	237344.85	1.4979,0.0779,0.7679,0.0129
three_epoch	Round_4_Replicate_57	-2094.55	4197.1	3875.72	190214.98	4.8646,0.0508,0.7261,0.0114
three_epoch	Round_4_Replicate_58	-2764.57	5537.14	5294.43	220098.57	3.305,0.0786,0.5588,0.0179
three_epoch	Round_4_Replicate_59	-4470.27	8948.54	8663.59	249957.97	1.5445,0.1071,0.4689,0.0191
three_epoch	Round_4_Replicate_60	-2492.2	4992.4	4695.63	201291.06	3.1926,0.0767,0.7246,0.0163
three_epoch	Round_4_Replicate_61	-2732.11	5472.22	5166.63	201730.02	3.7318,0.0964,0.6959,0.0223
three_epoch	Round_4_Replicate_62	-3312.58	6633.16	6389.43	230201.53	1.6054,0.0623,0.7683,0.0101
three_epoch	Round_4_Replicate_63	-4124.76	8257.52	7926.06	249297.51	1.5371,0.0912,0.3906,0.0148
three_epoch	Round_4_Replicate_64	-3139.44	6286.88	6024.27	233661.72	4.5523,0.0871,0.3864,0.0208
three_epoch	Round_4_Replicate_65	-3699.18	7406.36	7095.03	237316.8	1.549,0.0791,0.5883,0.0124
three_epoch	Round_4_Replicate_66	-2595.41	5198.82	4907.22	204462.12	3.1299,0.0814,0.7008,0.0174
three_epoch	Round_4_Replicate_67	-3190.01	6388.02	6163.67	251444.38	2.0503,0.054,0.3388,0.0102
three_epoch	Round_4_Replicate_68	-3820.32	7648.64	7381.04	249760.19	4.5949,0.0954,0.2633,0.0221
three_epoch	Round_4_Replicate_69	-3873.51	7755.02	7449.7	216208.58	2.0103,0.1198,0.7881,0.0231
three_epoch	Round_4_Replicate_70	-4220.15	8448.3	8157.65	237353.13	1.4723,0.0988,0.734,0.0161
three_epoch	Round_4_Replicate_71	-4152.43	8312.86	8022.95	250445.68	2.1987,0.1044,0.3178,0.0211
three_epoch	Round_4_Replicate_72	-2271.69	4551.38	4325.25	223417.82	3.703,0.0492,0.4979,0.0111
three_epoch	Round_4_Replicate_73	-3197.2	6402.4	6040.39	189127.67	4.5376,0.1372,0.8097,0.0346
three_epoch	Round_4_Replicate_74	-4748.23	9504.46	9176.24	261537.97	1.5709,0.1047,0.2328,0.0178
three_epoch	Round_4_Replicate_75	-3128.58	6265.16	5979.78	221694.06	4.7719,0.1014,0.4822,0.0253
three_epoch	Round_4_Replicate_76	-3706.09	7420.18	7141.79	255144.56	1.4895,0.0644,0.3339,0.01
three_epoch	Round_4_Replicate_77	-2626.47	5260.94	4934.98	196263.74	3.7316,0.0913,0.7393,0.0205
three_epoch	Round_4_Replicate_78	-2898.83	5805.66	5517.31	228663.52	2.8313,0.0746,0.4525,0.0153
three_epoch	Round_4_Replicate_79	-3029.26	6066.52	5819.06	222051.28	1.8176,0.0633,0.7676,0.0108
three_epoch	Round_4_Replicate_80	-3789.01	7586.02	7236.52	240882.03	2.3422,0.0981,0.3483,0.0189
three_epoch	Round_4_Replicate_81	-3114.92	6237.84	5939.36	242446.09	3.8954,0.0684,0.2806,0.0141
three_epoch	Round_4_Replicate_82	-4946.8	9901.6	9627.64	262097.66	1.4147,0.1095,0.3589,0.0195
three_epoch	Round_4_Replicate_83	-1523.65	3055.3	2821.82	179873.01	6.5682,0.0392,0.8832,0.0101
three_epoch	Round_4_Replicate_84	-1995.03	3998.06	3735.62	187578.26	4.8308,0.0658,0.8224,0.0159
three_epoch	Round_4_Replicate_85	-4416.9	8841.8	8501.35	253569.83	2.4574,0.1099,0.24,0.0217
three_epoch	Round_4_Replicate_86	-3902.35	7812.7	7480.74	225256.43	3.6421,0.1312,0.4786,0.0319
three_epoch	Round_4_Replicate_87	-3014.59	6037.18	5776.77	227823.69	1.7913,0.0608,0.656,0.0102
three_epoch	Round_4_Replicate_88	-4055.54	8119.08	7822.46	244334.61	5.2515,0.1144,0.2968,0.028
three_epoch	Round_4_Replicate_89	-4645.82	9299.64	8986.5	239249.34	1.3932,0.1114,0.7898,0.0178
three_epoch	Round_4_Replicate_90	-3043.62	6095.24	5817.12	242582.85	2.5813,0.0632,0.3279,0.0121
three_epoch	Round_4_Replicate_91	-2300.72	4609.44	4363.78	199165.0	2.9354,0.0642,0.8196,0.0134
three_epoch	Round_4_Replicate_92	-2038.52	4085.04	3874.72	189958.89	4.2803,0.0588,0.8784,0.0144
three_epoch	Round_4_Replicate_93	-3325.62	6659.24	6298.18	205507.1	3.1049,0.1196,0.6818,0.0263
three_epoch	Round_4_Replicate_94	-2700.24	5408.48	5157.59	191442.1	4.9975,0.107,0.8231,0.0284
three_epoch	Round_4_Replicate_95	-4566.17	9140.34	8851.65	254934.08	1.3801,0.1007,0.462,0.0167
three_epoch	Round_4_Replicate_96	-2570.89	5149.78	4853.79	232321.68	4.7363,0.0505,0.3377,0.0107
three_epoch	Round_4_Replicate_97	-2442.69	4893.38	4626.38	233598.32	4.9429,0.0469,0.3415,0.0102
three_epoch	Round_4_Replicate_98	-3091.32	6190.64	5904.73	230208.81	4.4931,0.089,0.4003,0.021
three_epoch	Round_4_Replicate_99	-2451.26	4910.52	4673.9	217991.14	2.4625,0.054,0.6412,0.0106
three_epoch	Round_4_Replicate_100	-3722.28	7452.56	7020.71	196444.05	4.0102,0.1518,0.7228,0.0369
