Model	Replicate	log-likelihood	AIC	chi-squared	theta	optimized_params(nuB, nuF, TB, TF)
three_epoch	Round_1_Replicate_1	-72197.63	144403.26	129316.11	399648.71	0.263,0.5429,0.7513,0.7254
three_epoch	Round_1_Replicate_2	-86074.61	172157.22	155966.82	71655.52	0.2896,3.2333,1.1099,4.8361
three_epoch	Round_1_Replicate_3	-197518.28	395044.56	418698.98	89570.94	0.3364,3.4965,3.8091,1.8767
three_epoch	Round_1_Replicate_4	-77838.35	155684.7	139863.08	173386.63	1.5047,1.2971,0.1252,0.2998
three_epoch	Round_1_Replicate_5	-174450.96	348909.92	327801.09	145427.56	0.8769,2.8946,0.297,0.2406
three_epoch	Round_1_Replicate_6	-97854.61	195717.22	179492.98	118358.61	0.6129,2.0539,0.6846,1.8259
three_epoch	Round_1_Replicate_7	-205761.36	411530.72	399349.56	295177.29	0.4271,1.4926,8.4285,0.1373
three_epoch	Round_1_Replicate_8	-58809.94	117627.88	104715.62	859177.61	0.4746,0.2332,1.3019,3.0856
three_epoch	Round_1_Replicate_9	-371027.92	742063.84	812712.87	158346.37	0.4115,4.6587,0.5808,0.2912
three_epoch	Round_1_Replicate_10	-144165.62	288339.24	268160.2	67968.45	2.7607,5.1628,3.3981,0.3999
three_epoch	Round_1_Replicate_11	-57675.62	115359.24	102679.27	785742.84	0.6551,0.253,2.0847,1.2534
three_epoch	Round_1_Replicate_12	-58810.15	117628.3	104716.0	1044843.43	0.4991,0.1918,2.2123,3.5564
three_epoch	Round_1_Replicate_13	-76116.88	152241.76	136722.05	71446.9	0.2085,3.098,0.1322,5.339
three_epoch	Round_1_Replicate_14	-82712.2	165432.4	149383.81	36120.75	4.0687,6.3242,5.9117,5.9293
three_epoch	Round_1_Replicate_15	-58810.16	117628.32	104716.02	389070.12	0.1455,0.515,0.9636,8.1487
three_epoch	Round_2_Replicate_1	-131450.96	262909.92	249855.12	295761.25	0.3685,0.9334,2.6189,0.3976
three_epoch	Round_2_Replicate_2	-31473.72	62955.44	57498.3	256703.13	1.238,0.5891,1.1819,0.3976
three_epoch	Round_2_Replicate_3	-62623.94	125255.88	111617.03	463636.47	0.2695,0.443,3.8019,1.0491
three_epoch	Round_2_Replicate_4	-58546.57	117101.14	104242.15	1322549.68	0.4755,0.1512,6.017,1.0123
three_epoch	Round_2_Replicate_5	-58809.59	117627.18	104714.99	1548843.83	0.2807,0.1294,1.1232,1.5963
three_epoch	Round_2_Replicate_6	-59306.11	118620.22	105608.69	730667.25	0.2628,0.2751,8.5178,0.6052
three_epoch	Round_2_Replicate_7	-58798.42	117604.84	104694.91	1046395.08	0.2965,0.1915,3.4835,1.6179
three_epoch	Round_2_Replicate_8	-58034.09	116076.18	103322.0	531977.35	1.2505,0.3747,2.9682,2.122
three_epoch	Round_2_Replicate_9	-57632.48	115272.96	102601.97	1011679.34	0.505,0.1965,7.6531,0.9565
three_epoch	Round_2_Replicate_10	-51505.47	103018.94	91730.92	816229.06	2.9888,0.2327,2.5813,1.0718
three_epoch	Round_2_Replicate_11	-29554.05	59116.1	54452.59	320632.74	1.0259,0.4562,4.6066,0.3716
three_epoch	Round_2_Replicate_12	-51142.73	102293.46	91093.98	678663.1	1.2466,0.279,2.2454,1.0163
three_epoch	Round_2_Replicate_13	-36975.03	73958.06	66798.54	1568172.34	2.0871,0.1047,0.6678,0.371
three_epoch	Round_2_Replicate_14	-41332.5	82673.0	74148.57	753583.4	0.4987,0.2293,4.9925,0.3649
three_epoch	Round_2_Replicate_15	-47746.49	95500.98	85079.28	182189.45	1.3992,1.0047,1.2349,0.5203
three_epoch	Round_2_Replicate_16	-58810.15	117628.3	104716.0	2860656.59	0.1867,0.07,7.6492,2.4907
three_epoch	Round_2_Replicate_17	-58810.15	117628.3	104716.0	1276103.45	0.2,0.157,4.4297,4.8569
three_epoch	Round_2_Replicate_18	-60198.96	120405.92	107219.3	246918.13	0.2526,0.819,0.5515,3.0759
three_epoch	Round_2_Replicate_19	-55287.62	110583.24	98416.33	362065.21	0.8114,0.5399,4.5185,1.4026
three_epoch	Round_2_Replicate_20	-60101.34	120210.68	107042.99	699052.67	0.2676,0.2891,6.2857,0.5075
three_epoch	Round_2_Replicate_21	-58592.67	117193.34	104325.0	540046.32	0.6467,0.3705,0.6136,2.3088
three_epoch	Round_2_Replicate_22	-57260.36	114528.72	101935.62	474294.13	0.7385,0.418,0.853,1.7135
three_epoch	Round_2_Replicate_23	-58810.15	117628.3	104716.0	1123731.21	0.1943,0.1783,2.6886,2.6717
three_epoch	Round_2_Replicate_24	-42627.6	85263.2	76348.95	202673.57	2.067,0.8644,1.3309,1.0678
three_epoch	Round_2_Replicate_25	-26181.78	52371.56	49118.1	1120306.07	1.1562,0.1211,1.0185,0.2928
three_epoch	Round_2_Replicate_26	-22070.82	44149.64	42691.23	516027.49	1.4482,0.2274,1.0978,0.3253
three_epoch	Round_2_Replicate_27	-58810.15	117628.3	104716.0	2809154.9	0.5642,0.0713,4.9812,4.0515
three_epoch	Round_2_Replicate_28	-56561.96	113131.92	100686.77	502969.33	0.4165,0.3922,3.2379,0.3828
three_epoch	Round_2_Replicate_29	-42657.38	85322.76	76405.71	1084849.68	0.3768,0.1616,5.8501,0.2947
three_epoch	Round_2_Replicate_30	-54231.4	108470.8	96541.17	558615.26	0.3989,0.3472,0.967,0.6278
three_epoch	Round_3_Replicate_1	-48065.09	96138.18	85719.61	629098.05	0.4086,0.2933,0.8789,0.4645
three_epoch	Round_3_Replicate_2	-20190.53	40389.06	40199.68	566279.83	5.7988,0.1678,2.6493,0.3737
three_epoch	Round_3_Replicate_3	-16908.86	33825.72	32396.77	301916.19	0.8963,0.3357,0.5212,0.1007
three_epoch	Round_3_Replicate_4	-24331.89	48671.78	46037.11	307889.04	1.2894,0.4194,1.8177,0.3512
three_epoch	Round_3_Replicate_5	-17852.64	35713.28	32866.58	216366.04	1.4196,0.4843,0.9504,0.1099
three_epoch	Round_3_Replicate_6	-11740.8	23489.6	22981.96	229827.04	2.8542,0.3264,0.7332,0.1263
three_epoch	Round_3_Replicate_7	-11571.18	23150.36	22458.26	217138.73	5.5908,0.3573,0.6735,0.1512
three_epoch	Round_3_Replicate_8	-29359.05	58726.1	54232.32	289871.45	5.6111,0.5027,4.4249,1.1891
three_epoch	Round_3_Replicate_9	-7734.21	15476.42	14610.28	194510.15	1.6669,0.2671,1.4348,0.0443
three_epoch	Round_3_Replicate_10	-19607.29	39222.58	39260.49	505330.33	0.6992,0.1521,0.5388,0.0968
three_epoch	Round_3_Replicate_11	-11480.84	22969.68	22509.03	340892.04	0.8417,0.2069,1.7001,0.0497
three_epoch	Round_3_Replicate_12	-26006.73	52021.46	48152.61	232664.07	2.4842,0.584,0.61,0.3556
three_epoch	Round_3_Replicate_13	-20191.77	40391.54	40259.16	1455717.76	5.5407,0.064,1.3602,0.183
three_epoch	Round_3_Replicate_14	-35358.15	70724.3	63291.43	292246.11	0.7487,0.5076,2.1501,0.0664
three_epoch	Round_3_Replicate_15	-35580.42	71168.84	64468.73	440148.16	1.072,0.3662,2.5228,0.6059
three_epoch	Round_3_Replicate_16	-51108.41	102224.82	91033.76	369567.93	0.6958,0.5122,0.4657,1.0359
three_epoch	Round_3_Replicate_17	-8523.05	17054.1	16126.47	125410.49	3.045,0.4951,2.7734,0.1066
three_epoch	Round_3_Replicate_18	-19030.43	38068.86	38069.91	418893.87	0.9998,0.1922,1.4843,0.1239
three_epoch	Round_3_Replicate_19	-32269.24	64546.48	58983.27	377058.14	1.3618,0.407,0.83,0.5699
three_epoch	Round_3_Replicate_20	-20249.57	40507.14	40199.64	1034312.41	4.7932,0.095,1.5864,0.2459
three_epoch	Round_3_Replicate_21	-17489.14	34986.28	32319.13	185172.59	4.0946,0.5763,0.8205,0.2245
three_epoch	Round_3_Replicate_22	-26739.77	53487.54	50003.54	455133.03	1.6468,0.3024,0.7557,0.4561
three_epoch	Round_3_Replicate_23	-26527.13	53062.26	47798.89	179802.08	2.0706,0.7373,0.9599,0.2212
three_epoch	Round_3_Replicate_24	-58721.29	117450.58	104556.83	235170.01	0.8467,0.8517,2.7557,0.3205
three_epoch	Round_3_Replicate_25	-11500.55	23009.1	22556.87	298830.84	0.9676,0.236,0.4898,0.0574
three_epoch	Round_3_Replicate_26	-37744.1	75496.2	68082.69	261752.7	7.3075,0.6334,0.6285,0.9476
three_epoch	Round_3_Replicate_27	-20330.49	40668.98	40269.9	1898103.91	1.2565,0.0529,2.8789,0.143
three_epoch	Round_3_Replicate_28	-20012.64	40033.28	39124.59	197229.47	2.868,0.5419,2.3425,0.4099
three_epoch	Round_3_Replicate_29	-19248.84	38505.68	37897.46	334974.48	1.2199,0.301,1.293,0.1955
three_epoch	Round_3_Replicate_30	-20188.64	40385.28	40228.1	931963.64	3.8927,0.1009,2.5589,0.2617
three_epoch	Round_3_Replicate_31	-39216.18	78440.36	70542.56	306246.57	0.8416,0.5508,0.5617,0.4822
three_epoch	Round_3_Replicate_32	-15412.77	30833.54	30177.23	482097.46	0.6031,0.1855,1.4513,0.0618
three_epoch	Round_3_Replicate_33	-20189.71	40387.42	40209.88	1252872.48	4.6011,0.0755,2.048,0.2163
three_epoch	Round_3_Replicate_34	-8195.48	16398.96	15725.33	163561.24	2.0513,0.3537,2.3263,0.0704
three_epoch	Round_3_Replicate_35	-22413.82	44835.64	41799.51	230965.76	1.3818,0.5377,1.2873,0.2127
three_epoch	Round_3_Replicate_36	-20177.76	40363.52	40199.15	782244.29	2.6904,0.1204,0.4653,0.2081
three_epoch	Round_3_Replicate_37	-15387.42	30782.84	29750.07	275482.42	1.1023,0.3399,1.6001,0.1067
three_epoch	Round_3_Replicate_38	-20641.24	41290.48	40606.85	172290.93	8.5178,0.6146,4.4771,0.8814
three_epoch	Round_3_Replicate_39	-20882.03	41772.06	40772.47	464424.47	0.7902,0.2374,0.3704,0.2033
three_epoch	Round_3_Replicate_40	-32869.64	65747.28	59966.45	429235.83	0.8755,0.3609,2.0594,0.4322
three_epoch	Round_3_Replicate_41	-11481.43	22970.86	21213.52	203542.08	1.5223,0.3343,1.061,0.0516
three_epoch	Round_3_Replicate_42	-18300.72	36609.44	35965.5	358465.2	0.9241,0.2749,0.5942,0.139
three_epoch	Round_3_Replicate_43	-20162.9	40333.8	40185.97	760697.45	1.0933,0.1231,0.3679,0.1791
three_epoch	Round_3_Replicate_44	-30311.2	60630.4	55776.96	267546.78	3.1565,0.5546,1.741,0.8529
three_epoch	Round_3_Replicate_45	-17787.24	35582.48	34321.46	313220.85	0.9729,0.3304,1.8052,0.1264
three_epoch	Round_3_Replicate_46	-32026.35	64060.7	58575.48	208171.02	6.1764,0.7342,1.4976,1.022
three_epoch	Round_3_Replicate_47	-10115.84	20239.68	18972.3	254107.54	1.0098,0.2154,0.9922,0.0251
three_epoch	Round_3_Replicate_48	-20173.86	40355.72	40187.19	725780.3	1.3254,0.1299,1.2112,0.2052
three_epoch	Round_3_Replicate_49	-40505.07	81018.14	72744.76	300967.57	1.8825,0.5691,1.7351,1.0762
three_epoch	Round_3_Replicate_50	-25866.55	51741.1	48596.12	140910.72	7.2696,0.9554,4.1056,1.3055
three_epoch	Round_4_Replicate_1	-7603.16	15214.32	14455.56	218305.78	1.4594,0.2363,1.1129,0.0397
three_epoch	Round_4_Replicate_2	-3765.88	7539.76	7266.6	225721.76	1.4866,0.0761,0.9886,0.0114
three_epoch	Round_4_Replicate_3	-4062.16	8132.32	7682.04	204073.84	1.7683,0.1029,0.9959,0.0153
three_epoch	Round_4_Replicate_4	-5737.16	11482.32	11061.0	273713.05	0.9672,0.0954,0.9987,0.0112
three_epoch	Round_4_Replicate_5	-5650.84	11309.68	11073.55	294601.08	0.9547,0.0751,1.0702,0.0113
three_epoch	Round_4_Replicate_6	-7431.16	14870.32	14376.98	219812.57	1.3571,0.2225,1.8552,0.0381
three_epoch	Round_4_Replicate_7	-5649.67	11307.34	10914.72	269954.04	1.0016,0.1011,1.0356,0.0126
three_epoch	Round_4_Replicate_8	-9899.63	19807.26	18723.5	173242.21	2.3491,0.4104,1.4779,0.1001
three_epoch	Round_4_Replicate_9	-3712.24	7432.48	7141.36	181022.57	2.2798,0.1337,1.3842,0.0251
three_epoch	Round_4_Replicate_10	-4828.78	9665.56	9236.53	223917.34	1.4281,0.1193,1.0001,0.0171
three_epoch	Round_4_Replicate_11	-5010.95	10029.9	9776.44	267148.32	1.0645,0.0785,1.4247,0.011
three_epoch	Round_4_Replicate_12	-6148.93	12305.86	11866.73	282435.65	0.9343,0.1099,1.2161,0.0135
three_epoch	Round_4_Replicate_13	-1423.38	2854.76	2641.16	161005.2	6.6832,0.0409,1.1848,0.0108
three_epoch	Round_4_Replicate_14	-3241.19	6490.38	6050.56	156632.46	3.6694,0.1474,1.3415,0.031
three_epoch	Round_4_Replicate_15	-4961.6	9931.2	9375.68	197381.46	3.3043,0.2032,0.7575,0.0491
three_epoch	Round_4_Replicate_16	-7479.62	14967.24	14637.3	301362.96	0.9,0.1446,0.953,0.0235
three_epoch	Round_4_Replicate_17	-5290.13	10588.26	10190.81	191346.35	3.8898,0.2259,0.9033,0.0642
three_epoch	Round_4_Replicate_18	-3338.6	6685.2	6217.13	163389.82	2.7417,0.095,1.3382,0.0158
three_epoch	Round_4_Replicate_19	-4940.63	9889.26	9492.8	244110.79	1.1796,0.0912,1.0206,0.0114
three_epoch	Round_4_Replicate_20	-4984.63	9977.26	9350.83	179016.91	2.9148,0.2133,1.0422,0.0456
three_epoch	Round_4_Replicate_21	-7880.92	15769.84	14990.15	190748.85	1.6574,0.2817,1.7367,0.0481
three_epoch	Round_4_Replicate_22	-2825.09	5658.18	5429.27	169461.43	2.7552,0.0946,1.4697,0.0189
three_epoch	Round_4_Replicate_23	-5138.55	10285.1	9789.42	163491.03	2.0864,0.2004,2.0229,0.0317
three_epoch	Round_4_Replicate_24	-5777.71	11563.42	11298.33	287477.74	0.9491,0.0938,0.6665,0.0133
three_epoch	Round_4_Replicate_25	-8499.09	17006.18	16127.36	158001.98	2.3387,0.3894,1.9778,0.0822
three_epoch	Round_4_Replicate_26	-4372.41	8752.82	8456.89	229710.83	1.3116,0.0836,1.3401,0.0114
three_epoch	Round_4_Replicate_27	-2926.0	5860.0	5623.52	181205.93	2.1912,0.0737,1.4488,0.0127
three_epoch	Round_4_Replicate_28	-6167.94	12343.88	11921.79	154971.81	2.329,0.2816,2.3209,0.0552
three_epoch	Round_4_Replicate_29	-7372.08	14752.16	13831.87	186903.17	2.7682,0.3009,0.948,0.0715
three_epoch	Round_4_Replicate_30	-4960.16	9928.32	9690.09	263383.95	1.1257,0.0788,1.0487,0.0118
three_epoch	Round_4_Replicate_31	-2605.93	5219.86	4821.34	161580.38	4.1359,0.0819,1.1463,0.0171
three_epoch	Round_4_Replicate_32	-7936.34	15880.68	15238.97	269289.45	1.0021,0.1833,1.5277,0.0265
three_epoch	Round_4_Replicate_33	-4522.03	9052.06	8758.42	164616.74	2.2985,0.1792,1.9482,0.0335
three_epoch	Round_4_Replicate_34	-9628.08	19264.16	18105.59	176642.53	2.7842,0.3997,1.1759,0.1058
three_epoch	Round_4_Replicate_35	-7259.91	14527.82	14043.58	226291.5	1.5896,0.2272,0.9466,0.0473
three_epoch	Round_4_Replicate_36	-5132.85	10273.7	9811.34	203213.13	2.117,0.1893,0.9375,0.0384
three_epoch	Round_4_Replicate_37	-5085.98	10179.96	9881.39	274680.71	0.9974,0.0787,0.8854,0.0101
three_epoch	Round_4_Replicate_38	-5563.09	11134.18	10774.51	279917.18	0.9644,0.0946,1.7036,0.0119
three_epoch	Round_4_Replicate_39	-4963.94	9935.88	9483.29	201780.68	2.4687,0.1922,0.86,0.0426
three_epoch	Round_4_Replicate_40	-3078.38	6164.76	5749.11	178549.58	2.5123,0.0804,1.1137,0.0135
three_epoch	Round_4_Replicate_41	-3662.15	7332.3	7010.08	154261.32	2.7327,0.1618,1.8382,0.0306
three_epoch	Round_4_Replicate_42	-4998.0	10004.0	9729.0	272137.59	1.0294,0.0786,0.9266,0.0105
three_epoch	Round_4_Replicate_43	-5402.66	10813.32	10431.31	273027.4	0.9825,0.0861,1.6357,0.0103
three_epoch	Round_4_Replicate_44	-4956.41	9920.82	9531.56	204564.11	2.4612,0.1877,0.8604,0.0429
three_epoch	Round_4_Replicate_45	-1539.28	3086.56	2878.57	162058.12	5.8561,0.0457,1.2094,0.0118
three_epoch	Round_4_Replicate_46	-8186.37	16380.74	15736.4	232732.89	1.25,0.2335,1.5792,0.0392
three_epoch	Round_4_Replicate_47	-4742.46	9492.92	8980.48	180919.13	2.3671,0.1922,1.2124,0.0368
three_epoch	Round_4_Replicate_48	-4140.01	8288.02	7813.63	188366.63	2.6551,0.1644,0.9655,0.0335
three_epoch	Round_4_Replicate_49	-4264.29	8536.58	8206.48	136906.97	2.9313,0.2167,2.4277,0.0414
three_epoch	Round_4_Replicate_50	-3214.27	6436.54	6089.29	179433.27	2.121,0.0852,1.383,0.0133
three_epoch	Round_4_Replicate_51	-4447.29	8902.58	8598.64	242379.45	1.2665,0.0869,0.9346,0.0122
three_epoch	Round_4_Replicate_52	-5767.5	11543.0	11213.57	299289.63	0.9049,0.0964,1.8126,0.0129
three_epoch	Round_4_Replicate_53	-8147.1	16302.2	15732.58	223914.56	1.295,0.2403,2.1012,0.0413
three_epoch	Round_4_Replicate_54	-6973.92	13955.84	13534.48	240048.56	1.2978,0.1913,1.1255,0.0341
three_epoch	Round_4_Replicate_55	-14972.97	29953.94	27994.56	221005.15	1.2083,0.4168,2.9115,0.079
three_epoch	Round_4_Replicate_56	-2982.95	5973.9	5660.82	184525.29	3.4574,0.1235,0.9631,0.0284
three_epoch	Round_4_Replicate_57	-1743.61	3495.22	3211.11	139103.39	5.0841,0.0592,1.5992,0.0132
three_epoch	Round_4_Replicate_58	-5261.26	10530.52	9985.43	190777.95	2.6062,0.2171,0.973,0.048
three_epoch	Round_4_Replicate_59	-7986.51	15981.02	15475.6	241008.0	1.2646,0.2217,1.2522,0.041
three_epoch	Round_4_Replicate_60	-4182.75	8373.5	8087.78	168571.19	4.8242,0.2031,1.216,0.059
three_epoch	Round_4_Replicate_61	-4927.01	9862.02	9378.57	170537.24	2.4617,0.2159,1.4621,0.0424
three_epoch	Round_4_Replicate_62	-5337.77	10683.54	10333.52	271866.51	0.997,0.0884,0.9702,0.011
three_epoch	Round_4_Replicate_63	-2305.62	4619.24	4401.43	194944.23	3.5006,0.0684,0.8625,0.0159
three_epoch	Round_4_Replicate_64	-4322.31	8652.62	8332.11	241465.29	1.2502,0.0768,0.9407,0.0102
three_epoch	Round_4_Replicate_65	-6714.12	13436.24	12652.75	208781.92	1.6177,0.209,1.0074,0.0331
three_epoch	Round_4_Replicate_66	-6097.57	12203.14	11411.32	178462.39	3.157,0.2657,1.0048,0.0619
three_epoch	Round_4_Replicate_67	-5024.78	10057.56	9748.36	260648.46	1.0882,0.0893,1.0461,0.0119
three_epoch	Round_4_Replicate_68	-4403.36	8814.72	8583.11	222630.76	1.5799,0.1009,1.1255,0.0176
three_epoch	Round_4_Replicate_69	-3947.99	7903.98	7531.93	135679.65	3.3848,0.2208,2.1376,0.0454
three_epoch	Round_4_Replicate_70	-8393.14	16794.28	16253.26	198169.98	1.5518,0.2857,2.2479,0.0549
three_epoch	Round_4_Replicate_71	-6333.25	12674.5	12175.99	246150.6	1.1753,0.1546,1.0515,0.0222
three_epoch	Round_4_Replicate_72	-5297.58	10603.16	10296.92	290679.45	0.9293,0.0799,1.5514,0.0102
three_epoch	Round_4_Replicate_73	-7310.15	14628.3	13933.59	203319.0	2.333,0.2754,0.8774,0.0665
three_epoch	Round_4_Replicate_74	-6705.41	13418.82	12958.2	200029.86	1.4979,0.2157,2.2092,0.0349
three_epoch	Round_4_Replicate_75	-5375.02	10758.04	10359.4	262056.03	1.0602,0.0973,0.7215,0.0122
three_epoch	Round_4_Replicate_76	-9733.68	19475.36	18492.89	230910.4	1.1783,0.2705,2.3957,0.0418
three_epoch	Round_4_Replicate_77	-2416.68	4841.36	4524.82	176298.17	4.1299,0.096,0.9909,0.0221
three_epoch	Round_4_Replicate_78	-4488.1	8984.2	8642.5	234571.18	1.2914,0.0886,1.069,0.0119
three_epoch	Round_4_Replicate_79	-4303.55	8615.1	8289.13	230943.24	1.2988,0.0776,1.2055,0.0102
three_epoch	Round_4_Replicate_80	-5578.66	11165.32	10766.08	192763.45	1.5291,0.1648,2.4294,0.0236
three_epoch	Round_4_Replicate_81	-8179.34	16366.68	15386.22	156341.21	2.7569,0.3892,1.6464,0.0883
three_epoch	Round_4_Replicate_82	-3673.05	7354.1	7104.55	217553.14	1.5574,0.0731,1.1633,0.0113
three_epoch	Round_4_Replicate_83	-1705.95	3419.9	3169.69	172832.42	4.4136,0.0491,1.0424,0.0112
three_epoch	Round_4_Replicate_84	-6820.53	13649.06	12880.56	226862.36	1.2667,0.1554,1.0852,0.0191
three_epoch	Round_4_Replicate_85	-4125.4	8258.8	7869.52	218346.61	1.6741,0.1108,0.837,0.0177
three_epoch	Round_4_Replicate_86	-4554.2	9116.4	8808.36	156285.58	2.2712,0.1819,2.3125,0.0316
three_epoch	Round_4_Replicate_87	-2900.56	5809.12	5529.66	174291.63	5.1611,0.1372,1.0426,0.0371
three_epoch	Round_4_Replicate_88	-12480.3	24968.6	24082.24	212706.62	1.4647,0.3811,2.113,0.097
three_epoch	Round_4_Replicate_89	-4094.79	8197.58	7913.94	211152.2	1.4334,0.0758,1.7314,0.0102
three_epoch	Round_4_Replicate_90	-5918.17	11844.34	11555.25	294517.2	0.9211,0.0995,1.1086,0.014
three_epoch	Round_4_Replicate_91	-4937.7	9883.4	9528.49	208988.46	3.0861,0.1865,0.734,0.0482
three_epoch	Round_4_Replicate_92	-2144.63	4297.26	4011.35	193346.19	3.1247,0.0546,0.8213,0.011
three_epoch	Round_4_Replicate_93	-2561.92	5131.84	4754.14	120445.67	5.6086,0.1497,2.0465,0.0342
three_epoch	Round_4_Replicate_94	-3574.66	7157.32	6712.37	166611.09	2.2052,0.0809,1.5773,0.0115
three_epoch	Round_4_Replicate_95	-6734.05	13476.1	12948.46	254090.75	1.142,0.1651,0.8058,0.0246
three_epoch	Round_4_Replicate_96	-2069.32	4146.64	3959.09	98310.39	6.6555,0.0915,3.1743,0.0225
three_epoch	Round_4_Replicate_97	-4059.03	8126.06	7839.67	207156.55	1.5092,0.0846,1.6143,0.0119
three_epoch	Round_4_Replicate_98	-7547.82	15103.64	14116.68	178650.08	1.9055,0.2711,1.4716,0.0433
three_epoch	Round_4_Replicate_99	-3863.37	7734.74	7480.78	232174.61	1.3936,0.0688,1.0273,0.0101
three_epoch	Round_4_Replicate_100	-3435.12	6878.24	6644.58	222419.18	1.6345,0.0669,0.9517,0.011
