Model	Replicate	log-likelihood	AIC	chi-squared	theta	optimized_params(nu1a, nu2a, nu1b, nu2b, m, T1, T2)
sym_mig_size	Round_1_Replicate_1	-84839.93	169693.86	316589.89	17259.73	2.3542,1.1223,1.8256,0.2653,0.9579,0.4428,0.3295
sym_mig_size	Round_1_Replicate_2	-47673.79	95361.58	165627.65	29758.03	0.3235,1.7561,0.8626,0.211,4.1172,2.6297,2.1697
sym_mig_size	Round_1_Replicate_3	-109583.44	219180.88	514356.07	11505.44	0.8398,0.3254,3.0546,0.8019,0.3622,0.1924,1.2195
sym_mig_size	Round_1_Replicate_4	-143033.24	286080.48	900395.11	8654.47	2.9746,0.2758,3.9854,0.242,0.3834,2.7071,2.9451
sym_mig_size	Round_1_Replicate_5	-80570.1	161154.2	3364951.51	15143.68	3.4568,2.6785,0.3763,3.0414,6.1694,2.8685,2.1544
sym_mig_size	Round_1_Replicate_6	-136914.45	273842.9	216173969.32	8753.68	1.1268,3.88,3.1953,3.3081,3.353,1.5163,0.4263
sym_mig_size	Round_1_Replicate_7	-45778.85	91571.7	214977.04	24490.52	1.1846,1.0942,0.6979,0.4439,3.2673,0.1787,0.4226
sym_mig_size	Round_1_Replicate_8	-201511.81	403037.62	1327508.87	34050.5	2.0213,5.6128,0.2372,0.296,0.3555,0.3201,2.1449
sym_mig_size	Round_1_Replicate_9	-84622.83	169259.66	8812635.76	6303.64	0.266,0.1337,2.2712,3.4943,1.9516,0.1616,5.7032
sym_mig_size	Round_1_Replicate_10	-140906.35	281826.7	931679.75	12268.13	0.2013,2.954,3.7995,0.343,0.4007,3.1775,0.6934
sym_mig_size	Round_2_Replicate_1	-62626.78	125267.56	184552.14	26860.21	0.9349,1.1166,0.3265,0.8066,2.6393,0.1248,0.2486
sym_mig_size	Round_2_Replicate_2	-48208.5	96431.0	191926.05	30817.16	0.4207,2.3589,0.3511,0.487,4.021,0.1388,0.5662
sym_mig_size	Round_2_Replicate_3	-65018.41	130050.82	159683.26	21325.42	0.5627,1.3791,0.481,0.8626,1.3947,0.4799,1.6254
sym_mig_size	Round_2_Replicate_4	-42653.51	85321.02	343128.95	30287.28	2.3982,2.8509,0.7841,0.1318,9.8555,0.2391,0.2936
sym_mig_size	Round_2_Replicate_5	-65792.36	131598.72	164735.44	25731.24	0.6916,0.6309,0.4788,0.7355,1.2459,0.077,0.2975
sym_mig_size	Round_2_Replicate_6	-87507.07	175028.14	221177.91	22729.05	2.0084,4.4108,0.3507,1.094,1.2896,0.1219,1.0153
sym_mig_size	Round_2_Replicate_7	-67857.65	135729.3	206329.19	21684.97	0.4218,0.3865,1.1143,0.5241,1.0142,0.2204,0.4292
sym_mig_size	Round_2_Replicate_8	-51739.29	103492.58	629212.25	29930.07	1.9474,0.332,0.9686,0.178,8.7943,0.1317,0.4277
sym_mig_size	Round_2_Replicate_9	-96240.35	192494.7	368535.2	37752.02	0.5431,0.3409,0.3857,0.1507,1.1272,0.5147,0.3974
sym_mig_size	Round_2_Replicate_10	-86691.3	173396.6	336124.8	26285.34	4.8055,0.3004,0.618,0.2024,0.9293,0.3406,0.2392
sym_mig_size	Round_2_Replicate_11	-41201.33	82416.66	151997.65	32271.13	0.355,1.8595,0.6679,0.2022,4.8914,0.2613,0.7361
sym_mig_size	Round_2_Replicate_12	-50585.11	101184.22	201834.61	22037.23	0.765,2.2751,1.5456,0.1358,6.3786,0.514,0.1859
sym_mig_size	Round_2_Replicate_13	-39804.02	79622.04	92587.83	48874.59	1.0275,1.2679,0.2429,0.1429,4.2649,0.0674,0.3864
sym_mig_size	Round_2_Replicate_14	-102456.0	204926.0	342553.73	36966.2	0.6092,1.9713,0.292,0.2964,0.9093,0.0672,0.5709
sym_mig_size	Round_2_Replicate_15	-66068.3	132150.6	558699.81	20721.47	1.2355,0.715,2.4457,0.2862,4.5061,0.1512,0.1597
sym_mig_size	Round_2_Replicate_16	-61611.41	123236.82	181231.9	18474.09	3.4779,0.7611,1.0728,0.6757,1.0393,0.1078,0.8948
sym_mig_size	Round_2_Replicate_17	-44705.8	89425.6	106189.4	47159.13	3.2705,4.4824,0.2618,0.1713,3.4598,0.0427,0.5089
sym_mig_size	Round_2_Replicate_18	-49982.97	99979.94	159135.06	20332.43	1.4492,1.5779,1.1178,0.1516,4.0963,0.5358,0.122
sym_mig_size	Round_2_Replicate_19	-97274.59	194563.18	53808918.4	16830.18	2.3341,1.2675,0.8585,1.2134,8.6953,0.0522,1.2268
sym_mig_size	Round_2_Replicate_20	-65888.32	131790.64	156282.63	24158.84	1.7897,4.3572,0.2497,0.5063,1.9189,0.3431,0.1179
sym_mig_size	Round_3_Replicate_1	-60514.62	121043.24	186605.16	59898.28	2.635,2.0475,0.2914,0.0755,3.8076,0.0362,0.5822
sym_mig_size	Round_3_Replicate_2	-64509.64	129033.28	980916.28	56233.82	3.7549,0.5329,0.1143,0.407,16.1893,0.0401,0.5651
sym_mig_size	Round_3_Replicate_3	-41709.02	83432.04	146477.28	27765.45	0.6481,4.6853,0.8257,0.2092,4.2376,0.0452,0.1685
sym_mig_size	Round_3_Replicate_4	-33642.9	67299.8	120561.58	81154.22	0.9717,0.3905,0.1857,0.088,13.1107,0.0794,0.5138
sym_mig_size	Round_3_Replicate_5	-36850.3	73714.6	140430.81	34002.59	2.7744,1.0621,0.6129,0.09,9.7274,0.0487,0.1487
sym_mig_size	Round_3_Replicate_6	-41944.49	83902.98	234057.7	42158.82	2.7006,4.6754,0.2748,0.2773,7.2321,0.0277,0.6533
sym_mig_size	Round_3_Replicate_7	-130108.42	260230.84	349101.9	42152.41	0.2963,2.376,0.1028,0.5035,2.0021,0.0401,0.5001
sym_mig_size	Round_3_Replicate_8	-57966.23	115946.46	160279.4	117699.01	0.2974,0.9627,0.1325,0.0769,5.9261,0.245,1.1146
sym_mig_size	Round_3_Replicate_9	-67360.8	134735.6	193888.39	43170.08	0.5262,0.383,0.2179,0.0974,2.0507,0.0297,0.1226
sym_mig_size	Round_3_Replicate_10	-60188.87	120391.74	183765.98	29091.46	0.7405,1.5298,0.8152,0.1117,2.63,0.113,0.1902
sym_mig_size	Round_3_Replicate_11	-37551.97	75117.94	116942.81	30494.62	1.3863,4.9355,0.6033,0.0775,9.3782,0.1828,0.12
sym_mig_size	Round_3_Replicate_12	-47651.84	95317.68	120476.41	182777.14	1.5365,0.8465,0.0824,0.0595,13.1916,0.0921,1.2222
sym_mig_size	Round_3_Replicate_13	-162743.53	325501.06	660921.92	62213.21	0.422,0.3535,0.0976,0.2133,1.1614,0.1722,0.8488
sym_mig_size	Round_3_Replicate_14	-35137.98	70289.96	80063.38	47473.27	2.5493,0.6637,0.2303,0.1538,5.236,0.0871,0.3379
sym_mig_size	Round_3_Replicate_15	-45900.9	91815.8	112001.78	38414.44	0.2741,0.935,0.3644,0.2553,2.7782,0.1334,0.7985
sym_mig_size	Round_3_Replicate_16	-74543.54	149101.08	216145.03	48173.32	0.3585,0.941,0.2558,0.1966,1.7931,0.068,0.9018
sym_mig_size	Round_3_Replicate_17	-61725.92	123465.84	145556.06	27896.24	3.3001,0.9126,0.2906,0.4785,1.4212,0.1977,0.1438
sym_mig_size	Round_3_Replicate_18	-59257.99	118529.98	174562.81	24354.32	0.5485,2.7186,0.7796,0.3371,1.2788,0.0244,1.4756
sym_mig_size	Round_3_Replicate_19	-37509.05	75032.1	119869.17	61539.94	0.5926,0.3605,0.3311,0.0837,10.1482,0.2311,0.5209
sym_mig_size	Round_3_Replicate_20	-38276.11	76566.22	109615.87	61412.29	1.7247,0.7367,0.193,0.1666,7.4826,0.0747,0.6651
sym_mig_size	Round_3_Replicate_21	-100105.92	200225.84	250439.06	43241.95	1.2051,2.0835,0.1544,0.4542,1.9395,0.0708,1.2008
sym_mig_size	Round_3_Replicate_22	-25518.64	51051.28	73246.78	42572.55	3.8969,1.8698,0.2217,0.0814,10.976,0.0175,0.0972
sym_mig_size	Round_3_Replicate_23	-96360.26	192734.52	240927.27	40147.33	0.852,0.4612,0.1047,0.5326,3.8547,0.0756,0.2814
sym_mig_size	Round_3_Replicate_24	-40328.69	80671.38	178887.1	37508.33	0.2676,0.3852,0.3196,0.2977,5.7818,0.0307,0.4632
sym_mig_size	Round_3_Replicate_25	-62321.46	124656.92	183274.37	27611.05	2.3582,0.7662,0.5478,0.1189,1.1962,0.1403,0.0793
sym_mig_size	Round_3_Replicate_26	-26794.48	53602.96	79595.5	40615.97	1.4911,2.5958,0.2769,0.1013,9.1587,0.2059,0.1865
sym_mig_size	Round_3_Replicate_27	-41545.67	83105.34	376444.57	30227.93	0.4403,0.8722,0.5797,0.2127,7.3601,0.0169,0.0996
sym_mig_size	Round_3_Replicate_28	-45259.13	90532.26	100586.43	36039.04	0.6428,1.9757,0.2238,0.1831,2.5535,0.0411,0.0876
sym_mig_size	Round_3_Replicate_29	-39435.85	78885.7	180758.12	64623.47	2.0781,1.7904,0.282,0.122,10.4129,0.0173,0.8894
sym_mig_size	Round_3_Replicate_30	-49179.89	98373.78	111480.61	47219.73	0.3693,1.3018,0.1917,0.1523,3.5464,0.1258,0.2439
sym_mig_size	Round_4_Replicate_1	-25402.6	50819.2	78198.0	47744.28	1.9224,2.3814,0.2182,0.0797,12.1478,0.0149,0.1409
sym_mig_size	Round_4_Replicate_2	-27493.38	55000.76	82333.06	37364.59	5.6934,1.1663,0.2716,0.0656,11.6897,0.0182,0.0587
sym_mig_size	Round_4_Replicate_3	-22479.8	44973.6	68811.65	54414.41	2.4232,1.0695,0.129,0.0452,21.4771,0.0293,0.0832
sym_mig_size	Round_4_Replicate_4	-26700.86	53415.72	77248.33	42237.24	2.6037,2.1426,0.2558,0.0977,9.3938,0.034,0.1366
sym_mig_size	Round_4_Replicate_5	-24362.08	48738.16	77761.58	43494.77	6.8808,1.3127,0.1491,0.068,15.2593,0.0138,0.06
sym_mig_size	Round_4_Replicate_6	-23672.96	47359.92	73056.19	47064.23	2.0866,3.0402,0.1724,0.0619,15.5841,0.0137,0.086
sym_mig_size	Round_4_Replicate_7	-25725.81	51465.62	78097.91	51568.21	2.8803,3.7901,0.2123,0.0778,12.3586,0.0132,0.1713
sym_mig_size	Round_4_Replicate_8	-22588.47	45190.94	67866.35	55229.14	5.4873,1.5392,0.1271,0.0484,20.4326,0.026,0.0895
sym_mig_size	Round_4_Replicate_9	-29047.91	58109.82	91126.97	37852.62	6.5329,2.2298,0.3549,0.09,9.4448,0.015,0.111
sym_mig_size	Round_4_Replicate_10	-25070.61	50155.22	73263.08	43664.97	2.3511,1.4548,0.2205,0.0664,12.9295,0.0143,0.0901
sym_mig_size	Round_4_Replicate_11	-27259.45	54532.9	99788.48	42441.56	6.5155,1.2926,0.283,0.093,11.1523,0.0209,0.1427
sym_mig_size	Round_4_Replicate_12	-23722.39	47458.78	82630.3	45922.07	5.2114,2.6359,0.1603,0.0629,17.0259,0.0195,0.0755
sym_mig_size	Round_4_Replicate_13	-23918.14	47850.28	73647.96	48141.09	2.5391,2.1918,0.1709,0.0679,14.7488,0.0128,0.0979
sym_mig_size	Round_4_Replicate_14	-23126.84	46267.68	62081.49	55273.67	4.0461,1.8862,0.1416,0.0504,17.4046,0.0282,0.1029
sym_mig_size	Round_4_Replicate_15	-25727.61	51469.22	71704.1	42901.97	3.5204,3.7797,0.1825,0.0872,10.9252,0.0209,0.0861
sym_mig_size	Round_4_Replicate_16	-25393.54	50801.08	68223.41	49593.52	2.7698,3.3143,0.1963,0.0812,11.1777,0.0173,0.1474
sym_mig_size	Round_4_Replicate_17	-26740.99	53495.98	81206.37	39423.17	7.2526,1.3627,0.2629,0.0881,10.0586,0.0155,0.0896
sym_mig_size	Round_4_Replicate_18	-28037.88	56089.76	88829.22	37897.84	4.1147,1.3008,0.2352,0.1113,8.8871,0.0266,0.0803
sym_mig_size	Round_4_Replicate_19	-27093.69	54201.38	73543.23	39859.13	2.6953,2.5415,0.2496,0.0914,8.8549,0.0112,0.0903
sym_mig_size	Round_4_Replicate_20	-25577.83	51169.66	88951.2	45915.26	3.6633,2.5296,0.2346,0.0675,14.3655,0.0154,0.1154
sym_mig_size	Round_4_Replicate_21	-25561.13	51136.26	82221.42	40005.31	5.2503,2.8103,0.2188,0.0751,12.3828,0.0229,0.0708
sym_mig_size	Round_4_Replicate_22	-29325.3	58664.6	99593.94	35166.17	2.0389,1.5034,0.2513,0.1031,8.1941,0.017,0.0507
sym_mig_size	Round_4_Replicate_23	-24421.38	48856.76	73560.58	48884.6	2.4877,1.5102,0.1963,0.0623,14.6253,0.0148,0.1116
sym_mig_size	Round_4_Replicate_24	-25413.36	50840.72	73547.71	47322.53	4.2458,2.607,0.2192,0.0783,11.6696,0.0137,0.1366
sym_mig_size	Round_4_Replicate_25	-29089.6	58193.2	104018.14	39817.59	3.3605,0.9516,0.3463,0.076,11.9791,0.0357,0.1207
sym_mig_size	Round_4_Replicate_26	-23415.82	46845.64	68143.82	53335.01	4.5159,3.6421,0.1557,0.057,16.5625,0.0254,0.1103
sym_mig_size	Round_4_Replicate_27	-25091.92	50197.84	76684.3	50720.07	3.9363,1.5604,0.2036,0.0728,13.1826,0.0117,0.1461
sym_mig_size	Round_4_Replicate_28	-28609.18	57232.36	87098.11	40206.26	1.9899,1.2187,0.2835,0.1301,7.7988,0.0158,0.1555
sym_mig_size	Round_4_Replicate_29	-22945.96	45905.92	69674.35	50132.73	3.3134,3.3425,0.1503,0.0492,18.9596,0.0248,0.0811
sym_mig_size	Round_4_Replicate_30	-31158.97	62331.94	111493.77	39004.64	5.8289,2.7016,0.3981,0.0703,12.3249,0.0337,0.1236
sym_mig_size	Round_4_Replicate_31	-27354.98	54723.96	116851.64	39986.86	2.4169,1.8623,0.2102,0.1019,12.2886,0.0146,0.0795
sym_mig_size	Round_4_Replicate_32	-28677.88	57369.76	99889.32	38659.1	4.1211,1.7868,0.3294,0.066,13.25,0.0291,0.0884
sym_mig_size	Round_4_Replicate_33	-27059.1	54132.2	94866.22	39242.7	8.6492,1.736,0.2848,0.0692,13.1984,0.0137,0.0781
sym_mig_size	Round_4_Replicate_34	-24067.48	48148.96	71306.93	45296.32	3.2072,1.5281,0.1876,0.0562,15.5462,0.0264,0.08
sym_mig_size	Round_4_Replicate_35	-29978.88	59971.76	88525.04	37881.58	2.2159,2.6154,0.3651,0.1221,7.173,0.0268,0.1682
sym_mig_size	Round_4_Replicate_36	-27664.35	55342.7	72507.93	41067.25	2.0475,1.0526,0.1964,0.1036,8.6825,0.0187,0.0867
sym_mig_size	Round_4_Replicate_37	-22996.43	46006.86	65326.84	51113.91	5.8757,3.6484,0.1478,0.0516,17.617,0.0185,0.0865
sym_mig_size	Round_4_Replicate_38	-29465.51	58945.02	92986.83	37864.25	6.4028,1.4764,0.3675,0.086,9.7586,0.0181,0.113
sym_mig_size	Round_4_Replicate_39	-23358.46	46730.92	63514.44	47865.59	7.2954,1.4773,0.1571,0.0509,16.5064,0.0119,0.0737
sym_mig_size	Round_4_Replicate_40	-27735.53	55485.06	114092.28	38543.38	4.7993,1.5637,0.2881,0.0596,16.2794,0.0123,0.0631
