chrom	start	end	nSites	recombRate	CI95LO	CI95HI
Chr11	0	288000	252	2.7910179946300322e-08	1.4106332725472374e-08	3.8537191217269755e-08
Chr11	288000	576000	500	2.226424036918267e-08	1.0291400383075237e-08	3.5697398066489466e-08
Chr11	576000	864000	639	2.21743120557038e-08	1.0201472069596368e-08	3.56074697530106e-08
Chr11	864000	1152000	1315	1.191543945507876e-08	4.826420083558693e-09	2.3394301937839846e-08
Chr11	1152000	1440000	829	7.347343359269969e-09	2.1175808695364666e-09	1.6902695069147834e-08
Chr11	1440000	1728000	617	3.486276338614612e-08	2.1570641760549556e-08	4.1619231304624515e-08
Chr11	1728000	2016000	342	1.4639936959530583e-08	6.022647011254431e-09	2.7326952442156987e-08
Chr11	2016000	2304000	788	3.4493183023531004e-08	2.215715997602098e-08	4.2054944640400944e-08
Chr11	2304000	2592000	165	1.8508401217901444e-08	8.2530099483701e-09	3.2659856159115056e-08
Chr11	2592000	2880000	746	9.739935836781407e-09	3.7086672411182434e-09	2.0258106393531715e-08
Chr11	2880000	3168000	928	3.727152710217886e-08	2.4940701674780918e-08	4.335684921505979e-08
Chr11	3168000	3456000	1193	5.111897577297474e-08	4.173152806491008e-08	5.513116786264992e-08
Chr11	3456000	3744000	57	7.097253599407527e-09	2.301136140668992e-09	1.5353960695218134e-08
Chr11	4032000	4320000	396	2.3712966659387357e-08	1.0623930515555524e-08	3.547400635707596e-08
Chr11	4320000	4608000	170	1.4872606163989639e-08	5.953898391680008e-09	2.998065848429029e-08
Chr11	4608000	4896000	865	2.1349763150855784e-08	8.785339005311078e-09	3.4252540042221656e-08
Chr11	4896000	5184000	655	1.9655111594216282e-08	8.369697302254667e-09	3.251037147303525e-08
Chr11	6912000	7200000	47	5.247711887815833e-09	7.592041001458734e-10	1.2308567121647208e-08
Chr11	8064000	8352000	755	1.3714992307716106e-08	5.807023761055124e-09	2.6212835956589285e-08
Chr11	8352000	8640000	463	3.802645868588455e-09	8.902934318586918e-11	9.377650903984886e-09
Chr11	8640000	8928000	836	1.7624448267904914e-08	7.46931007088384e-09	3.256607540346115e-08
Chr11	8928000	9216000	550	1.9163099052497556e-08	8.03672041185075e-09	3.2822761786753115e-08
Chr11	9216000	9504000	721	4.8973696978296334e-08	3.958624927023168e-08	5.298588906797152e-08
Chr11	9504000	9792000	595	3.56026121889337e-08	2.2268163488158988e-08	4.246472369018275e-08
Chr11	9792000	10080000	270	7.913829369613736e-09	2.126493736668535e-09	1.7589641254659697e-08
Chr11	10080000	10368000	598	2.2390931062468848e-08	1.0418091076361417e-08	3.582408875977564e-08
Chr11	10368000	10656000	448	1.910310409147189e-08	7.976725450825085e-09	3.276276682572745e-08
Chr11	10656000	10944000	648	5.1729696772044184e-08	4.234224906397953e-08	5.574188886171937e-08
Chr11	10944000	11232000	1033	1.2137699340235614e-08	5.048679968715548e-09	2.36165618229967e-08
Chr11	11232000	11520000	293	1.380428916967162e-08	5.896320623010638e-09	2.63021328185448e-08
Chr11	11520000	11808000	137	1.1344617579598171e-08	4.564464962473003e-09	2.3094128454945534e-08
Chr11	11808000	12096000	249	1.675962256104805e-09	2.933722136512475e-10	5.7521079881618614e-09
Chr11	12096000	12384000	1115	9.266592336653566e-09	3.235323740990402e-09	1.978476289340387e-08
Chr11	12384000	12672000	286	1.4368890804583017e-08	5.955374343279955e-09	2.8848800342650667e-08
Chr11	12672000	12960000	350	6.273516605269783e-09	1.3798088107187768e-09	1.4894563548261262e-08
Chr11	12960000	13248000	544	2.9687976638137094e-09	0	8.298885457167462e-09
Chr11	13248000	13536000	189	2.246247189802786e-08	1.024055186644246e-08	3.579574505025518e-08
Chr11	13536000	13824000	71	1.0841865723560555e-08	3.891538210038685e-09	2.2332307965695242e-08
Chr11	13824000	14112000	580	2.772860498487321e-08	1.392475776404526e-08	3.835561625584264e-08
Chr11	14112000	14400000	1367	2.019879827283255e-08	8.595416306458435e-09	3.334096660420294e-08
Chr11	14400000	14688000	735	4.865362921036529e-08	3.926618150230063e-08	5.266582130004047e-08
Chr11	14688000	14976000	505	1.934580802329064e-08	8.219429382643835e-09	3.30054707575462e-08
Chr11	14976000	15264000	365	2.5315133741114152e-08	1.3610704670722553e-08	3.608655793814552e-08
Chr11	15264000	15552000	616	3.429067447599665e-08	2.0950070299093125e-08	4.154587660396147e-08
Chr11	15552000	15840000	619	2.5313360895137585e-08	1.3608931824745986e-08	3.6084785092168947e-08
Chr11	15840000	16128000	710	6.0730894406218485e-09	1.7851057391765077e-09	1.32209981499925e-08
Chr11	16128000	16416000	554	4.8778370240622334e-08	3.939092253255768e-08	5.279056233029752e-08
Chr11	16416000	16704000	316	2.464773765703265e-08	1.2026736257495059e-08	3.6361216199706884e-08
Chr11	16704000	16992000	634	1.3979120564415856e-08	5.565604103112794e-09	2.8459030102483505e-08
Chr11	16992000	17280000	75	6.616796711841958e-09	1.7230889172909519e-09	1.5237843654833436e-08
Chr11	17280000	17568000	710	4.735105128536785e-08	3.757299389936717e-08	5.1840609965744005e-08
Chr11	17568000	17856000	1180	1.771975648460666e-08	7.564618287585587e-09	3.2661383620162905e-08
Chr11	17856000	18144000	799	9.726486430511952e-09	3.139429486171477e-09	2.027642988268803e-08
Chr11	18144000	18432000	436	1.5179626183257654e-09	1.353725758722079e-10	5.594108350382822e-09
Chr11	18432000	18720000	670	1.6484448633694542e-08	7.1916391784198785e-09	3.122016794512624e-08
Chr11	18720000	19008000	742	1.6895264513501153e-08	7.607589773101998e-09	3.1699809658853826e-08
Chr11	19008000	19296000	552	1.5920145086210493e-08	6.62733563093583e-09	3.065586439764219e-08
Chr11	19296000	19584000	452	1.1470985666771616e-08	4.690833049646448e-09	2.322049654211898e-08
Chr11	19584000	19872000	806	2.7578283287569034e-08	1.3774436066741086e-08	3.820529455853847e-08
Chr11	19872000	20160000	1037	1.4952767194868602e-08	6.034059422558971e-09	3.0060819515169256e-08
Chr11	20160000	20448000	104	6.467875949646572e-09	1.5741681550955661e-09	1.5088922892638053e-08
Chr11	20448000	20736000	1548	8.902396406915824e-09	3.0331830249453844e-09	1.858242318706139e-08
Chr11	20736000	21024000	678	6.684162308705458e-09	1.7904545141544524e-09	1.530520925169694e-08
Chr11	21024000	21312000	346	9.799828103719374e-09	3.2127711593789e-09	2.034977155589545e-08
Chr11	21312000	21600000	676	2.7102350111468572e-08	1.3615080055123702e-08	3.702543699699015e-08
Chr11	21600000	21888000	1118	1.5888916899506066e-08	6.596107444231403e-09	3.062463621093776e-08
Chr11	21888000	22176000	1073	1.2150861159585962e-08	5.061841788065895e-09	2.3629723642347047e-08
Chr11	22176000	22464000	634	2.813277257851723e-08	1.473268722607315e-08	3.8253358370157005e-08
Chr11	22464000	22752000	292	1.561419481815581e-08	6.437274172540882e-09	3.00749991943265e-08
Chr11	22752000	23040000	121	7.0377172576119525e-09	2.2415997988734174e-09	1.529442435342256e-08
Chr11	23040000	23328000	483	1.572634868448335e-08	6.549428038868423e-09	3.018715306065405e-08
Chr11	23328000	23616000	608	2.2832627730115876e-09	0	7.043106447773596e-09
Chr11	23616000	23904000	823	3.117332488788589e-09	0	8.447420282142341e-09
Chr11	23904000	24192000	534	1.6533106476347418e-08	7.240297021072755e-09	3.1268825787779116e-08
Chr11	24192000	24480000	272	7.661326117730325e-09	1.8739904847851238e-09	1.7337138002776285e-08
Chr11	24480000	24768000	909	2.2146551140889523e-08	1.0173711154782092e-08	3.557970883819632e-08
Chr11	24768000	25056000	400	6.5689608984671135e-09	1.6752531039161077e-09	1.5190007841458595e-08
Chr11	25056000	25344000	217	5.406827804114593e-11	5.406827804114593e-11	2.901382529083265e-09
Chr11	25344000	25632000	931	3.2987692646442e-09	0	8.704240357600502e-09
Chr11	25632000	25920000	917	9.10283424351838e-09	3.0715656478552156e-09	1.9621004800268684e-08
Chr11	25920000	26208000	1698	2.6607076745001506e-09	1.0669289705515995e-10	7.420551349262159e-09
Chr11	26208000	26496000	1545	3.734516898103782e-09	2.0900372701196335e-11	9.309521933500213e-09
Chr11	26496000	26784000	633	2.7553189717498448e-08	1.37493424966705e-08	3.818020098846788e-08
Chr11	26784000	27072000	689	1.5798969488168773e-08	6.622048842553845e-09	3.025977386433947e-08
Chr11	27072000	27360000	598	7.545109832236581e-09	2.3153473425030787e-09	1.7100461542114446e-08
Chr11	27360000	27648000	504	1.019116697400117e-08	3.6436182041704008e-09	2.1124624135855844e-08
Chr11	27936000	28224000	441	4.1414071052040304e-08	2.9379577872271402e-08	4.6802044141950094e-08
Chr11	28224000	28512000	424	1.158611907045128e-08	4.8059664533261125e-09	2.3335629945798645e-08
Chr11	28512000	28800000	599	4.873197786645545e-08	3.9344530158390795e-08	5.2744169956130635e-08
Chr11	28800000	29088000	727	2.9725448600122493e-08	1.512681869518417e-08	3.8755372431016896e-08
Chr11	29088000	29376000	670	2.970349523289891e-08	1.5104865327960588e-08	3.873341906379331e-08
Chr11	29376000	29664000	588	5.112834197626881e-08	4.174089426820416e-08	5.5140534065944e-08
Chr11	29664000	29952000	287	3.722690289853763e-08	2.4896077471139688e-08	4.331222501141856e-08
Chr11	29952000	30240000	666	3.214650554974318e-08	1.9244776131596577e-08	4.0275714233725544e-08
Chr11	30240000	30528000	1037	1.744953818882343e-08	7.292654499163039e-09	3.107329906381571e-08
Chr11	30528000	30816000	513	4.7854718888613904e-08	3.862049163909229e-08	5.225880025487437e-08
Chr11	30816000	31104000	671	3.649827619954068e-08	2.351683445576499e-08	4.320709689851584e-08
Chr11	31104000	31392000	794	8.135876374258278e-09	2.198109429461415e-09	1.8484806842398612e-08
Chr11	31392000	31680000	1281	1.041517547779806e-08	3.867626707967291e-09	2.1348632639652736e-08
Chr11	31680000	31968000	531	1.0039384606994262e-08	3.4523276626537874e-09	2.058932805917034e-08
Chr11	31968000	32256000	813	2.7087291759213064e-08	1.3600021702868194e-08	3.701037864473463e-08
Chr11	32256000	32544000	730	1.7378364224673903e-08	7.221480535013513e-09	3.1002125099666183e-08
Chr11	32544000	32832000	889	9.061708977321191e-09	3.030440381658027e-09	1.9579879534071497e-08
Chr11	32832000	33120000	675	3.321738907771132e-08	1.8991581434724458e-08	4.087971940349744e-08
Chr11	33120000	33408000	848	3.2436512319326065e-08	1.8936391431471162e-08	4.049874018241869e-08
Chr11	33408000	33696000	463	2.317419921333437e-08	1.0952279181748972e-08	3.650747236556169e-08
Chr11	33696000	33984000	248	8.85479181584049e-09	2.98557843387005e-09	1.8534818595986055e-08
Chr11	33984000	34272000	579	1.5704546631852828e-08	6.5276259862379005e-09	3.016535100802353e-08
Chr11	34272000	34560000	610	1.5983901423348683e-08	6.806980777733755e-09	3.044470579951938e-08
Chr11	34560000	34848000	967	1.8763895142127676e-08	8.405868505724282e-09	3.267302951972645e-08
Chr11	34848000	35136000	970	3.702579350855512e-08	2.4661468877745957e-08	4.347750804894485e-08
Chr11	35136000	35424000	717	3.840670949165157e-08	2.5954483308139076e-08	4.4369035235886956e-08
Chr11	35424000	35712000	808	3.857889954798097e-08	2.6126673364468478e-08	4.454122529221636e-08
Chr11	35712000	36000000	438	2.1635627455296302e-08	9.538501132411014e-09	3.47578855798501e-08
Chr11	36000000	36288000	161	1.0576305967522285e-08	4.028757197691516e-09	2.150976312937696e-08
Chr11	36288000	36576000	215	2.257763713834876e-09	0	7.0176073885968844e-09
Chr11	36576000	36864000	898	2.2019570941557844e-08	1.0046730955450412e-08	3.545272863886464e-08
Chr11	36864000	37152000	733	1.4761297213739299e-08	6.144007265463147e-09	2.7448312696365703e-08
Chr11	37152000	37440000	1172	8.134315133671052e-09	2.3469795007258505e-09	1.781012701871701e-08
Chr11	37440000	37728000	985	5.542212590011493e-09	1.0537048023415333e-09	1.2603067823842868e-08
Chr11	37728000	38016000	640	4.784344170102095e-08	3.860921445149934e-08	5.224752306728142e-08
Chr11	38016000	38304000	729	5.233727586810265e-08	4.2949828160038e-08	5.634946795777784e-08
Chr11	38304000	38592000	343	4.710300355962017e-09	9.513454308582091e-10	1.153902911619512e-08
Chr11	38592000	38880000	428	3.210726831563132e-08	1.920553889748472e-08	4.023647699961369e-08
Chr11	38880000	39168000	999	2.860688371513557e-08	1.3709501498419132e-08	3.810944405373898e-08
Chr11	39168000	39456000	298	4.249453797489139e-08	3.065905360455418e-08	4.735882028517097e-08
Chr11	39456000	39744000	709	5.1790106998118786e-08	4.240265929005413e-08	5.580229908779397e-08
Chr11	39744000	40032000	638	2.0602634769682565e-08	8.75310816530313e-09	3.426861884738682e-08
Chr11	40032000	40320000	888	6.821664769698628e-09	1.927956975147622e-09	1.5442711712690106e-08
Chr11	40320000	40608000	834	3.0628571347143266e-08	1.7000141584652142e-08	3.9412782572220155e-08
Chr11	40608000	40896000	501	2.461834182204363e-08	1.199734042250604e-08	3.633182036471787e-08
Chr11	40896000	41184000	943	3.3104023844557315e-08	1.887821620157045e-08	4.076635417034343e-08
Chr11	41184000	41472000	717	1.0464892522602363e-08	3.917343752771594e-09	2.1398349684457036e-08
Chr11	41472000	41760000	1082	1.4163794791062632e-08	6.25582624440165e-09	2.666163843993581e-08
Chr11	41760000	42048000	797	4.603594665066652e-09	8.446397399628445e-10	1.1432323425299756e-08
