chrom	start	end	nSites	recombRate	CI95LO	CI95HI
Chr07	269000	538000	636	1.3585752674988585e-08	4.783592030183373e-09	3.008660216177768e-08
Chr07	538000	807000	671	3.167815863777935e-08	1.5262047811523195e-08	4.078883236433274e-08
Chr07	807000	1076000	346	1.677364265220308e-08	6.1671095337407006e-09	3.305685973800269e-08
Chr07	1076000	1345000	328	1.5650127565865696e-08	4.975233175204758e-09	3.0844001902326714e-08
Chr07	1345000	1614000	207	1.963017950609857e-08	5.378713609811897e-09	3.376131869822917e-08
Chr07	2690000	2959000	790	1.3724814383002586e-08	4.9226537381973735e-09	3.022566386979168e-08
Chr07	2959000	3228000	257	1.6875531128408555e-08	5.34978090751092e-09	3.209258043792128e-08
Chr07	3228000	3497000	297	3.069440241789414e-09	0	9.985521660462473e-09
Chr07	4035000	4304000	45	2.510019770850712e-09	0	8.878655789400689e-09
Chr07	4842000	5111000	46	4.183864463310237e-09	0	1.3068236501364037e-08
Chr07	5111000	5380000	96	1.5092087080232743e-09	0	6.584235418011878e-09
Chr07	5380000	5649000	218	0	0	4.350544946518649e-09
Chr07	5649000	5918000	104	3.6713620677223726e-09	0	1.1346716508628205e-08
Chr07	5918000	6187000	142	7.911550788443594e-09	1.4602647497324488e-09	2.0259512819089066e-08
Chr07	6187000	6456000	653	1.9215398843329966e-08	7.390406058371e-09	3.332700699201136e-08
Chr07	6456000	6725000	213	8.974753794650744e-09	2.0813142421374306e-09	2.1457594733338642e-08
Chr07	6725000	6994000	174	1.3724019657710255e-08	4.921859012905042e-09	3.022486914449934e-08
Chr07	6994000	7263000	439	1.696364801678324e-08	6.367180890804847e-09	3.3109964478412585e-08
Chr07	7263000	7532000	318	2.3873953491489404e-09	0	8.756031367698917e-09
Chr07	9415000	9684000	95	2.0359445906987875e-08	7.470737251087459e-09	3.5435368639409407e-08
Chr07	9684000	9953000	438	3.678462568087576e-08	2.225846478450927e-08	4.391542065759318e-08
Chr07	10222000	10491000	600	3.3226406238446134e-08	1.7470981051720787e-08	4.192224415485207e-08
Chr07	10491000	10760000	754	2.680989773936824e-08	1.1751411015139525e-08	3.803725829173652e-08
Chr07	10760000	11029000	328	1.0839764503335132e-08	3.2100575038116536e-09	2.5010021027061853e-08
Chr07	11029000	11298000	574	3.64858034566368e-08	2.2136209321482224e-08	4.4364189577899594e-08
Chr07	11298000	11567000	140	6.073999292783814e-09	8.243483121960972e-10	1.5669828357462957e-08
Chr07	11567000	11836000	1157	1.7879893204001103e-08	5.301523169568252e-09	3.2639672380644054e-08
Chr07	11836000	12105000	1068	4.96570899498849e-08	3.814055182673855e-08	5.479420042022838e-08
Chr07	12374000	12643000	448	8.99815084543794e-09	2.1047112929246265e-09	2.1480991784125835e-08
Chr07	15333000	15602000	306	2.7673431847760834e-08	1.2708255460766818e-08	3.886758491891984e-08
Chr07	15602000	15871000	250	2.771919703371739e-08	1.2754020646723373e-08	3.8913350104876395e-08
Chr07	15871000	16140000	552	1.697922417910408e-08	5.453473958206445e-09	3.219627348861681e-08
Chr07	16409000	16678000	473	1.3555972321523681e-08	3.6420719542149114e-09	3.05108650113481e-08
Chr07	16947000	17216000	105	7.674964528647759e-09	1.4058244327097172e-09	1.978795531683004e-08
Chr07	17216000	17485000	40	8.035754515300765e-09	1.584468476589619e-09	2.038371654594624e-08
Chr07	17485000	17754000	575	3.2403441227652824e-08	1.7366205015884932e-08	4.0907461471202174e-08
Chr07	19099000	19368000	630	2.444452365683731e-08	1.0084660069727254e-08	3.728541547336079e-08
Chr07	19368000	19637000	259	1.419005937715417e-08	4.499954924978397e-09	3.0251232213300107e-08
Chr07	19637000	19906000	86	8.538934131929235e-10	0	6.098945539150194e-09
Chr07	19906000	20175000	723	7.495035340654299e-09	1.2258952447162575e-09	1.9608026128836578e-08
Chr07	20175000	20444000	884	4.094120832279358e-08	2.7101738485997508e-08	4.67583422973108e-08
Chr07	20444000	20713000	329	2.019186111779333e-08	5.940395221506655e-09	3.432300030992393e-08
Chr07	20713000	20982000	83	1.3658261075718607e-08	3.744360708409837e-09	3.061315376554302e-08
Chr07	20982000	21251000	890	2.0779684083134583e-08	7.651228627043934e-09	3.5045210887414755e-08
Chr07	21251000	21520000	437	2.7999258649460998e-08	1.3034082262466982e-08	3.9193411720620004e-08
Chr07	21520000	21789000	992	5.245264269266592e-08	4.093610456951958e-08	5.7589753163009405e-08
Chr07	21789000	22058000	1048	3.3367474239149736e-08	1.7210289715514498e-08	4.141144168684038e-08
Chr07	22058000	22327000	703	2.2013594283726488e-08	8.528392928147864e-09	3.5743348506151105e-08
Chr07	22327000	22596000	170	8.07527603499789e-09	1.6239899962867452e-09	2.0423238065643366e-08
Chr07	22596000	22865000	87	2.2008572409459483e-08	7.970311966464984e-09	3.483649904150139e-08
Chr07	22865000	23134000	555	4.576131797482691e-08	3.3090185076337266e-08	5.09327068031003e-08
Chr07	23134000	23403000	44	3.6422159403523574e-09	0	1.131757038125819e-08
Chr07	23403000	23672000	641	1.3566657286209238e-08	4.764496641404026e-09	3.006750677299833e-08
Chr07	23672000	23941000	1123	5.656204543415756e-08	4.504550731101122e-08	6.169915590450104e-08
Chr07	23941000	24210000	1079	3.835998938877921e-08	2.3799610708251035e-08	4.496600938646949e-08
Chr07	24210000	24479000	518	1.2139330048120421e-08	3.2782802875092266e-09	2.7868404535445493e-08
Chr07	24479000	24748000	188	8.421116449694467e-09	1.4116858137763883e-09	2.1230116532519614e-08
Chr07	24748000	25017000	432	4.1962130501028065e-08	2.9168890256082074e-08	4.824639614222684e-08
Chr07	25017000	25286000	447	9.52635374886359e-09	1.842373363554547e-09	2.3445371065374048e-08
Chr07	25286000	25555000	696	1.6980400203446242e-08	5.4546499825486075e-09	3.219744951295897e-08
Chr07	25555000	25824000	465	5.246654023985245e-08	4.0950002116706105e-08	5.760365071019593e-08
Chr07	25824000	26093000	780	2.5158642566415527e-08	1.0839561179144857e-08	3.661031169050065e-08
Chr07	26093000	26362000	150	2.060986988811713e-08	7.481414432026482e-09	3.4875396692397296e-08
Chr07	26362000	26631000	116	2.157761296292388e-08	7.539352519929382e-09	3.440553959496579e-08
Chr07	26631000	26900000	229	7.67077946115514e-09	1.2194934224439951e-09	2.0018741491800613e-08
Chr07	26900000	27169000	652	1.1942945537578887e-08	3.836208344930905e-09	2.723296327838884e-08
Chr07	27169000	27438000	885	1.5869372553917584e-08	5.348661673660172e-09	3.247852296449123e-08
Chr07	27438000	27707000	686	4.747064884637287e-09	2.3191325650107515e-11	1.4320087348264296e-08
Chr07	27707000	27976000	727	0	0	4.350544946518649e-09
Chr07	27976000	28245000	476	1.7222819317537627e-08	5.6970690966399925e-09	3.2439868627050354e-08
Chr07	28245000	28514000	339	1.563265544576856e-08	4.9577610551076215e-09	3.082652978222958e-08
Chr07	28514000	28783000	1756	3.2317862840907815e-08	1.7280626629139923e-08	4.0821883084457164e-08
Chr07	28783000	29052000	394	3.7496804342115064e-08	2.3338562429916232e-08	4.4564003878807276e-08
Chr07	29052000	29321000	603	1.7125467160131975e-08	5.599716939234341e-09	3.23425164696447e-08
Chr07	29321000	29590000	470	1.2742611599710218e-08	3.3677277971171135e-09	2.9876020424742106e-08
Chr07	30935000	31204000	793	4.8356681195950896e-08	3.866661315909033e-08	5.332773551968336e-08
Chr07	31204000	31473000	652	4.242379270904492e-08	2.9344936755237385e-08	4.804457654741198e-08
Chr07	31473000	31742000	293	1.1013275016414361e-08	3.383568016890883e-09	2.518353154014108e-08
Chr07	31742000	32011000	458	1.5802100748826654e-08	5.281389868569242e-09	3.24112511594003e-08
Chr07	32549000	32818000	818	1.31466737145953e-08	4.344513069790087e-09	2.964752320138439e-08
Chr07	32818000	33087000	601	1.1701016785901921e-08	3.594279593253939e-09	2.6991034526711878e-08
Chr07	33087000	33356000	877	5.885094781701648e-09	6.354438011139315e-10	1.5480923846380795e-08
Chr07	33356000	33625000	733	3.899381433939281e-09	0	1.193344411573357e-08
Chr07	33625000	33894000	1503	1.3422816235559546e-08	4.620655590754334e-09	2.992366572234864e-08
Chr07	33894000	34163000	1464	8.333742321969761e-09	1.3243116860516819e-09	2.1142742404794908e-08
Chr07	34163000	34432000	578	2.9270674953213533e-08	1.5418128909633427e-08	3.957190939644647e-08
Chr07	34432000	34701000	1198	1.8633706935757947e-08	6.1006252077634465e-09	3.388251475220605e-08
Chr07	34701000	34970000	812	2.1447522532172577e-08	8.63157949202725e-09	3.552268054905222e-08
Chr07	34970000	35239000	1147	5.2251942429159716e-08	4.0735404306013373e-08	5.73890528995032e-08
Chr07	35239000	35508000	929	3.3042043497864396e-08	1.728661831113905e-08	4.173788141427033e-08
Chr07	35508000	35777000	889	3.343139636167873e-08	1.7274211838043493e-08	4.1475363809369375e-08
Chr07	35777000	36046000	547	1.1082358231381781e-08	2.60008676838671e-09	2.5435949258242846e-08
Chr07	36046000	36315000	283	3.6486413027845066e-08	2.213681889269049e-08	4.436479914910786e-08
Chr07	36315000	36584000	418	8.342707499629203e-09	1.3332768637111241e-09	2.115170758245435e-08
Chr07	36584000	36853000	640	1.923961513753021e-08	7.414622352571245e-09	3.3351223286211606e-08
Chr07	36853000	37122000	429	4.9654022648437486e-08	3.8137484525291136e-08	5.479113311878097e-08
Chr07	37122000	37391000	770	5.018282778523979e-08	3.866628966209344e-08	5.531993825558327e-08
Chr07	37391000	37660000	782	2.5028051023658134e-08	1.0708969636387464e-08	3.6479720147743255e-08
Chr07	37660000	37929000	528	3.173409038931067e-08	1.5317979563054513e-08	4.084476411586406e-08
Chr07	37929000	38198000	180	7.930362105203554e-09	1.479076066492408e-09	2.0278324135849025e-08
Chr07	39005000	39274000	944	1.6620250525353964e-08	6.0137174068915835e-09	3.290346761115357e-08
Chr07	39274000	39543000	1128	1.641324745765787e-08	4.887497236760235e-09	3.16302967671706e-08
Chr07	39543000	39812000	51	1.1820824160078112e-08	3.7140869674301296e-09	2.7110841900888066e-08
Chr07	39812000	40081000	323	1.8666799635111577e-08	6.133717907117077e-09	3.3915607451559684e-08
Chr07	40081000	40350000	610	6.680051887084552e-09	1.1438113988159336e-09	1.73532002077902e-08
Chr07	40350000	40619000	501	3.48975069146993e-08	2.0093001692966588e-08	4.26129810409568e-08
Chr07	40619000	40888000	649	4.032563400600174e-08	2.7497123618693485e-08	4.654760689846347e-08
Chr07	40888000	41157000	454	1.1888053128829303e-08	3.0270033682181085e-09	2.7617127616154377e-08
Chr07	41157000	41426000	359	5.189004820370053e-08	4.037351008055418e-08	5.702715867404401e-08
Chr07	41426000	41695000	592	4.9569523059004186e-08	3.8052984935857836e-08	5.470663352934767e-08
Chr07	41695000	41964000	615	1.2740541932140403e-08	3.365658129547299e-09	2.987395075717229e-08
Chr07	41964000	42233000	840	4.5766906415446386e-08	3.3095773516956746e-08	5.0938295243719775e-08
Chr07	42233000	42502000	464	2.322164812538862e-08	8.470976885372788e-09	3.563384250880407e-08
Chr07	42502000	42771000	323	3.2458650117349097e-08	1.7421413905581205e-08	4.0962670360898446e-08
Chr07	42771000	43040000	397	3.3156318231282066e-08	1.740089304455672e-08	4.1852156147688e-08
Chr07	43040000	43309000	344	2.070702767072306e-08	7.57857221463241e-09	3.497255447500323e-08
Chr07	43309000	43578000	653	2.170165436291283e-08	7.663393919918332e-09	3.4529580994954735e-08
Chr07	43578000	43847000	640	1.3574873393008038e-08	4.7727127482028254e-09	3.007572287979713e-08
Chr07	43847000	44116000	1036	1.512733021409243e-08	4.452435823431493e-09	3.032120455055345e-08
Chr07	44116000	44385000	814	1.2089680008208272e-08	3.2286302475970775e-09	2.7818754495533346e-08
Chr07	44385000	44654000	944	4.0995543860120726e-08	2.7156074023324656e-08	4.681267783463795e-08
Chr07	44654000	44923000	691	1.9046596654881576e-08	7.221603869922611e-09	3.3158204803562975e-08
Chr07	44923000	45192000	644	4.3315725499847394e-08	3.1329077070462266e-08	4.928764961062879e-08
Chr07	45192000	45461000	385	1.2249573382575972e-08	4.142836189927989e-09	2.7539591123385925e-08
Chr07	45461000	45730000	791	1.3946325584520687e-08	4.256221132344914e-09	3.000749842066662e-08
Chr07	45730000	45999000	579	5.463492452730888e-08	4.311838640416254e-08	5.977203499765236e-08
Chr07	45999000	46268000	1209	3.554918011785376e-08	2.108703694594213e-08	4.363553366017855e-08
Chr07	46268000	46537000	740	4.332231157434447e-08	3.1335663144959344e-08	4.929423568512587e-08
Chr07	46537000	46806000	918	3.458702615795755e-08	1.9213116057421868e-08	4.2966153594299606e-08
Chr07	46806000	47075000	636	3.544290928267279e-08	2.0980766110761157e-08	4.352926282499758e-08
Chr07	47075000	47344000	411	3.794463798889798e-08	2.3180788290557546e-08	4.490608185470298e-08
Chr07	47344000	47613000	104	6.122393149455997e-09	5.861526611873788e-10	1.679554147016164e-08
Chr07	47613000	47882000	730	3.633117443286994e-08	2.1981580297715365e-08	4.4209560554132735e-08
Chr07	47882000	48151000	607	1.6511086974654156e-08	5.904553856191776e-09	3.279430406045376e-08
Chr07	48151000	48420000	476	4.141281024080848e-08	2.7836018727549515e-08	4.762568010382887e-08
Chr07	48420000	48689000	474	5.477596290312444e-08	4.3259424779978093e-08	5.991307337346793e-08
Chr07	48689000	48958000	566	4.3777280695968326e-08	3.1202834012068815e-08	4.955184259129032e-08
Chr07	48958000	49227000	472	2.028648890981402e-08	7.397780253913605e-09	3.536241164223555e-08
Chr07	49227000	49496000	338	2.6969881958483715e-09	0	9.065624214398348e-09
Chr07	49496000	49765000	757	3.835411941249766e-08	2.3793740731969488e-08	4.496013941018794e-08
Chr07	49765000	50034000	218	1.0880834046447426e-08	3.2511270469239473e-09	2.5051090570174146e-08
Chr07	50303000	50572000	372	2.9309604656203603e-08	1.5457058612623497e-08	3.961083909943654e-08
Chr07	50572000	50841000	399	2.211661156853905e-08	8.813027001235533e-09	3.484994009345553e-08
Chr07	50841000	51110000	399	3.6971528160583196e-08	2.2445367264216706e-08	4.410232313730062e-08
Chr07	51110000	51379000	211	9.726435009597286e-09	2.283408592177612e-09	2.3655592703534375e-08
Chr07	51379000	51648000	529	2.6839307647899116e-08	1.17808209236704e-08	3.8066668200267394e-08
Chr07	51648000	51917000	579	2.346177141338285e-08	8.711100173367018e-09	3.587396579679831e-08
Chr07	51917000	52186000	602	5.0104895670349935e-08	3.8588357547203585e-08	5.524200614069342e-08
Chr07	52186000	52455000	590	3.165960011129855e-08	1.5243489285042396e-08	4.077027383785194e-08
Chr07	52455000	52724000	738	4.348620083867187e-08	3.1499552409286744e-08	4.945812494945327e-08
Chr07	52724000	52993000	792	2.0120058110357457e-08	5.8685922140707825e-09	3.425119730248806e-08
Chr07	52993000	53262000	471	1.870950428324022e-08	6.176422555245721e-09	3.3958312099688326e-08
Chr07	53262000	53531000	544	1.712973588017734e-08	6.533268754198948e-09	3.327605234180668e-08
Chr07	53531000	53800000	558	2.19779592107453e-08	7.939698767750802e-09	3.480588584278721e-08
Chr07	53800000	54069000	247	1.2689861285705538e-08	3.314977483112434e-09	2.982327011073743e-08
Chr07	54069000	54252628	120	4.665150100345798e-09	0	1.3549522138399597e-08
