Model	Replicate	log-likelihood	AIC	chi-squared	theta	optimized_params(nu1a, nu2a, nu1b, nu2b, m, T1, T2)
sec_contact_sym_mig_size	Round_1_Replicate_1	-220576.06	441166.12	5028909.38	12847.17	0.8874,0.1646,1.937,3.4594,0.174,0.6543,0.5776
sec_contact_sym_mig_size	Round_1_Replicate_2	-140548.19	281110.38	701161.29	7459.42	0.125,0.4272,5.4642,4.5004,0.359,0.855,1.2482
sec_contact_sym_mig_size	Round_1_Replicate_3	-60568.55	121151.1	256301.15	18671.44	0.2583,0.2215,1.5948,0.4787,2.1352,0.1529,0.8514
sec_contact_sym_mig_size	Round_1_Replicate_4	-73495.04	147004.08	1510625.23	21441.16	0.3226,3.2086,0.3207,1.0017,6.771,0.642,0.1868
sec_contact_sym_mig_size	Round_1_Replicate_5	-53741.08	107496.16	488791.21	9713.12	6.5584,0.2914,1.8759,1.2993,1.5548,0.2533,4.4173
sec_contact_sym_mig_size	Round_1_Replicate_6	-97495.23	195004.46	410279.13	13296.83	4.1313,1.7876,2.6592,0.1638,1.2821,1.0498,0.5501
sec_contact_sym_mig_size	Round_1_Replicate_7	-110804.79	221623.58	19897467.72	7904.17	0.7521,1.0082,3.7015,2.0543,2.2034,0.4348,2.0443
sec_contact_sym_mig_size	Round_1_Replicate_8	-99211.98	198437.96	456207.79	15680.92	0.6005,0.9015,5.6773,0.4198,1.6492,1.1301,0.196
sec_contact_sym_mig_size	Round_1_Replicate_9	-148133.42	296280.84	2550884547.09	7441.85	0.6899,0.2454,6.2892,2.3272,6.9653,2.3426,1.2596
sec_contact_sym_mig_size	Round_1_Replicate_10	-101814.22	203642.44	338433.19	13150.7	0.3662,0.5052,1.1097,5.8332,1.86,3.4425,0.2381
sec_contact_sym_mig_size	Round_2_Replicate_1	-105335.68	210685.36	30495953.94	6479.39	6.2475,0.2785,4.5111,2.0078,2.5042,0.2367,3.7854
sec_contact_sym_mig_size	Round_2_Replicate_2	-77894.48	155802.96	14411125.82	5022.66	2.0541,0.3275,2.6489,3.0808,2.3027,0.2089,16.0444
sec_contact_sym_mig_size	Round_2_Replicate_3	-82304.21	164622.42	11043331.8	6798.17	10.3907,0.0863,5.0903,1.1264,3.1664,0.0696,8.6088
sec_contact_sym_mig_size	Round_2_Replicate_4	-50834.74	101683.48	393896.68	17894.61	10.5951,0.1913,0.6801,0.8605,3.0033,0.0803,8.3557
sec_contact_sym_mig_size	Round_2_Replicate_5	-81477.42	162968.84	265764.96	15539.77	2.6721,0.1099,1.0421,0.8605,0.4943,0.2419,2.0438
sec_contact_sym_mig_size	Round_2_Replicate_6	-54947.47	109908.94	546038.58	5672.1	11.3561,0.6185,4.9245,1.2555,1.2259,0.0709,14.997
sec_contact_sym_mig_size	Round_2_Replicate_7	-87606.0	175226.0	305972.47	12637.78	10.3044,0.5709,0.8988,2.9089,0.9396,0.1327,1.3673
sec_contact_sym_mig_size	Round_2_Replicate_8	-79846.53	159707.06	564431.1	11928.98	1.7845,0.4971,0.5966,3.3411,2.0548,0.1108,4.1633
sec_contact_sym_mig_size	Round_2_Replicate_9	-47247.99	94509.98	120403.06	9199.06	19.2761,0.7412,1.679,1.1588,0.6743,0.0766,17.8294
sec_contact_sym_mig_size	Round_2_Replicate_10	-52515.19	105044.38	849511.28	15451.55	25.164,1.0387,1.198,0.6655,3.484,0.73,3.1556
sec_contact_sym_mig_size	Round_2_Replicate_11	-66587.64	133189.28	213923.27	10172.69	6.0059,0.3323,1.9847,0.6995,0.4803,0.1698,7.0802
sec_contact_sym_mig_size	Round_2_Replicate_12	-112382.03	224778.06	351151.05	10249.4	7.721,0.1944,0.7893,4.3398,0.566,0.244,2.3192
sec_contact_sym_mig_size	Round_2_Replicate_13	-67922.12	135858.24	203621.0	15497.2	2.1326,0.7176,1.0827,0.7003,0.6327,0.5845,2.0818
sec_contact_sym_mig_size	Round_2_Replicate_14	-69151.79	138317.58	202374.44	7698.15	6.4581,0.0777,1.0692,3.0602,0.7314,0.8496,12.5988
sec_contact_sym_mig_size	Round_2_Replicate_15	-101362.4	202738.8	4527226.03	9977.97	3.4264,0.2913,5.3322,0.8362,2.8364,0.4002,1.4964
sec_contact_sym_mig_size	Round_2_Replicate_16	-66745.33	133504.66	778076.0	14742.34	17.1061,0.8948,0.7873,1.6231,2.5289,0.1143,1.947
sec_contact_sym_mig_size	Round_2_Replicate_17	-68679.6	137373.2	584851.09	7883.86	1.9227,0.1288,1.6653,3.0543,1.096,0.5477,3.9979
sec_contact_sym_mig_size	Round_2_Replicate_18	-53611.63	107237.26	137794.47	12871.85	24.2044,0.5055,0.9972,1.1608,0.9473,0.2894,4.7349
sec_contact_sym_mig_size	Round_2_Replicate_19	-49373.16	98760.32	308078.41	14196.44	7.053,0.9738,1.593,0.6168,2.2717,0.2283,3.2666
sec_contact_sym_mig_size	Round_2_Replicate_20	-97952.72	195919.44	3227245.04	9954.71	2.2033,0.3258,2.6401,2.0234,1.5161,0.1452,1.3934
sec_contact_sym_mig_size	Round_3_Replicate_1	-75177.25	150368.5	232927.44	20060.76	8.7095,0.556,0.7274,0.4729,0.7075,0.0682,22.4605
sec_contact_sym_mig_size	Round_3_Replicate_2	-75265.03	150544.06	12702755.31	4085.19	15.6989,0.5976,3.7258,3.1433,1.868,0.2087,24.3492
sec_contact_sym_mig_size	Round_3_Replicate_3	-74508.99	149031.98	223185.42	9898.72	28.312,0.2805,1.4012,1.0354,0.3542,0.0324,28.9265
sec_contact_sym_mig_size	Round_3_Replicate_4	-51959.83	103933.66	411104.32	5685.16	25.5582,0.5729,2.0798,2.8282,0.9593,0.0772,23.7626
sec_contact_sym_mig_size	Round_3_Replicate_5	-52466.71	104947.42	128338.01	21202.67	27.9891,0.6244,0.5857,0.646,1.4937,0.0329,28.3445
sec_contact_sym_mig_size	Round_3_Replicate_6	-44649.34	89312.68	153242.63	7423.11	11.6016,0.2746,2.7156,1.197,0.8607,0.1178,10.7712
sec_contact_sym_mig_size	Round_3_Replicate_7	-47152.82	94319.64	129551.88	15838.74	29.5298,0.2881,1.3021,0.4748,1.3517,0.0428,29.3552
sec_contact_sym_mig_size	Round_3_Replicate_8	-60646.08	121306.16	163705.36	24811.79	6.7469,0.2363,0.5814,0.4267,1.1781,0.0603,6.8189
sec_contact_sym_mig_size	Round_3_Replicate_9	-77915.06	155844.12	262555.85	8634.19	25.391,0.8093,1.9563,0.9441,0.2979,0.0228,10.8445
sec_contact_sym_mig_size	Round_3_Replicate_10	-50271.99	100557.98	125849.36	13294.38	23.3827,0.2435,1.0814,0.8739,0.888,0.0549,8.9127
sec_contact_sym_mig_size	Round_3_Replicate_11	-62119.47	124252.94	1075669.0	6523.48	26.5607,0.7622,5.1012,0.9862,1.827,0.1775,23.0705
sec_contact_sym_mig_size	Round_3_Replicate_12	-57304.47	114622.94	437342.0	9724.12	25.1158,0.6726,3.3872,0.6195,2.0964,0.0173,13.9406
sec_contact_sym_mig_size	Round_3_Replicate_13	-78534.82	157083.64	275784.65	8211.48	18.3882,0.9285,4.0793,0.4365,0.7132,0.1277,23.9965
sec_contact_sym_mig_size	Round_3_Replicate_14	-62129.33	124272.66	206862.36	8790.44	29.5298,0.347,4.1757,0.5281,1.3014,0.0563,29.3552
sec_contact_sym_mig_size	Round_3_Replicate_15	-70868.86	141751.72	6203009.26	5287.55	22.8127,0.4729,2.2197,3.1832,2.0187,0.0553,25.5669
sec_contact_sym_mig_size	Round_3_Replicate_16	-68438.53	136891.06	165736.32	13300.66	8.4823,0.1945,0.7835,1.2322,0.701,0.2262,7.2872
sec_contact_sym_mig_size	Round_3_Replicate_17	-70198.21	140410.42	169561.32	16803.01	29.2148,0.7629,0.6005,0.961,0.8577,0.0349,29.0143
sec_contact_sym_mig_size	Round_3_Replicate_18	-63687.43	127388.86	340868.09	13210.14	24.7003,0.7372,0.6435,1.8187,1.9439,0.0203,10.7553
sec_contact_sym_mig_size	Round_3_Replicate_19	-44847.99	89709.98	227418.41	12453.54	6.9341,0.2634,1.1837,0.9763,1.759,0.0276,17.82
sec_contact_sym_mig_size	Round_3_Replicate_20	-87502.91	175019.82	309060.99	22006.05	29.5298,1.205,0.699,0.3673,0.6513,0.1843,29.3552
sec_contact_sym_mig_size	Round_3_Replicate_21	-56300.65	112615.3	142709.58	4796.32	29.4814,1.0032,2.2501,3.4385,0.3783,0.021,29.2574
sec_contact_sym_mig_size	Round_3_Replicate_22	-57176.87	114367.74	283777.45	6465.82	27.6183,1.6503,5.2756,0.857,1.2001,0.0518,25.7898
sec_contact_sym_mig_size	Round_3_Replicate_23	-77519.46	155052.92	280191.92	8508.32	16.2679,1.7401,3.2476,0.6145,0.4716,0.22,5.3028
sec_contact_sym_mig_size	Round_3_Replicate_24	-70748.06	141510.12	233817.22	6841.0	28.9265,2.0538,2.737,0.9946,0.2913,0.0395,28.2555
sec_contact_sym_mig_size	Round_3_Replicate_25	-52893.34	105800.68	888597.82	8889.89	23.9379,0.2113,1.8959,1.2765,1.9887,0.0205,10.0452
sec_contact_sym_mig_size	Round_3_Replicate_26	-47892.08	95798.16	121752.47	27815.28	22.0395,0.1857,0.555,0.3795,1.9689,0.0249,9.6771
sec_contact_sym_mig_size	Round_3_Replicate_27	-49039.12	98092.24	135806.89	13143.79	29.5298,0.8266,1.6065,0.5451,1.063,0.225,29.3552
sec_contact_sym_mig_size	Round_3_Replicate_28	-80338.7	160691.4	23412269.56	4512.6	28.6403,1.7933,3.4129,2.7624,2.4563,0.2901,27.4475
sec_contact_sym_mig_size	Round_3_Replicate_29	-67929.95	135873.9	173677.04	17167.55	28.9265,1.0036,0.5015,1.2107,1.3668,0.1934,12.1814
sec_contact_sym_mig_size	Round_3_Replicate_30	-137743.86	275501.72	419971.5	7096.87	29.5298,0.3107,0.784,3.0756,0.2175,0.2519,29.3552
sec_contact_sym_mig_size	Round_4_Replicate_1	-56148.79	112311.58	165606.64	7024.9	7.3051,0.2065,3.7602,0.7774,0.641,0.1139,22.3796
sec_contact_sym_mig_size	Round_4_Replicate_2	-53170.97	106355.94	152851.22	7178.56	11.4369,0.1838,3.2311,0.9289,0.567,0.1661,11.2549
sec_contact_sym_mig_size	Round_4_Replicate_3	-42698.17	85410.34	144882.84	6619.38	7.6018,0.1653,2.489,1.5869,0.7558,0.1127,27.3122
sec_contact_sym_mig_size	Round_4_Replicate_4	-45813.44	91640.88	253531.73	6182.12	23.6833,0.1686,2.5045,1.9498,0.8929,0.0719,15.2984
sec_contact_sym_mig_size	Round_4_Replicate_5	-42929.17	85872.34	142217.17	5323.25	11.8036,0.5048,3.0664,2.0033,0.5929,0.1883,26.0651
sec_contact_sym_mig_size	Round_4_Replicate_6	-45391.22	90796.44	259829.02	7342.3	8.9626,0.5022,2.0471,1.6416,1.0944,0.1815,18.501
sec_contact_sym_mig_size	Round_4_Replicate_7	-43890.02	87794.04	217530.29	9642.81	29.3895,0.1743,1.6808,1.1375,1.3662,0.0867,17.0198
sec_contact_sym_mig_size	Round_4_Replicate_8	-53329.84	106673.68	152602.74	6885.04	27.0608,0.1577,3.1038,0.9927,0.4857,0.108,17.7206
sec_contact_sym_mig_size	Round_4_Replicate_9	-44828.93	89671.86	140774.21	6952.81	11.7652,0.2075,2.1128,1.759,0.7184,0.2268,15.0647
sec_contact_sym_mig_size	Round_4_Replicate_10	-42748.74	85511.48	128717.05	6432.83	24.365,0.2555,2.741,1.4885,0.6705,0.0794,29.1451
sec_contact_sym_mig_size	Round_4_Replicate_11	-43335.65	86685.3	127089.95	7761.23	15.3656,0.4696,2.4405,1.1305,0.7928,0.0732,20.4981
sec_contact_sym_mig_size	Round_4_Replicate_12	-43165.76	86345.52	180974.17	6640.93	18.2796,0.3194,2.5135,1.59,0.8667,0.0828,22.1164
sec_contact_sym_mig_size	Round_4_Replicate_13	-43773.27	87560.54	141854.56	10342.2	28.9227,0.1822,1.9271,0.832,1.1723,0.153,9.7612
sec_contact_sym_mig_size	Round_4_Replicate_14	-46268.64	92551.28	130490.09	7082.95	8.778,0.2644,2.4701,1.4927,0.6185,0.1828,9.8032
sec_contact_sym_mig_size	Round_4_Replicate_15	-44441.07	88896.14	119884.05	8281.22	11.3864,0.3938,2.1727,1.0912,0.7212,0.1379,27.9946
sec_contact_sym_mig_size	Round_4_Replicate_16	-48118.54	96251.08	136979.68	10483.48	8.029,0.3432,2.1898,0.6465,1.0182,0.1325,28.403
sec_contact_sym_mig_size	Round_4_Replicate_17	-43714.9	87443.8	169146.7	9876.96	7.7752,0.1231,2.0727,0.8485,1.306,0.2235,25.8564
sec_contact_sym_mig_size	Round_4_Replicate_18	-45339.6	90693.2	125947.12	9147.13	10.4923,0.5034,2.2103,0.8635,0.8457,0.0532,19.4748
sec_contact_sym_mig_size	Round_4_Replicate_19	-45942.83	91899.66	133005.0	12077.82	23.8465,0.4595,1.786,0.6282,1.2128,0.2349,8.0267
sec_contact_sym_mig_size	Round_4_Replicate_20	-43155.23	86324.46	183731.01	7994.24	8.4365,0.3838,2.1949,1.2539,1.0633,0.0732,17.2522
sec_contact_sym_mig_size	Round_4_Replicate_21	-60705.86	121425.72	187169.18	8272.16	20.6972,0.1297,2.9718,0.6531,0.5949,0.205,28.9671
sec_contact_sym_mig_size	Round_4_Replicate_22	-47378.39	94770.78	132529.89	7029.65	15.4309,0.154,2.4647,1.5619,0.5883,0.0944,9.1864
sec_contact_sym_mig_size	Round_4_Replicate_23	-48766.85	97547.7	497390.54	6771.2	24.1275,0.2533,2.5952,1.5747,1.2865,0.0711,14.3636
sec_contact_sym_mig_size	Round_4_Replicate_24	-47038.59	94091.18	126058.13	10551.28	11.0687,0.1904,1.7611,0.8294,0.8195,0.1601,9.2668
sec_contact_sym_mig_size	Round_4_Replicate_25	-45776.85	91567.7	158220.96	7800.72	6.7302,0.4919,2.9664,0.9306,0.996,0.0963,28.1959
sec_contact_sym_mig_size	Round_4_Replicate_26	-66543.01	133100.02	217174.32	8828.56	29.5971,0.2323,2.8127,0.6313,0.543,0.0536,7.7006
sec_contact_sym_mig_size	Round_4_Replicate_27	-44518.91	89051.82	189786.73	9582.8	8.7735,0.1343,2.2209,0.8495,1.3567,0.138,20.4054
sec_contact_sym_mig_size	Round_4_Replicate_28	-44165.27	88344.54	119007.51	11023.64	9.6364,0.2025,1.5799,0.8547,0.9653,0.0927,25.143
sec_contact_sym_mig_size	Round_4_Replicate_29	-51134.74	102283.48	143948.37	9036.1	15.3488,0.2309,2.4,0.7523,0.7004,0.0556,28.9872
sec_contact_sym_mig_size	Round_4_Replicate_30	-44258.95	88531.9	130973.36	9259.98	8.9258,0.5382,1.5751,1.2842,0.9233,0.2187,25.8135
sec_contact_sym_mig_size	Round_4_Replicate_31	-49939.9	99893.8	141564.91	10340.11	16.3469,0.2679,2.2557,0.6284,0.944,0.0882,24.1684
sec_contact_sym_mig_size	Round_4_Replicate_32	-42905.68	85825.36	130952.13	11291.42	9.4163,0.4136,1.6034,0.8295,1.1942,0.2253,11.4712
sec_contact_sym_mig_size	Round_4_Replicate_33	-49140.67	98295.34	350306.14	6655.96	22.4579,0.338,2.3526,1.9439,1.0276,0.0989,10.1071
sec_contact_sym_mig_size	Round_4_Replicate_34	-46451.34	92916.68	217702.56	7277.01	21.5624,0.4742,2.7249,1.3458,0.9793,0.0761,8.9296
sec_contact_sym_mig_size	Round_4_Replicate_35	-44680.07	89374.14	189830.17	9102.45	16.9651,0.1372,1.5701,1.3727,1.1694,0.0514,23.7403
sec_contact_sym_mig_size	Round_4_Replicate_36	-47396.9	94807.8	133978.06	10529.97	13.2566,0.3669,2.0844,0.6937,0.9854,0.2215,9.2146
sec_contact_sym_mig_size	Round_4_Replicate_37	-43837.14	87688.28	119573.46	6746.42	23.0846,0.1593,2.4245,1.5197,0.6093,0.0575,27.8185
sec_contact_sym_mig_size	Round_4_Replicate_38	-43652.98	87319.96	125059.23	7082.39	12.7931,0.2649,2.4193,1.4152,0.6804,0.0867,15.5045
sec_contact_sym_mig_size	Round_4_Replicate_39	-43606.67	87227.34	189374.44	7328.81	13.6918,0.1771,2.6786,1.2083,1.0208,0.0548,28.4499
sec_contact_sym_mig_size	Round_4_Replicate_40	-43161.76	86337.52	149075.4	8556.43	13.4753,0.274,1.9473,1.2385,0.9782,0.0665,12.7323
