Model	Replicate	log-likelihood	AIC	chi-squared	theta	optimized_params(nu1, nu2, m12, m21, T1, T2)
anc_asym_mig	Round_1_Replicate_1	-919124.93	1838261.86	11842476659.53	14610.81	0.2056,2.2953,5.826,0.4105,0.2298,1.9711
anc_asym_mig	Round_1_Replicate_2	-775592.96	1551197.92	1223101050.14	6051.24	0.3933,7.7891,0.1696,0.1957,3.4122,2.423
anc_asym_mig	Round_1_Replicate_3	-181088.67	362189.34	640762.35	22790.91	0.2434,6.5483,3.1349,5.6827,7.3282,0.1583
anc_asym_mig	Round_1_Replicate_4	-1291929.76	2583871.52	9020525285117.69	15090.7	0.6011,0.4393,0.6382,3.7632,7.7824,4.3472
anc_asym_mig	Round_1_Replicate_5	-223642.92	447297.84	2450347.91	14033.15	1.7472,0.4255,0.4608,2.0635,1.7129,0.7026
anc_asym_mig	Round_1_Replicate_6	-486064.89	972141.78	79362339.8	7605.25	4.2521,0.2282,0.739,2.0434,6.2322,1.167
anc_asym_mig	Round_1_Replicate_7	-183710.07	367432.14	973974.64	10276.55	1.4171,5.1851,0.3044,4.2164,0.145,1.0478
anc_asym_mig	Round_1_Replicate_8	-175323.85	350659.7	1027187.71	53790.09	0.294,0.2547,0.2382,6.3939,1.0027,0.1656
anc_asym_mig	Round_1_Replicate_9	-124901.61	249815.22	412087.25	11017.29	1.5903,6.197,1.0842,0.2615,0.5183,0.3151
anc_asym_mig	Round_1_Replicate_10	-313018.61	626049.22	2880309184735.32	8610.33	0.4993,0.1261,2.5387,0.3741,0.144,5.0173
anc_asym_mig	Round_2_Replicate_1	-120554.96	241121.92	442363.35	7563.5	1.35,10.4504,1.5183,0.2743,1.5616,0.1325
anc_asym_mig	Round_2_Replicate_2	-111299.68	222611.36	371010.45	13788.53	2.1945,1.9127,0.6243,0.3561,0.1229,0.4467
anc_asym_mig	Round_2_Replicate_3	-96375.36	192762.72	322777.37	12898.86	1.9824,1.6484,0.4253,0.7886,0.7741,0.1192
anc_asym_mig	Round_2_Replicate_4	-136477.36	272966.72	576522.9	6172.84	2.9854,8.6802,0.8161,0.0674,1.6624,0.4224
anc_asym_mig	Round_2_Replicate_5	-123773.85	247559.7	805047.32	10687.04	3.2147,7.0777,2.6702,0.8758,0.1704,0.4299
anc_asym_mig	Round_2_Replicate_6	-167886.25	335784.5	895552.61	7665.17	4.9173,2.7835,0.2921,0.7213,0.4256,1.0193
anc_asym_mig	Round_2_Replicate_7	-136722.99	273457.98	703016.34	7351.94	2.1156,17.8208,1.8287,0.3442,1.0364,0.2278
anc_asym_mig	Round_2_Replicate_8	-127159.28	254330.56	452045.29	7088.78	1.6888,9.3564,1.8247,0.9181,1.6568,0.4273
anc_asym_mig	Round_2_Replicate_9	-152519.16	305050.32	1459313.24	7465.57	4.865,14.0132,3.5098,0.7821,0.3009,0.6567
anc_asym_mig	Round_2_Replicate_10	-110865.1	221742.2	3027159.01	14404.22	2.4022,6.8237,1.1936,0.8594,0.2248,0.0967
anc_asym_mig	Round_2_Replicate_11	-141563.04	283138.08	595371.23	9588.61	4.7582,2.0935,0.4774,0.2518,0.2798,0.6213
anc_asym_mig	Round_2_Replicate_12	-134623.01	269258.02	516976.36	9952.63	3.0186,3.8904,2.0401,0.3812,0.1714,0.7191
anc_asym_mig	Round_2_Replicate_13	-305702.12	611416.24	3589266.39	8545.59	0.7048,18.5295,0.2793,0.3625,0.3298,1.0854
anc_asym_mig	Round_2_Replicate_14	-108230.88	216473.76	392229.89	7986.1	3.8341,2.0291,2.1141,0.3393,2.055,0.5629
anc_asym_mig	Round_2_Replicate_15	-115893.4	231798.8	499431.52	6432.14	4.9403,2.8076,0.6347,0.3247,2.0841,0.3777
anc_asym_mig	Round_2_Replicate_16	-141811.15	283634.3	799984.47	6384.82	2.9407,15.7941,0.9208,0.4418,1.3186,0.2575
anc_asym_mig	Round_2_Replicate_17	-143249.4	286510.8	2099032.23	5746.37	5.1328,8.6931,1.2123,0.066,1.5617,0.2237
anc_asym_mig	Round_2_Replicate_18	-80656.91	161325.82	265756.46	14643.63	0.9233,2.7844,3.9363,0.2703,0.6603,0.0971
anc_asym_mig	Round_2_Replicate_19	-100137.17	200286.34	338361.85	14119.38	2.3572,2.1433,3.5037,0.3662,0.1208,0.35
anc_asym_mig	Round_2_Replicate_20	-154195.63	308403.26	768914.78	7141.44	4.2541,12.0122,1.4741,0.1199,0.3741,0.7713
anc_asym_mig	Round_3_Replicate_1	-73873.22	147758.44	239954.48	9725.77	1.5932,2.8111,1.3225,0.119,2.0792,0.0292
anc_asym_mig	Round_3_Replicate_2	-56789.34	113590.68	133514.04	26288.04	0.4748,0.6881,4.891,0.9591,0.5242,0.0562
anc_asym_mig	Round_3_Replicate_3	-86333.7	172679.4	266053.39	16230.63	2.1556,1.1529,1.1142,0.1655,0.2771,0.1262
anc_asym_mig	Round_3_Replicate_4	-64232.63	128477.26	305090.86	21151.7	0.8164,1.3365,9.5209,1.0484,0.2141,0.081
anc_asym_mig	Round_3_Replicate_5	-60738.88	121489.76	174660.68	25468.5	0.7747,0.7513,9.2881,0.1023,0.957,0.0868
anc_asym_mig	Round_3_Replicate_6	-86839.4	173690.8	255001.19	13028.79	1.1708,2.8608,19.7827,0.4133,0.8873,0.2893
anc_asym_mig	Round_3_Replicate_7	-126334.16	252680.32	18345268.05	8254.15	1.994,5.4251,3.7635,0.7679,1.4578,0.0199
anc_asym_mig	Round_3_Replicate_8	-67475.49	134962.98	195481.83	19265.84	1.0632,0.9198,1.1938,0.7527,0.4961,0.0157
anc_asym_mig	Round_3_Replicate_9	-90694.89	181401.78	4006980.06	12433.73	0.8196,3.4681,9.634,0.1666,1.1559,0.0241
anc_asym_mig	Round_3_Replicate_10	-63928.77	127869.54	309652.18	23365.26	0.3819,2.0795,9.1577,0.3189,0.1664,0.0232
anc_asym_mig	Round_3_Replicate_11	-81834.47	163680.94	254428.26	19928.68	0.6359,3.4122,1.3056,0.6162,0.2438,0.0202
anc_asym_mig	Round_3_Replicate_12	-58771.07	117554.14	201662.81	23298.83	0.4053,1.4993,8.1111,0.1446,0.2539,0.0274
anc_asym_mig	Round_3_Replicate_13	-150611.24	301234.48	533517.61	21709.68	0.3844,1.7854,1.4102,0.304,0.2139,0.2258
anc_asym_mig	Round_3_Replicate_14	-69939.38	139890.76	261239.72	16247.7	0.7104,2.3624,4.1076,0.066,0.6608,0.0259
anc_asym_mig	Round_3_Replicate_15	-85737.62	171487.24	217987.64	27177.05	0.393,0.7566,2.0072,0.1216,0.1955,0.0776
anc_asym_mig	Round_3_Replicate_16	-106104.96	212221.92	1112512.86	13456.05	2.6109,4.3207,3.0227,0.5016,0.206,0.1994
anc_asym_mig	Round_3_Replicate_17	-123881.44	247774.88	358658.91	15269.3	0.7748,5.7718,2.3198,0.1331,0.2299,0.274
anc_asym_mig	Round_3_Replicate_18	-72997.36	146006.72	214304.54	17532.28	1.0459,1.3986,5.9754,0.7976,0.5167,0.1542
anc_asym_mig	Round_3_Replicate_19	-97196.39	194404.78	1930367.17	16036.8	1.9531,3.4127,1.2829,0.9757,0.2552,0.0377
anc_asym_mig	Round_3_Replicate_20	-143935.0	287882.0	510561.12	9610.23	0.5282,12.5467,1.1488,0.2945,1.3037,0.0147
anc_asym_mig	Round_3_Replicate_21	-85726.27	171464.54	1162958.84	17557.65	1.1968,3.4066,4.4881,0.0647,0.2187,0.0503
anc_asym_mig	Round_3_Replicate_22	-109064.61	218141.22	301381.15	15828.79	0.5953,2.1687,9.1322,0.0553,1.0735,0.296
anc_asym_mig	Round_3_Replicate_23	-59357.75	118727.5	169878.51	18753.08	1.0401,0.7721,2.2614,0.5662,1.1703,0.0281
anc_asym_mig	Round_3_Replicate_24	-54051.47	108114.94	134448.67	20724.48	0.5932,1.0044,3.4348,0.214,2.013,0.0256
anc_asym_mig	Round_3_Replicate_25	-56771.56	113555.12	220248.5	23874.79	0.4777,1.2848,8.456,0.1004,0.2054,0.0344
anc_asym_mig	Round_3_Replicate_26	-98352.93	196717.86	341697.8	16738.93	1.5405,0.7549,3.3661,0.5138,1.9619,0.2475
anc_asym_mig	Round_3_Replicate_27	-77048.97	154109.94	206904.29	20918.44	0.5275,2.4779,15.2075,0.0968,0.1685,0.1184
anc_asym_mig	Round_3_Replicate_28	-72570.86	145153.72	173036.08	24218.12	0.4252,1.0627,2.5875,0.1159,0.3373,0.038
anc_asym_mig	Round_3_Replicate_29	-68894.33	137800.66	173307.47	13307.57	0.5309,2.8131,5.0559,0.0855,1.7687,0.0622
anc_asym_mig	Round_3_Replicate_30	-63629.67	127271.34	228455.94	21641.83	1.2861,0.8217,15.3393,0.4203,0.3141,0.1229
anc_asym_mig	Round_4_Replicate_1	-51360.8	102733.6	159274.22	21638.16	0.674,0.9213,4.1723,0.2534,1.1413,0.0101
anc_asym_mig	Round_4_Replicate_2	-50032.84	100077.68	157833.8	28833.91	0.4752,0.7116,6.3657,0.3321,3.4567,0.0122
anc_asym_mig	Round_4_Replicate_3	-51707.03	103426.06	139217.61	13919.94	0.7081,1.8254,3.0117,0.1158,2.9535,0.0107
anc_asym_mig	Round_4_Replicate_4	-60997.74	122007.48	316358.54	19547.09	1.1883,0.8283,4.1693,0.3586,1.7742,0.0115
anc_asym_mig	Round_4_Replicate_5	-49528.64	99069.28	173214.21	24036.57	0.5611,0.8766,5.7499,0.2021,1.0312,0.012
anc_asym_mig	Round_4_Replicate_6	-57865.28	115742.56	146873.52	15846.0	0.722,1.4483,2.1986,0.1369,2.0545,0.0148
anc_asym_mig	Round_4_Replicate_7	-56986.28	113984.56	262341.1	23919.46	0.8262,0.7456,5.237,0.3239,4.1667,0.0112
anc_asym_mig	Round_4_Replicate_8	-53601.25	107214.5	179286.46	16493.75	1.0311,1.0557,2.7658,0.4783,2.0028,0.0122
anc_asym_mig	Round_4_Replicate_9	-52757.52	105527.04	187758.69	24046.34	0.6855,0.7894,5.0059,0.2456,2.017,0.0111
anc_asym_mig	Round_4_Replicate_10	-54133.75	108279.5	176111.15	19748.62	0.8479,0.9424,3.5335,0.2878,1.2775,0.0109
anc_asym_mig	Round_4_Replicate_11	-49875.85	99763.7	161846.58	23508.69	0.5743,0.8946,5.2056,0.1767,1.3802,0.0104
anc_asym_mig	Round_4_Replicate_12	-47492.11	94996.22	135796.2	19690.99	0.4721,1.2069,5.0875,0.2317,3.7405,0.01
anc_asym_mig	Round_4_Replicate_13	-51388.62	102789.24	131140.04	16022.6	0.7907,1.1754,2.2428,0.2843,3.9015,0.0108
anc_asym_mig	Round_4_Replicate_14	-52096.79	104205.58	174341.94	16707.01	0.7848,1.3639,3.8774,0.1165,2.482,0.0187
anc_asym_mig	Round_4_Replicate_15	-50244.77	100501.54	140551.92	13408.21	0.8246,1.6901,2.734,0.2243,3.6382,0.0147
anc_asym_mig	Round_4_Replicate_16	-50270.02	100552.04	145229.17	18948.81	0.5425,1.244,4.5464,0.3707,1.9351,0.0173
anc_asym_mig	Round_4_Replicate_17	-47738.44	95488.88	127979.63	31440.58	0.4111,0.6175,6.4146,0.2569,1.1124,0.0114
anc_asym_mig	Round_4_Replicate_18	-53429.74	106871.48	164386.46	15780.8	0.6162,1.7226,3.9391,0.1339,1.91,0.0105
anc_asym_mig	Round_4_Replicate_19	-47885.38	95782.76	134824.0	20056.87	0.5622,1.0548,4.1726,0.3677,3.0392,0.0101
anc_asym_mig	Round_4_Replicate_20	-53689.6	107391.2	148259.58	16700.82	0.7222,1.3601,2.9475,0.3055,1.7246,0.014
anc_asym_mig	Round_4_Replicate_21	-49620.08	99252.16	146332.96	34745.45	0.3647,0.6036,8.3259,0.5324,3.4015,0.0159
anc_asym_mig	Round_4_Replicate_22	-48045.75	96103.5	166846.79	31857.15	0.3682,0.7005,8.8646,0.2421,1.7885,0.0115
anc_asym_mig	Round_4_Replicate_23	-51536.65	103085.3	172660.65	12624.82	1.078,1.6451,2.6701,0.2865,3.728,0.0244
anc_asym_mig	Round_4_Replicate_24	-47492.54	94997.08	133497.37	13377.63	0.7923,1.61,2.8308,0.2687,5.7617,0.0114
anc_asym_mig	Round_4_Replicate_25	-47907.66	95827.32	149168.5	19448.55	0.6454,1.02,4.3218,0.4843,4.8578,0.0173
anc_asym_mig	Round_4_Replicate_26	-57779.06	115570.12	229840.34	19835.79	1.1179,0.7551,3.973,0.5922,2.7004,0.0214
anc_asym_mig	Round_4_Replicate_27	-53773.63	107559.26	162681.79	16985.32	0.825,1.2194,2.8603,0.3853,1.5686,0.0107
anc_asym_mig	Round_4_Replicate_28	-51694.53	103401.06	144094.29	21975.05	0.6374,0.9197,3.9633,0.1422,3.7385,0.0104
anc_asym_mig	Round_4_Replicate_29	-52087.62	104187.24	142237.24	20556.8	0.7002,0.9162,3.3127,0.3416,1.5723,0.014
anc_asym_mig	Round_4_Replicate_30	-52201.94	104415.88	132543.08	16141.82	0.7247,1.354,2.6702,0.1402,2.9723,0.012
anc_asym_mig	Round_4_Replicate_31	-55148.29	110308.58	144041.96	21164.04	0.6561,0.8081,2.3226,0.5231,1.2995,0.0128
anc_asym_mig	Round_4_Replicate_32	-50325.36	100662.72	140729.07	12451.81	0.7688,1.9083,2.8019,0.2977,3.9395,0.0169
anc_asym_mig	Round_4_Replicate_33	-63638.34	127288.68	197664.96	19795.51	1.1432,0.7307,3.0209,0.2857,2.0043,0.0218
anc_asym_mig	Round_4_Replicate_34	-58635.05	117282.1	158524.94	25550.64	0.5363,0.5902,2.3606,0.5567,1.5627,0.0131
anc_asym_mig	Round_4_Replicate_35	-52290.06	104592.12	166220.1	19403.72	0.8458,0.9077,3.3912,0.4365,1.8349,0.0119
anc_asym_mig	Round_4_Replicate_36	-59889.87	119791.74	163013.35	16853.46	0.8096,1.38,2.3715,0.1107,1.199,0.0111
anc_asym_mig	Round_4_Replicate_37	-50359.9	100731.8	153746.0	25928.58	0.493,0.85,6.3904,0.1776,3.52,0.0195
anc_asym_mig	Round_4_Replicate_38	-53714.11	107440.22	140314.89	28435.17	0.4954,0.6825,4.6183,0.176,2.1473,0.0139
anc_asym_mig	Round_4_Replicate_39	-49029.5	98071.0	176056.03	13753.25	0.5376,1.8909,4.9481,0.271,4.6644,0.0129
anc_asym_mig	Round_4_Replicate_40	-57365.88	114743.76	210090.81	17101.17	0.949,1.2862,3.8995,0.1048,1.5508,0.031
