Model	Replicate	log-likelihood	AIC	chi-squared	theta	optimized_params(nu1, nu2, m, T)
sym_mig	Round_1_Replicate_1	-84105.27	168218.54	248977.96	20864.65	0.6208,0.8124,0.697,1.2086
sym_mig	Round_1_Replicate_2	-95124.09	190256.18	339233.9	12935.47	2.2914,1.756,0.3803,0.7178
sym_mig	Round_1_Replicate_3	-126101.07	252210.14	418976.86	24195.87	0.3237,0.6559,0.5659,7.2648
sym_mig	Round_1_Replicate_4	-64125.6	128259.2	380563.42	24773.13	1.8206,0.1803,5.9434,0.7209
sym_mig	Round_1_Replicate_5	-87525.61	175059.22	241327.84	5450.83	1.7074,5.3026,0.3191,7.46
sym_mig	Round_1_Replicate_6	-215364.52	430737.04	923877.16	7966.77	0.3141,5.111,0.2981,7.8755
sym_mig	Round_1_Replicate_7	-82605.49	165218.98	2526748.53	21812.87	0.8242,2.8993,2.1462,0.1495
sym_mig	Round_1_Replicate_8	-112172.65	224353.3	343845.56	29422.13	0.306,0.6495,0.6252,0.4468
sym_mig	Round_1_Replicate_9	-70746.58	141501.16	739608.85	24308.35	2.0609,0.2043,6.7679,3.1874
sym_mig	Round_1_Replicate_10	-105103.58	210215.16	487803.75	7076.48	3.9799,0.578,0.2781,6.8806
sym_mig	Round_2_Replicate_1	-53438.62	106885.24	154308.46	48523.06	0.4607,0.1148,3.8393,1.2268
sym_mig	Round_2_Replicate_2	-35889.13	71786.26	113624.6	33486.93	0.5184,0.1973,4.8474,0.2967
sym_mig	Round_2_Replicate_3	-107140.0	214288.0	13193534.37	12891.27	5.9709,0.5432,5.7204,1.3487
sym_mig	Round_2_Replicate_4	-69872.29	139752.58	1125845.0	24869.75	1.8578,0.2154,7.6516,2.0458
sym_mig	Round_2_Replicate_5	-119345.4	238698.8	428790.29	26327.06	5.3231,0.0784,5.9383,1.2041
sym_mig	Round_2_Replicate_6	-97145.67	194299.34	4054144.71	17134.27	4.3886,0.5565,4.1206,0.313
sym_mig	Round_2_Replicate_7	-93164.59	186337.18	324909.2	25007.52	2.3125,0.1124,3.7751,2.4872
sym_mig	Round_2_Replicate_8	-74317.64	148643.28	812642.65	23790.36	2.4645,0.1927,7.1803,1.3352
sym_mig	Round_2_Replicate_9	-78993.6	157995.2	1041310.74	17686.29	2.9481,0.3761,4.1142,0.5716
sym_mig	Round_2_Replicate_10	-39234.1	78476.2	132399.18	35145.15	0.5966,0.167,5.4464,0.5009
sym_mig	Round_2_Replicate_11	-108613.82	217235.64	134022111.5	20012.09	1.3822,0.642,12.4661,0.4763
sym_mig	Round_2_Replicate_12	-34527.06	69062.12	146312.18	40173.8	0.4713,0.1074,9.4737,0.258
sym_mig	Round_2_Replicate_13	-76342.07	152692.14	223943.82	19320.35	4.124,0.249,2.0625,0.2345
sym_mig	Round_2_Replicate_14	-64062.4	128132.8	191286.22	26296.49	1.3143,0.1303,3.2383,0.389
sym_mig	Round_2_Replicate_15	-50905.05	101818.1	272913.86	21435.73	1.2182,0.344,3.4705,1.5223
sym_mig	Round_2_Replicate_16	-62847.83	125703.66	388945.38	16783.83	2.28,0.3359,3.3969,2.33
sym_mig	Round_2_Replicate_17	-44116.82	88241.64	559028.49	32618.32	0.5195,0.244,8.2678,0.3167
sym_mig	Round_2_Replicate_18	-46768.14	93544.28	123761.98	31491.5	0.5723,0.2737,2.3848,2.2304
sym_mig	Round_2_Replicate_19	-74946.25	149900.5	6980479.14	24826.05	1.1702,0.3665,9.416,0.2002
sym_mig	Round_2_Replicate_20	-68099.79	136207.58	321920.4	20803.4	2.2297,0.2215,4.2368,0.9619
sym_mig	Round_3_Replicate_1	-36792.79	73593.58	113076.21	32442.66	0.3312,0.2277,3.0713,0.0703
sym_mig	Round_3_Replicate_2	-52731.07	105470.14	587594.89	33612.44	0.8775,0.1684,9.0682,0.7305
sym_mig	Round_3_Replicate_3	-27832.59	55673.18	76658.23	43270.19	0.2765,0.106,8.2856,0.1671
sym_mig	Round_3_Replicate_4	-70608.95	141225.9	371487.2	37643.65	1.4852,0.1015,9.6251,1.0227
sym_mig	Round_3_Replicate_5	-46450.22	92908.44	239922.45	32937.45	1.183,0.0529,17.3832,0.0849
sym_mig	Round_3_Replicate_6	-39441.78	78891.56	115150.52	37748.45	0.519,0.1751,4.7104,0.7039
sym_mig	Round_3_Replicate_7	-29851.07	59710.14	108016.48	41584.64	0.3332,0.1263,8.5418,0.2187
sym_mig	Round_3_Replicate_8	-43698.99	87405.98	138436.04	27593.21	1.0264,0.1725,3.6524,0.1021
sym_mig	Round_3_Replicate_9	-44807.45	89622.9	163446.17	26973.25	1.0615,0.2228,1.5171,0.0714
sym_mig	Round_3_Replicate_10	-36485.0	72978.0	99178.13	45925.01	0.406,0.1053,6.6454,0.416
sym_mig	Round_3_Replicate_11	-50900.92	101809.84	191784.34	26078.47	1.1781,0.2002,4.3496,0.4473
sym_mig	Round_3_Replicate_12	-41129.75	82267.5	135470.84	28596.4	0.8823,0.1598,4.3315,0.0976
sym_mig	Round_3_Replicate_13	-45468.1	90944.2	147182.7	29461.71	0.8115,0.2177,3.837,0.9517
sym_mig	Round_3_Replicate_14	-26568.03	53144.06	78608.19	49395.39	0.2231,0.0943,10.4974,0.1848
sym_mig	Round_3_Replicate_15	-57140.99	114289.98	183598.99	22314.41	1.5467,0.2691,2.7233,0.3797
sym_mig	Round_3_Replicate_16	-23820.59	47649.18	69184.73	53148.96	0.1677,0.0598,15.5654,0.1155
sym_mig	Round_3_Replicate_17	-43334.69	86677.38	154245.73	27462.78	0.9482,0.2111,2.8841,0.0907
sym_mig	Round_3_Replicate_18	-30900.02	61808.04	85224.43	36889.37	0.2733,0.1461,5.9754,0.0939
sym_mig	Round_3_Replicate_19	-45867.69	91743.38	148046.53	27514.19	1.5716,0.1063,5.333,0.0609
sym_mig	Round_3_Replicate_20	-36943.19	73894.38	106655.04	45356.0	0.3729,0.1638,5.5968,0.7111
sym_mig	Round_3_Replicate_21	-42629.49	85266.98	94209.56	39496.95	0.2131,0.1722,3.3755,0.119
sym_mig	Round_3_Replicate_22	-36635.49	73278.98	140947.39	32280.82	0.6789,0.0743,11.3409,0.0663
sym_mig	Round_3_Replicate_23	-29196.31	58400.62	100704.05	53515.81	0.2461,0.1037,10.5484,0.2973
sym_mig	Round_3_Replicate_24	-26761.8	53531.6	75445.69	43573.16	0.2477,0.0998,9.2,0.1384
sym_mig	Round_3_Replicate_25	-41950.28	83908.56	118636.4	30238.29	0.4918,0.3386,3.0041,0.2769
sym_mig	Round_3_Replicate_26	-33943.59	67895.18	98618.66	82077.38	0.149,0.1015,11.3531,0.4786
sym_mig	Round_3_Replicate_27	-45919.46	91846.92	105644.48	45376.23	0.2282,0.2523,3.9854,0.5464
sym_mig	Round_3_Replicate_28	-31060.98	62129.96	87849.3	39246.37	0.3829,0.069,10.2975,0.1109
sym_mig	Round_3_Replicate_29	-31492.42	62992.84	89917.62	38989.89	0.3289,0.1672,5.9412,0.2245
sym_mig	Round_3_Replicate_30	-45689.0	91386.0	294858.23	27335.06	0.8693,0.2785,2.6928,0.0716
sym_mig	Round_4_Replicate_1	-26503.6	53015.2	91040.29	42937.39	0.2695,0.0799,12.0914,0.1159
sym_mig	Round_4_Replicate_2	-22125.56	44259.12	56615.43	63342.94	0.0971,0.0365,24.1294,0.0796
sym_mig	Round_4_Replicate_3	-24529.3	49066.6	76118.95	51071.95	0.1915,0.0667,14.4511,0.127
sym_mig	Round_4_Replicate_4	-25108.02	50224.04	75985.44	51628.96	0.1971,0.0752,12.9892,0.1498
sym_mig	Round_4_Replicate_5	-23959.01	47926.02	80995.59	48511.18	0.1767,0.065,15.9704,0.0966
sym_mig	Round_4_Replicate_6	-26037.77	52083.54	72401.22	41230.14	0.242,0.0683,11.4581,0.0775
sym_mig	Round_4_Replicate_7	-23046.82	46101.64	64386.02	48673.62	0.15,0.0511,17.2315,0.0719
sym_mig	Round_4_Replicate_8	-26817.03	53642.06	72445.88	50881.47	0.2295,0.0831,10.3204,0.1902
sym_mig	Round_4_Replicate_9	-25331.68	50671.36	68637.52	71221.01	0.1411,0.0596,15.6456,0.1965
sym_mig	Round_4_Replicate_10	-23668.7	47345.4	73774.38	53010.21	0.1581,0.0622,16.3629,0.1106
sym_mig	Round_4_Replicate_11	-24747.76	49503.52	69041.56	45256.83	0.199,0.0732,12.1071,0.0955
sym_mig	Round_4_Replicate_12	-23281.56	46571.12	66107.53	59275.41	0.1404,0.0516,18.0878,0.1166
sym_mig	Round_4_Replicate_13	-23089.23	46186.46	65586.49	54329.82	0.1396,0.0552,17.3586,0.0975
sym_mig	Round_4_Replicate_14	-23813.58	47635.16	65705.45	56240.97	0.1495,0.0617,15.371,0.124
sym_mig	Round_4_Replicate_15	-22420.35	44848.7	66296.6	58241.68	0.122,0.0432,22.1449,0.0872
sym_mig	Round_4_Replicate_16	-26374.94	52757.88	84496.6	39854.24	0.2624,0.0805,11.2362,0.081
sym_mig	Round_4_Replicate_17	-24695.43	49398.86	85327.95	45951.75	0.2069,0.0693,14.6248,0.099
sym_mig	Round_4_Replicate_18	-24403.64	48815.28	61973.83	48389.09	0.1682,0.0668,12.5873,0.0956
sym_mig	Round_4_Replicate_19	-23668.52	47345.04	77475.85	49067.13	0.1559,0.0647,16.4369,0.0885
sym_mig	Round_4_Replicate_20	-24919.35	49846.7	77026.4	51690.6	0.1845,0.0772,13.3161,0.1428
sym_mig	Round_4_Replicate_21	-25092.92	50193.84	75473.74	64829.01	0.1433,0.0673,15.8017,0.1784
sym_mig	Round_4_Replicate_22	-23936.15	47880.3	73279.04	60481.45	0.1532,0.0555,17.5994,0.1387
sym_mig	Round_4_Replicate_23	-25734.18	51476.36	78038.64	40417.89	0.2386,0.0647,12.887,0.0662
sym_mig	Round_4_Replicate_24	-24101.42	48210.84	68016.0	61812.95	0.1304,0.0617,16.6185,0.1376
sym_mig	Round_4_Replicate_25	-24666.71	49341.42	80310.31	56577.04	0.1691,0.0683,15.4624,0.1515
sym_mig	Round_4_Replicate_26	-24062.39	48132.78	62046.26	46354.47	0.1584,0.0617,13.5532,0.0732
sym_mig	Round_4_Replicate_27	-23466.12	46940.24	76022.32	47662.04	0.1697,0.0551,17.5294,0.0783
sym_mig	Round_4_Replicate_28	-25192.13	50392.26	66816.23	46120.15	0.2021,0.0772,11.1108,0.1093
sym_mig	Round_4_Replicate_29	-23943.96	47895.92	77301.32	52149.79	0.1547,0.0673,16.0561,0.1092
sym_mig	Round_4_Replicate_30	-24220.39	48448.78	65678.7	47392.01	0.1646,0.0703,13.1345,0.0895
sym_mig	Round_4_Replicate_31	-26378.78	52765.56	77256.51	43236.01	0.2539,0.0901,10.0742,0.1254
sym_mig	Round_4_Replicate_32	-26970.97	53949.94	75401.6	40706.92	0.2654,0.0926,9.0976,0.1041
sym_mig	Round_4_Replicate_33	-21788.45	43584.9	66742.48	60765.03	0.0978,0.0339,28.9559,0.0688
sym_mig	Round_4_Replicate_34	-25150.65	50309.3	69219.63	65639.4	0.1558,0.061,15.04,0.1853
sym_mig	Round_4_Replicate_35	-22973.61	45955.22	64214.51	54013.07	0.1386,0.0531,17.5986,0.093
sym_mig	Round_4_Replicate_36	-23478.24	46964.48	62560.8	54651.83	0.1461,0.0575,15.7164,0.1071
sym_mig	Round_4_Replicate_37	-24158.8	48325.6	71390.89	49139.85	0.1666,0.0719,13.9744,0.1035
sym_mig	Round_4_Replicate_38	-23047.2	46102.4	61090.22	52809.12	0.1388,0.0525,16.8646,0.0873
sym_mig	Round_4_Replicate_39	-23504.28	47016.56	72211.4	49142.8	0.1666,0.0595,16.2311,0.0899
sym_mig	Round_4_Replicate_40	-23156.55	46321.1	71233.6	54546.97	0.1508,0.0496,19.1229,0.0973
