Model	Replicate	log-likelihood	AIC	chi-squared	theta	optimized_params(nu1, nu2, m, T)
sym_mig	Round_1_Replicate_1	-99915.97	199839.94	352684.22	12004.32	5.7988,0.2263,1.9943,5.0769
sym_mig	Round_1_Replicate_2	-88781.92	177571.84	1104649.74	18328.4	1.0642,4.513,1.0534,0.2461
sym_mig	Round_1_Replicate_3	-135653.19	271314.38	680679.17	26019.25	0.56,0.3061,0.4161,2.1369
sym_mig	Round_1_Replicate_4	-137352.05	274712.1	481243.81	12938.82	0.909,5.096,0.1962,0.8146
sym_mig	Round_1_Replicate_5	-117529.65	235067.3	118208115.47	9236.56	1.55,3.4731,4.6193,2.2949
sym_mig	Round_1_Replicate_6	-163861.08	327730.16	535403445.91	13536.07	5.5956,5.2076,2.3594,0.2839
sym_mig	Round_1_Replicate_7	-110504.19	221016.38	545910.37	9073.52	6.2376,1.1603,0.7225,1.1429
sym_mig	Round_1_Replicate_8	-90767.18	181542.36	842880.69	15392.81	2.1136,2.1337,0.7895,0.3752
sym_mig	Round_1_Replicate_9	-203363.28	406734.56	1622010.58	46285.11	0.2476,0.1384,0.4484,0.9824
sym_mig	Round_1_Replicate_10	-146101.03	292210.06	807315.67	23570.96	0.635,0.3102,0.3434,2.5369
sym_mig	Round_2_Replicate_1	-82381.56	164771.12	1014726.29	20292.38	1.0603,4.8164,0.2579,0.1626
sym_mig	Round_2_Replicate_2	-119810.5	239629.0	347795.72	17759.04	0.4232,16.184,0.8341,0.3569
sym_mig	Round_2_Replicate_3	-84586.42	169180.84	774306.29	22823.74	0.4002,6.3673,2.797,0.172
sym_mig	Round_2_Replicate_4	-93265.63	186539.26	2462278.63	16739.65	2.3513,1.6211,1.4965,0.2836
sym_mig	Round_2_Replicate_5	-114796.55	229601.1	2647728.46	13882.82	2.1005,14.8916,0.3694,0.3447
sym_mig	Round_2_Replicate_6	-96230.9	192469.8	719439.0	15931.44	1.5286,6.0283,0.2679,0.3064
sym_mig	Round_2_Replicate_7	-113722.73	227453.46	21644870.43	18029.15	1.2576,11.213,2.4924,0.2038
sym_mig	Round_2_Replicate_8	-91459.61	182927.22	3350415.19	20269.86	1.1033,9.0909,0.6685,0.1463
sym_mig	Round_2_Replicate_9	-98558.72	197125.44	893531.77	17159.7	0.4367,5.335,2.9132,0.6766
sym_mig	Round_2_Replicate_10	-91994.64	183997.28	2411832.38	19188.52	1.2867,7.3913,0.4147,0.172
sym_mig	Round_2_Replicate_11	-148564.81	297137.62	198777018.07	10850.55	2.3669,4.2268,3.3945,0.7711
sym_mig	Round_2_Replicate_12	-79084.51	158177.02	295148.0	19414.16	0.8986,2.5016,0.5809,0.27
sym_mig	Round_2_Replicate_13	-129422.88	258853.76	358644399.44	20120.82	2.8,7.7753,1.1971,0.1023
sym_mig	Round_2_Replicate_14	-122196.71	244401.42	20097976.23	16000.68	3.0301,9.4569,0.2878,0.2125
sym_mig	Round_2_Replicate_15	-97950.92	195909.84	283728.94	21421.14	0.3759,15.5066,0.8979,0.2008
sym_mig	Round_2_Replicate_16	-75907.75	151823.5	1059692.39	20625.29	0.7798,1.6775,2.5476,0.2878
sym_mig	Round_2_Replicate_17	-75432.22	150872.44	480964.25	25038.23	0.3741,11.8191,1.0186,0.094
sym_mig	Round_2_Replicate_18	-88778.62	177565.24	3423708.79	20445.93	1.2072,4.105,0.9107,0.1476
sym_mig	Round_2_Replicate_19	-72038.0	144084.0	896439.66	25988.7	0.3906,7.044,0.9992,0.0713
sym_mig	Round_2_Replicate_20	-70776.61	141561.22	335989.56	19873.13	1.4427,1.24,0.4969,0.2206
sym_mig	Round_3_Replicate_1	-71197.58	142403.16	196838.14	20683.55	0.879,1.0517,0.7125,0.3779
sym_mig	Round_3_Replicate_2	-64657.32	129322.64	412282.39	19326.63	1.2909,0.7947,1.992,0.4253
sym_mig	Round_3_Replicate_3	-73805.55	147619.1	236148.81	16895.95	1.5914,0.8175,0.7881,0.6229
sym_mig	Round_3_Replicate_4	-69465.46	138938.92	179649.27	23016.25	0.6486,0.9544,0.8252,0.3285
sym_mig	Round_3_Replicate_5	-95246.24	190500.48	337979.45	14016.8	1.4309,3.0,0.4794,0.6087
sym_mig	Round_3_Replicate_6	-74367.76	148743.52	707875.96	21886.77	0.9004,2.9472,0.2541,0.1394
sym_mig	Round_3_Replicate_7	-101951.38	203910.76	362690.25	12839.35	1.8135,3.223,0.306,0.654
sym_mig	Round_3_Replicate_8	-48674.79	97357.58	159150.13	27850.0	0.5197,0.5427,0.2968,0.0881
sym_mig	Round_3_Replicate_9	-82321.38	164650.76	643600.53	19154.21	1.2456,3.6233,0.1299,0.1998
sym_mig	Round_3_Replicate_10	-84185.23	168378.46	1050838.58	18664.71	3.5789,1.193,0.1222,0.1622
sym_mig	Round_3_Replicate_11	-76329.97	152667.94	1720357.13	22221.32	1.1664,2.1274,0.2759,0.1144
sym_mig	Round_3_Replicate_12	-67884.17	135776.34	218179.28	19566.26	1.0777,1.0299,0.9749,0.3992
sym_mig	Round_3_Replicate_13	-70076.6	140161.2	437723.89	19240.91	0.6175,1.4458,2.354,0.7783
sym_mig	Round_3_Replicate_14	-95725.79	191459.58	1887337.3	16789.03	2.4131,2.9503,0.3088,0.2339
sym_mig	Round_3_Replicate_15	-60172.97	120353.94	507030.02	23865.5	3.4836,0.3397,0.2177,0.0644
sym_mig	Round_3_Replicate_16	-41597.51	83203.02	164027.43	29168.17	0.5184,0.3086,1.1259,0.0657
sym_mig	Round_3_Replicate_17	-78241.03	156490.06	268101.0	20015.54	0.8357,2.4858,0.4801,0.2494
sym_mig	Round_3_Replicate_18	-49115.67	98239.34	194644.74	26265.05	0.8231,0.4701,0.1415,0.0883
sym_mig	Round_3_Replicate_19	-68775.85	137559.7	494433.12	22160.21	0.9487,1.6855,0.4944,0.1509
sym_mig	Round_3_Replicate_20	-68184.46	136376.92	486777.43	21352.48	1.5606,1.1103,0.116,0.1448
sym_mig	Round_3_Replicate_21	-63052.5	126113.0	442420.41	26614.21	0.4177,1.9841,0.1521,0.0728
sym_mig	Round_3_Replicate_22	-70752.25	141512.5	598287.91	21006.72	1.231,1.4169,0.7751,0.1759
sym_mig	Round_3_Replicate_23	-65413.8	130835.6	416841.4	23822.02	0.7261,1.7674,0.1437,0.1169
sym_mig	Round_3_Replicate_24	-59491.02	118990.04	153826.56	24479.8	0.8764,0.5718,0.2599,0.1749
sym_mig	Round_3_Replicate_25	-64347.41	128702.82	175016.18	24285.68	0.7715,0.5392,0.8365,0.3306
sym_mig	Round_3_Replicate_26	-89244.34	178496.68	8986961.32	22334.69	1.1616,2.3045,2.0272,0.1064
sym_mig	Round_3_Replicate_27	-64053.32	128114.64	567846.79	23443.51	0.8064,1.1512,1.618,0.15
sym_mig	Round_3_Replicate_28	-77596.2	155200.4	600123.99	20009.06	1.2494,2.6009,0.0942,0.1797
sym_mig	Round_3_Replicate_29	-77392.07	154792.14	869438.0	20913.42	0.9898,2.715,0.7446,0.1678
sym_mig	Round_3_Replicate_30	-82152.95	164313.9	298612.69	16599.05	1.6628,1.6446,0.4406,0.3868
sym_mig	Round_4_Replicate_1	-39782.49	79572.98	142708.82	28776.04	0.7945,0.1447,1.1631,0.0429
sym_mig	Round_4_Replicate_2	-38966.24	77940.48	140691.18	30135.12	0.4543,0.2453,1.1388,0.0561
sym_mig	Round_4_Replicate_3	-33595.36	67198.72	115973.87	32486.21	0.2706,0.1303,1.0542,0.0301
sym_mig	Round_4_Replicate_4	-37836.02	75680.04	105541.98	30886.71	0.4374,0.1871,0.7013,0.0539
sym_mig	Round_4_Replicate_5	-34400.16	68808.32	134769.48	31880.35	0.3007,0.1396,0.9206,0.0301
sym_mig	Round_4_Replicate_6	-37456.87	74921.74	123400.13	29779.96	0.6927,0.0658,1.1663,0.0213
sym_mig	Round_4_Replicate_7	-41271.59	82551.18	129166.84	28793.55	0.6356,0.2452,0.7254,0.0675
sym_mig	Round_4_Replicate_8	-35228.07	70464.14	114537.11	30711.89	0.4787,0.098,1.0663,0.0297
sym_mig	Round_4_Replicate_9	-33166.38	66340.76	118857.29	31451.28	0.3509,0.0716,1.1254,0.02
sym_mig	Round_4_Replicate_10	-40048.02	80104.04	180805.99	30034.46	0.4208,0.266,0.5497,0.0465
sym_mig	Round_4_Replicate_11	-37143.33	74294.66	106750.76	32142.37	0.3045,0.202,0.819,0.0467
sym_mig	Round_4_Replicate_12	-38188.79	76385.58	167592.02	29939.93	0.4885,0.1978,0.9383,0.0428
sym_mig	Round_4_Replicate_13	-36594.32	73196.64	114348.32	30709.86	0.4655,0.1704,1.463,0.0506
sym_mig	Round_4_Replicate_14	-44013.76	88035.52	136147.83	28167.22	0.6265,0.3388,0.9928,0.0913
sym_mig	Round_4_Replicate_15	-39785.25	79578.5	131405.39	29026.0	1.0242,0.0668,1.3323,0.0221
sym_mig	Round_4_Replicate_16	-40396.8	80801.6	124232.12	28887.09	1.0095,0.0788,1.1407,0.0275
sym_mig	Round_4_Replicate_17	-35326.3	70660.6	109091.84	32354.86	0.3086,0.1756,1.7211,0.0449
sym_mig	Round_4_Replicate_18	-48917.04	97842.08	216169.47	26303.28	0.7619,0.4823,1.3514,0.1086
sym_mig	Round_4_Replicate_19	-45431.55	90871.1	191514.17	28059.89	0.571,0.4223,1.1938,0.0828
sym_mig	Round_4_Replicate_20	-48095.15	96198.3	181766.39	26836.47	0.699,0.477,0.5797,0.0938
sym_mig	Round_4_Replicate_21	-40561.6	81131.2	132145.87	30201.04	0.4195,0.2921,0.838,0.0621
sym_mig	Round_4_Replicate_22	-42895.87	85799.74	163271.58	28771.64	0.5416,0.3479,1.3825,0.0785
sym_mig	Round_4_Replicate_23	-35693.35	71394.7	109771.71	31376.4	0.4171,0.1694,2.1069,0.0534
sym_mig	Round_4_Replicate_24	-38877.03	77762.06	135452.87	29158.71	0.8086,0.1019,1.6953,0.0327
sym_mig	Round_4_Replicate_25	-39297.15	78602.3	135372.24	30175.45	0.4427,0.2544,0.8862,0.0567
sym_mig	Round_4_Replicate_26	-40528.0	81064.0	136791.14	29949.41	0.4488,0.2902,1.0315,0.0644
sym_mig	Round_4_Replicate_27	-45300.87	90609.74	183003.55	28032.07	0.5765,0.4182,1.3892,0.089
sym_mig	Round_4_Replicate_28	-42228.64	84465.28	168756.95	29126.82	0.5029,0.3298,0.8409,0.064
sym_mig	Round_4_Replicate_29	-48013.95	96035.9	172580.82	29041.42	0.4041,0.5309,1.7626,0.0948
sym_mig	Round_4_Replicate_30	-48735.64	97479.28	168937.09	25603.1	0.9651,0.3765,1.5591,0.1308
sym_mig	Round_4_Replicate_31	-41875.6	83759.2	125389.78	30312.72	0.3934,0.3209,0.5819,0.0648
sym_mig	Round_4_Replicate_32	-33402.36	66812.72	112431.57	31693.2	0.3523,0.1008,1.2115,0.028
sym_mig	Round_4_Replicate_33	-39659.47	79326.94	158939.12	28862.38	0.8858,0.1072,1.944,0.0321
sym_mig	Round_4_Replicate_34	-39607.35	79222.7	139867.54	29845.45	0.4918,0.2638,1.7589,0.069
sym_mig	Round_4_Replicate_35	-42605.22	85218.44	121802.36	28884.5	0.5855,0.2949,1.2886,0.0938
sym_mig	Round_4_Replicate_36	-44847.75	89703.5	193920.89	28730.92	0.4911,0.4187,1.0962,0.0727
sym_mig	Round_4_Replicate_37	-46509.22	93026.44	159684.96	26425.4	0.8936,0.3325,1.6613,0.115
sym_mig	Round_4_Replicate_38	-36369.38	72746.76	145090.63	30821.03	0.3961,0.1722,0.7016,0.0373
sym_mig	Round_4_Replicate_39	-40234.95	80477.9	147046.53	29481.68	0.5144,0.2673,1.0381,0.0615
sym_mig	Round_4_Replicate_40	-36790.7	73589.4	169827.69	31631.87	0.2917,0.1876,1.1223,0.0332
