Model	Replicate	log-likelihood	AIC	chi-squared	theta	optimized_params(nu1i, nu2i, nu1f, nu2f, m12, m21, T1, T2)
sec_contact_schange	Round_1_Replicate_1	-782975.41	1565966.82	2849731.19	145761.92	0.2186,4.4769,0.781,0.2049,0.3808,0.2326,4.7748,6.8339
sec_contact_schange	Round_1_Replicate_2	-153512.77	307041.54	297540.17	62688.94	0.6876,8.1285,0.3099,0.1583,2.2022,0.5043,6.0274,0.2608
sec_contact_schange	Round_1_Replicate_3	-461472.3	922960.6	1177479.1	75987.5	0.1927,7.3273,1.5346,0.2309,0.3125,0.2069,5.763,0.9489
sec_contact_schange	Round_1_Replicate_4	-819761.76	1639539.52	8209662.96	161219.04	1.7913,0.2325,1.0578,5.9039,2.3243,0.2014,0.1918,0.2365
sec_contact_schange	Round_1_Replicate_5	-339125.46	678266.92	823412.49	210685.45	0.9979,5.2866,0.4943,0.3516,1.7125,0.2255,1.1872,6.1481
sec_contact_schange	Round_1_Replicate_6	-2423287.8	4846591.6	1858416601149.4	56822.23	2.5565,3.4567,8.1979,5.0121,6.4785,0.3094,0.6422,2.1719
sec_contact_schange	Round_1_Replicate_7	-594929.08	1189874.16	4333028.57	47007.47	3.3419,3.8377,1.6499,1.991,0.4687,0.2765,4.5524,0.217
sec_contact_schange	Round_1_Replicate_8	-696404.83	1392825.66	4803512.79	77709.18	2.3778,1.2793,1.5421,2.1446,0.2042,0.1695,2.4987,0.3117
sec_contact_schange	Round_1_Replicate_9	-351377.09	702770.18	728765.48	189394.41	0.4079,3.0372,0.4982,0.6203,0.329,1.1351,0.1218,1.7656
sec_contact_schange	Round_1_Replicate_10	-380137.84	760291.68	867924.14	52325.02	7.6818,0.3251,2.2605,3.925,0.2178,0.3872,1.7423,3.4745
sec_contact_schange	Round_1_Replicate_11	-848631.93	1697279.86	11999001.08	159196.52	0.2824,5.6552,2.707,0.7006,0.3555,3.1771,0.3112,0.3199
sec_contact_schange	Round_1_Replicate_12	-884998.65	1770013.3	3639909.59	153339.84	0.1846,6.9502,0.5277,0.2924,0.1937,0.1206,0.936,2.8804
sec_contact_schange	Round_1_Replicate_13	-904052.46	1808120.92	4125149.5	116515.64	0.5126,0.1635,2.0081,0.2992,0.3889,0.1244,0.7974,3.3114
sec_contact_schange	Round_1_Replicate_14	-714147.99	1428311.98	1954832.37	51778.28	1.0091,6.0361,0.3556,2.669,0.2842,0.2384,7.0639,1.447
sec_contact_schange	Round_1_Replicate_15	-1080109.84	2160235.68	110095254.54	91035.65	0.5616,6.6724,0.3928,5.3339,5.3439,1.963,0.4402,1.182
sec_contact_schange	Round_2_Replicate_1	-290983.78	581983.56	636017.39	73008.25	2.2254,8.5627,0.1826,0.3126,1.4272,0.4419,3.0803,0.2371
sec_contact_schange	Round_2_Replicate_2	-343636.07	687288.14	751462.41	151519.3	0.3576,2.3308,0.2611,0.4074,0.9877,0.301,1.7157,0.4165
sec_contact_schange	Round_2_Replicate_3	-815267.56	1630551.12	5127945.72	26289.32	1.2984,7.1565,1.1709,0.3766,1.6442,0.2185,19.3785,0.1324
sec_contact_schange	Round_2_Replicate_4	-491515.16	983046.32	1200346.25	39787.14	0.2013,7.6357,0.1438,0.5964,6.551,1.5855,9.5145,0.0918
sec_contact_schange	Round_2_Replicate_5	-381401.98	762819.96	850475.93	95767.7	0.2165,6.4807,0.4215,0.05,0.9076,1.5969,5.8699,0.2273
sec_contact_schange	Round_2_Replicate_6	-428396.89	856809.78	2537155.5	74862.01	1.3896,7.2776,0.5289,0.1693,4.818,0.5092,6.5552,0.6758
sec_contact_schange	Round_2_Replicate_7	-277525.14	555066.28	561873.79	60585.68	1.0009,3.8199,0.0909,0.3404,6.6433,0.3285,7.0537,0.0967
sec_contact_schange	Round_2_Replicate_8	-170788.85	341593.7	336086.6	114641.84	0.2409,7.6882,0.4383,0.2445,1.4541,0.3712,2.2868,0.5055
sec_contact_schange	Round_2_Replicate_9	-195101.3	390218.6	370860.91	108296.27	0.2684,15.9134,0.2899,0.2959,2.2718,1.2208,2.5002,0.571
sec_contact_schange	Round_2_Replicate_10	-787749.76	1575515.52	2035029.4	42129.63	0.4631,3.13,0.4865,0.0732,3.9263,0.6968,16.448,0.0866
sec_contact_schange	Round_2_Replicate_11	-695115.52	1390247.04	1954647.7	111504.61	2.3003,13.6936,0.1081,0.6277,0.8591,0.4032,1.9602,1.0013
sec_contact_schange	Round_2_Replicate_12	-173042.34	346100.68	400081.88	109681.76	0.523,8.8377,0.1782,0.2259,5.8872,0.2242,3.8534,0.6409
sec_contact_schange	Round_2_Replicate_13	-376996.23	754008.46	788758.51	139635.84	0.4025,2.3955,0.157,0.2258,1.5411,0.2088,3.882,0.5337
sec_contact_schange	Round_2_Replicate_14	-324946.84	649909.68	721995.08	81061.0	0.2611,3.6628,0.9421,0.3684,1.7248,0.1372,4.1813,0.2523
sec_contact_schange	Round_2_Replicate_15	-531980.06	1063976.12	1278036.59	153239.23	2.5333,3.9496,0.1083,0.1927,0.721,0.7037,2.9276,0.7667
sec_contact_schange	Round_2_Replicate_16	-1097938.43	2195892.86	18951844.03	44872.1	1.284,20.1181,1.0842,0.4413,5.3454,0.7291,2.4313,0.0815
sec_contact_schange	Round_2_Replicate_17	-627990.54	1255997.08	1695033.76	104844.86	0.3707,2.7782,0.1894,0.3495,0.8019,0.436,3.7727,0.2241
sec_contact_schange	Round_2_Replicate_18	-442821.67	885659.34	1275961.04	135886.62	0.5536,6.144,0.2656,0.0949,3.2104,0.2314,4.5093,0.7851
sec_contact_schange	Round_2_Replicate_19	-367150.9	734317.8	1258676.85	56154.18	2.6726,2.4843,0.4682,0.3141,1.8223,1.2994,6.4472,0.118
sec_contact_schange	Round_2_Replicate_20	-442988.69	885993.38	1442707.41	71443.87	0.4636,19.2777,0.4297,0.1269,1.1345,0.4739,3.5813,0.2015
sec_contact_schange	Round_2_Replicate_21	-160100.51	320217.02	309636.8	139157.59	0.4431,3.7967,0.1767,0.0729,2.8028,1.432,2.4713,0.1678
sec_contact_schange	Round_2_Replicate_22	-222194.86	444405.72	498568.34	32473.14	1.3493,24.0701,0.1558,0.0975,2.3991,0.2587,11.2166,0.1926
sec_contact_schange	Round_2_Replicate_23	-338255.99	676527.98	1050660.78	91361.56	2.2283,13.027,0.2911,0.0945,0.9648,0.1297,1.8172,0.1556
sec_contact_schange	Round_2_Replicate_24	-674001.16	1348018.32	1801730.58	51751.07	0.4289,3.8623,0.2585,0.3566,0.7397,0.4891,11.9456,0.2886
sec_contact_schange	Round_2_Replicate_25	-180050.12	360116.24	371516.45	111303.46	1.2241,3.5291,0.7112,0.3348,1.3324,0.4701,1.7545,0.5136
sec_contact_schange	Round_2_Replicate_26	-244712.88	489441.76	508345.74	23391.86	1.2084,15.239,0.9242,0.6059,1.2154,0.2535,17.2721,0.4471
sec_contact_schange	Round_2_Replicate_27	-369860.16	739736.32	939878.31	137328.45	0.2198,24.6323,0.6713,0.0922,0.702,0.4181,2.1398,0.7011
sec_contact_schange	Round_2_Replicate_28	-157165.64	314347.28	333433.78	134635.17	1.9275,14.0245,0.2475,0.1358,2.6794,0.2776,1.6634,0.5834
sec_contact_schange	Round_2_Replicate_29	-313003.72	626023.44	601993.08	71872.4	1.6344,3.1265,0.0934,0.42,4.1339,1.8178,4.9842,0.0998
sec_contact_schange	Round_2_Replicate_30	-204361.84	408739.68	433232.57	75500.67	1.9704,2.1148,0.1786,0.2023,3.6961,1.6532,10.4272,0.4793
sec_contact_schange	Round_3_Replicate_1	-644797.73	1289611.46	9070829.09	77199.0	2.4179,25.445,0.7407,0.1602,6.6925,0.3655,3.6903,0.8173
sec_contact_schange	Round_3_Replicate_2	-491106.49	982228.98	3405864.62	105905.3	0.5969,2.7712,0.9841,0.2276,5.5792,0.2818,1.7917,0.0965
sec_contact_schange	Round_3_Replicate_3	-562936.11	1125888.22	6540665.65	20012.47	0.3164,14.8502,0.9032,0.3261,5.6203,1.3886,20.0138,0.1351
sec_contact_schange	Round_3_Replicate_4	-486798.21	973612.42	2734200.32	40392.48	0.3807,5.0071,0.914,0.1749,2.9565,0.6127,20.5111,0.6559
sec_contact_schange	Round_3_Replicate_5	-519521.19	1039058.38	1360100.52	36757.35	0.4911,15.0971,0.1524,0.0947,1.2086,0.9054,13.6871,0.1862
sec_contact_schange	Round_3_Replicate_6	-135703.82	271423.64	317368.06	30647.49	1.7369,20.0789,0.366,0.2408,2.6323,0.6344,12.7722,0.4527
sec_contact_schange	Round_3_Replicate_7	-189304.23	378624.46	397919.23	69064.26	0.39,5.7052,0.1349,0.1735,6.2154,1.1908,6.3373,0.1967
sec_contact_schange	Round_3_Replicate_8	-303892.91	607801.82	701789.03	80026.47	0.3983,2.9112,0.1586,0.4711,6.178,0.6908,5.1697,0.1328
sec_contact_schange	Round_3_Replicate_9	-473398.02	946812.04	1811115.63	99093.98	0.187,3.3214,0.472,0.5168,5.498,1.3267,2.4577,0.1259
sec_contact_schange	Round_3_Replicate_10	-340362.18	680740.36	725718.96	104654.77	0.7555,2.6822,0.2441,0.409,0.9692,0.999,3.5198,0.2829
sec_contact_schange	Round_3_Replicate_11	-428639.76	857295.52	1874498.44	87853.29	1.0842,3.4661,0.3966,0.1642,1.2395,0.1883,3.4084,0.1362
sec_contact_schange	Round_3_Replicate_12	-150652.64	301321.28	271086.59	108980.99	0.389,6.4562,0.5523,0.2855,1.0445,1.0232,3.9486,0.973
sec_contact_schange	Round_3_Replicate_13	-190773.53	381563.06	435399.84	135062.46	0.9026,3.9344,0.3148,0.0677,1.2054,1.6055,2.2554,0.1914
sec_contact_schange	Round_3_Replicate_14	-120959.95	241935.9	239462.07	73250.07	0.8003,8.7299,0.2716,0.1585,3.1531,0.917,4.7747,0.3156
sec_contact_schange	Round_3_Replicate_15	-423266.04	846548.08	1447602.72	40757.11	1.6344,19.3375,1.1666,0.081,3.8055,0.4283,5.666,0.2747
sec_contact_schange	Round_3_Replicate_16	-277058.86	554133.72	597923.86	82557.63	0.5602,4.5777,0.4354,0.1797,1.2933,0.1556,4.8251,0.2996
sec_contact_schange	Round_3_Replicate_17	-176737.14	353490.28	346577.55	170873.48	0.8142,4.7495,0.1427,0.2075,4.9084,1.7779,1.5652,0.4839
sec_contact_schange	Round_3_Replicate_18	-706571.9	1413159.8	2499712.46	106616.43	0.1943,6.3398,0.9023,0.4541,0.555,0.7118,1.7638,0.2425
sec_contact_schange	Round_3_Replicate_19	-378680.48	757376.96	1834635.82	55923.83	0.4824,2.6744,0.7311,0.3167,3.0432,0.7833,11.9382,0.4456
sec_contact_schange	Round_3_Replicate_20	-149531.73	299079.46	357521.2	27559.8	0.444,27.1629,0.2123,0.1074,5.3026,0.1778,18.3764,0.3823
sec_contact_schange	Round_3_Replicate_21	-351988.51	703993.02	765585.74	114403.33	0.5744,4.314,0.3533,0.5429,2.2599,1.374,1.569,0.2457
sec_contact_schange	Round_3_Replicate_22	-447613.83	895243.66	2674459.25	69000.49	0.1834,4.054,0.56,0.0888,6.2966,1.6376,8.4952,0.2785
sec_contact_schange	Round_3_Replicate_23	-830197.95	1660411.9	4500723.45	29887.08	0.9687,18.1893,0.4506,0.0624,0.592,0.8916,15.5188,0.1236
sec_contact_schange	Round_3_Replicate_24	-138635.38	277286.76	261462.22	164047.65	1.7608,3.2325,0.129,0.146,3.3759,0.3478,1.7086,0.3288
sec_contact_schange	Round_3_Replicate_25	-373506.65	747029.3	1535471.69	90081.77	1.6803,5.0598,0.3112,0.0845,0.9214,0.3286,2.8333,0.1363
sec_contact_schange	Round_3_Replicate_26	-1087067.24	2174150.48	4108940.06	45457.65	0.1839,7.8767,0.1255,0.1185,0.7053,0.2309,12.0564,0.1624
sec_contact_schange	Round_3_Replicate_27	-763182.87	1526381.74	7061120.69	97009.79	0.3892,5.2024,1.1417,0.0818,1.0449,0.1562,2.9684,0.1196
sec_contact_schange	Round_3_Replicate_28	-139392.02	278800.04	263331.75	36460.53	0.6031,16.6112,0.2023,0.1539,2.9383,0.1991,13.7027,0.3987
sec_contact_schange	Round_3_Replicate_29	-234444.03	468904.06	549923.29	57497.18	0.6225,6.9693,0.1412,0.2261,5.9994,1.6284,8.5655,0.2889
sec_contact_schange	Round_3_Replicate_30	-236239.31	472494.62	511444.47	48329.88	0.7186,10.8498,0.7242,0.3164,0.8356,0.3358,7.7898,0.4461
sec_contact_schange	Round_3_Replicate_31	-448223.52	896463.04	1050954.57	41261.2	0.227,12.5906,0.1579,0.049,2.14,0.1317,12.6757,0.1461
sec_contact_schange	Round_3_Replicate_32	-596610.74	1193237.48	1587951.42	126566.18	0.2315,2.6325,0.1602,0.1174,1.3793,0.1435,3.2699,0.1481
sec_contact_schange	Round_3_Replicate_33	-657199.07	1314414.14	1552523.76	36988.26	0.3418,3.5766,0.1388,0.1511,2.4206,0.4852,20.6845,0.155
sec_contact_schange	Round_3_Replicate_34	-371626.92	743269.84	1303898.71	57174.86	1.6884,15.8938,1.1594,0.0789,1.9562,2.0556,5.7341,0.4885
sec_contact_schange	Round_3_Replicate_35	-603241.16	1206498.32	9644674.18	22190.87	1.6599,17.0164,1.1978,0.1668,5.3022,0.5709,19.0561,0.4211
sec_contact_schange	Round_3_Replicate_36	-359787.22	719590.44	908847.96	40992.04	0.3268,6.4231,0.2622,0.4406,3.039,1.6449,13.9878,0.3119
sec_contact_schange	Round_3_Replicate_37	-212108.09	424232.18	555065.64	124102.86	0.4698,2.8589,0.1777,0.2268,5.9815,1.2667,2.9158,0.2517
sec_contact_schange	Round_3_Replicate_38	-518949.18	1037914.36	2149659.87	64610.36	0.7425,2.1414,0.5162,0.0997,5.1958,0.7259,9.3872,0.1547
sec_contact_schange	Round_3_Replicate_39	-227209.93	454435.86	818656.01	72004.87	1.6997,15.2444,0.2693,0.1756,4.2503,0.5408,2.6886,0.25
sec_contact_schange	Round_3_Replicate_40	-598648.22	1197312.44	1608293.68	69523.42	0.4937,16.5751,0.1535,0.4608,0.9093,0.1347,4.5325,0.6588
sec_contact_schange	Round_3_Replicate_41	-102578.37	205172.74	197715.46	123166.15	2.3407,22.35,0.1032,0.0821,6.2064,1.9228,2.1739,0.3223
sec_contact_schange	Round_3_Replicate_42	-269410.51	538837.02	724455.12	120525.4	1.5559,26.5632,0.276,0.0899,0.6594,0.599,1.9621,0.3498
sec_contact_schange	Round_3_Replicate_43	-197870.55	395757.1	375381.03	223238.77	0.3625,2.1435,0.1128,0.1767,3.8029,0.5431,1.7328,0.4603
sec_contact_schange	Round_3_Replicate_44	-553497.34	1107010.68	6017170.01	55038.53	2.6683,2.2033,0.9013,0.1581,5.3586,1.4474,6.9041,0.1085
sec_contact_schange	Round_3_Replicate_45	-543981.82	1087979.64	24976110.92	51868.82	0.5004,27.8703,0.4397,0.5699,6.641,1.0591,5.6243,1.0157
sec_contact_schange	Round_3_Replicate_46	-418229.53	836475.06	1293499.93	70710.32	1.3269,11.3136,0.2312,0.0427,0.7653,1.1066,5.8038,0.1502
sec_contact_schange	Round_3_Replicate_47	-138379.66	276775.32	312934.11	21051.36	1.7896,24.3281,0.1886,0.0674,5.3905,0.1758,18.2758,0.1494
sec_contact_schange	Round_3_Replicate_48	-183764.59	367545.18	343769.14	93437.32	1.2486,3.799,0.3488,0.2772,1.046,0.8249,6.0976,0.9561
sec_contact_schange	Round_3_Replicate_49	-433480.52	866977.04	916676.01	52720.98	1.8851,2.9844,0.2932,0.1089,1.5539,0.5449,11.3945,0.2068
sec_contact_schange	Round_3_Replicate_50	-204832.57	409681.14	414862.6	42216.84	0.1672,7.1609,0.1301,0.0615,7.7327,0.4147,13.4314,0.1137
sec_contact_schange	Round_4_Replicate_1	-96172.81	192361.62	182412.17	108231.0	3.2382,27.094,0.0774,0.0639,7.2383,2.7691,2.6026,0.2531
sec_contact_schange	Round_4_Replicate_2	-125611.72	251239.44	238110.52	95939.21	2.9653,24.9575,0.102,0.1319,6.4221,0.9937,3.7058,0.5101
sec_contact_schange	Round_4_Replicate_3	-95891.35	191798.7	193702.18	89333.18	2.8561,15.0159,0.1032,0.0709,5.5904,1.2328,3.161,0.2246
sec_contact_schange	Round_4_Replicate_4	-101590.86	203197.72	185754.16	121559.65	1.9495,17.8384,0.0923,0.08,5.5207,1.9698,2.3269,0.2849
sec_contact_schange	Round_4_Replicate_5	-159643.88	319303.76	303592.09	113335.63	2.2749,21.081,0.0987,0.0918,4.8773,2.1959,4.1024,0.5544
sec_contact_schange	Round_4_Replicate_6	-95073.91	190163.82	180282.85	145188.08	1.2408,20.5016,0.0716,0.0493,7.6741,1.9622,1.5985,0.183
sec_contact_schange	Round_4_Replicate_7	-151707.22	303430.44	292865.55	118265.73	2.3123,12.3852,0.0833,0.1356,5.9017,1.0007,3.2612,0.4738
sec_contact_schange	Round_4_Replicate_8	-118057.63	236131.26	256455.37	134637.28	4.0608,17.3584,0.1497,0.0968,4.9367,1.8903,1.5757,0.3752
sec_contact_schange	Round_4_Replicate_9	-134712.29	269440.58	264681.88	103729.12	3.8722,15.9723,0.0912,0.0816,7.0414,2.9181,3.8765,0.4013
sec_contact_schange	Round_4_Replicate_10	-113257.13	226530.26	211712.75	139993.98	2.2268,25.3779,0.1056,0.0831,5.6707,2.8656,2.0312,0.3835
sec_contact_schange	Round_4_Replicate_11	-160613.47	321242.94	307100.42	190808.49	5.2011,22.8707,0.0753,0.1233,6.4369,1.4595,1.322,0.6077
sec_contact_schange	Round_4_Replicate_12	-103333.5	206683.0	206874.55	90428.3	2.1755,15.4164,0.1318,0.0842,3.8112,1.2346,2.8468,0.2262
sec_contact_schange	Round_4_Replicate_13	-97755.08	195526.16	184763.88	102284.59	3.5589,28.3044,0.0706,0.0688,8.1304,1.4202,2.8573,0.2672
sec_contact_schange	Round_4_Replicate_14	-135158.98	270333.96	253683.94	145994.65	3.1806,20.054,0.0886,0.0987,6.4499,1.6346,2.2208,0.4874
sec_contact_schange	Round_4_Replicate_15	-93709.78	187435.56	175176.6	171480.46	1.9686,14.8047,0.0884,0.0537,5.4831,3.422,1.1969,0.2064
sec_contact_schange	Round_4_Replicate_16	-175150.52	350317.04	453602.14	115201.72	4.7239,18.5856,0.1606,0.0668,6.4437,1.5034,1.6393,0.2547
sec_contact_schange	Round_4_Replicate_17	-89638.96	179293.92	170826.6	96354.88	2.4999,24.8569,0.125,0.065,3.7538,3.1689,3.0465,0.2491
sec_contact_schange	Round_4_Replicate_18	-92908.54	185833.08	173405.32	130402.39	3.1825,8.7467,0.1009,0.0657,3.4779,3.1998,1.9877,0.2185
sec_contact_schange	Round_4_Replicate_19	-92484.12	184984.24	183440.47	75888.55	2.2274,18.3755,0.0938,0.0574,5.7794,1.4595,4.2336,0.2053
sec_contact_schange	Round_4_Replicate_20	-108961.75	217939.5	216203.87	152441.49	3.8132,16.2571,0.105,0.0921,5.6986,2.3049,1.2193,0.2898
sec_contact_schange	Round_4_Replicate_21	-90392.79	180801.58	167041.74	108469.13	1.3676,20.9163,0.1269,0.0556,3.765,3.6424,3.2483,0.2467
sec_contact_schange	Round_4_Replicate_22	-136091.13	272198.26	349898.03	92162.02	1.3994,21.6611,0.0989,0.0802,9.6699,2.6728,3.2383,0.2596
sec_contact_schange	Round_4_Replicate_23	-104099.34	208214.68	195840.71	122451.65	2.8809,16.4357,0.0742,0.0718,7.9577,2.3707,2.3723,0.2646
sec_contact_schange	Round_4_Replicate_24	-90460.91	180937.82	174406.72	77001.58	4.3875,15.6809,0.1443,0.0892,2.9145,2.0675,4.0219,0.3009
sec_contact_schange	Round_4_Replicate_25	-91406.74	182829.48	181863.98	92547.61	1.5269,22.9017,0.1117,0.0542,5.2228,2.2647,3.0882,0.2007
sec_contact_schange	Round_4_Replicate_26	-96385.8	192787.6	187694.77	133220.04	1.6721,20.998,0.0781,0.0553,7.471,1.4025,1.7579,0.203
sec_contact_schange	Round_4_Replicate_27	-119980.44	239976.88	214599.42	172258.95	3.1211,27.481,0.1584,0.1196,2.9647,2.6364,1.2091,0.5904
sec_contact_schange	Round_4_Replicate_28	-111564.36	223144.72	227963.87	118744.52	3.7299,26.0947,0.1854,0.1199,3.207,1.1551,1.5745,0.3905
sec_contact_schange	Round_4_Replicate_29	-115561.95	231139.9	210827.99	120081.38	3.1465,25.9709,0.1449,0.1451,3.8932,1.3421,2.2698,0.5822
sec_contact_schange	Round_4_Replicate_30	-98202.21	196420.42	189661.37	133168.55	1.1818,18.9509,0.0751,0.0549,8.0856,1.0777,1.8485,0.1985
sec_contact_schange	Round_4_Replicate_31	-95200.34	190416.68	184718.08	97445.45	4.2331,21.5287,0.0632,0.058,8.8687,1.093,3.0209,0.2154
sec_contact_schange	Round_4_Replicate_32	-178134.87	356285.74	404023.48	191078.78	4.8121,20.1191,0.1495,0.0783,4.4595,2.4398,1.1878,0.6112
sec_contact_schange	Round_4_Replicate_33	-115109.09	230234.18	215690.55	116438.87	3.7453,27.3068,0.1926,0.1173,2.773,2.7216,2.6538,0.6079
sec_contact_schange	Round_4_Replicate_34	-92403.61	184823.22	177994.79	120995.15	4.3907,19.5372,0.0578,0.0474,8.5013,2.4908,2.1439,0.1855
sec_contact_schange	Round_4_Replicate_35	-86262.81	172541.62	162301.98	75194.97	3.2318,19.6625,0.1467,0.0713,2.8777,3.1784,4.5771,0.2698
sec_contact_schange	Round_4_Replicate_36	-92508.81	185033.62	170839.26	116697.27	1.5385,22.534,0.1549,0.0689,3.2514,3.6017,2.7486,0.2905
sec_contact_schange	Round_4_Replicate_37	-100609.73	201235.46	204366.55	120259.7	1.6301,28.9088,0.0888,0.055,6.9932,1.0742,1.946,0.2136
sec_contact_schange	Round_4_Replicate_38	-115312.35	230640.7	219759.14	105798.84	4.3904,22.8687,0.1202,0.0999,4.8239,1.7725,3.1743,0.482
sec_contact_schange	Round_4_Replicate_39	-111658.14	223332.28	204019.97	152988.5	3.0432,19.0867,0.1178,0.0827,3.8492,3.022,1.8006,0.4099
sec_contact_schange	Round_4_Replicate_40	-127337.2	254690.4	237199.82	180394.25	4.3246,18.5986,0.1356,0.0993,3.8164,3.0275,1.2523,0.5598
sec_contact_schange	Round_4_Replicate_41	-95199.07	190414.14	178788.68	121102.61	2.681,16.6153,0.1386,0.0859,3.4786,2.328,2.1366,0.3178
sec_contact_schange	Round_4_Replicate_42	-96600.77	193217.54	186471.98	96256.86	4.5768,25.3088,0.0525,0.0523,9.759,1.0288,2.9099,0.1865
sec_contact_schange	Round_4_Replicate_43	-98576.21	197168.42	191576.41	120947.44	3.4069,12.8633,0.1099,0.0815,4.0412,1.3624,1.9995,0.2645
sec_contact_schange	Round_4_Replicate_44	-117350.51	234717.02	232912.56	103421.58	4.8494,22.22,0.134,0.1142,4.9763,2.2828,2.9781,0.485
sec_contact_schange	Round_4_Replicate_45	-139985.7	279987.4	269404.78	97420.87	2.1022,27.4611,0.0946,0.102,6.8596,1.412,4.283,0.5134
sec_contact_schange	Round_4_Replicate_46	-109480.46	218976.92	199065.37	98627.2	1.7573,29.6904,0.1727,0.1456,3.1626,1.2336,3.0281,0.5359
sec_contact_schange	Round_4_Replicate_47	-110462.72	220941.44	207196.62	144058.87	4.2483,24.3974,0.0979,0.0753,5.5945,3.1945,1.8904,0.379
sec_contact_schange	Round_4_Replicate_48	-99716.73	199449.46	192999.14	81112.31	4.8619,22.4738,0.0906,0.0842,6.6439,1.0564,4.1734,0.3255
sec_contact_schange	Round_4_Replicate_49	-97660.71	195337.42	197102.09	72800.31	2.1178,23.6052,0.1577,0.0916,4.0519,1.7209,4.0644,0.2885
sec_contact_schange	Round_4_Replicate_50	-90889.38	181794.76	171403.45	138627.24	1.4253,18.7533,0.1148,0.0528,3.9777,3.255,1.8939,0.2138
sec_contact_schange	Round_4_Replicate_51	-101894.37	203804.74	206235.45	113608.63	1.4269,23.3121,0.0838,0.0618,8.5949,2.4139,2.4005,0.2266
sec_contact_schange	Round_4_Replicate_52	-94430.48	188876.96	183031.17	88193.05	4.1591,23.2349,0.0608,0.0562,9.1225,1.1206,3.4587,0.208
sec_contact_schange	Round_4_Replicate_53	-102544.31	205104.62	192794.21	77554.76	1.8676,12.0071,0.1328,0.1043,4.5075,1.4568,4.7139,0.3064
sec_contact_schange	Round_4_Replicate_54	-95534.77	191085.54	184426.46	88748.77	3.5887,20.0711,0.0612,0.0559,8.1223,1.0489,3.3688,0.1931
sec_contact_schange	Round_4_Replicate_55	-115417.98	230851.96	226652.86	111113.72	2.5363,28.6645,0.1507,0.0985,4.2216,3.3988,2.7758,0.4252
sec_contact_schange	Round_4_Replicate_56	-135528.82	271073.64	246868.85	168508.76	2.8887,24.7779,0.1095,0.1472,4.1018,1.1017,1.1363,0.5354
sec_contact_schange	Round_4_Replicate_57	-107101.98	214219.96	229416.49	93718.27	1.5319,15.9364,0.1285,0.0586,4.9309,0.9703,2.7293,0.1876
sec_contact_schange	Round_4_Replicate_58	-193255.01	386526.02	485976.91	102113.38	2.3706,21.9022,0.1209,0.1218,8.5507,2.67,3.8104,0.5553
sec_contact_schange	Round_4_Replicate_59	-141117.39	282250.78	274123.97	155512.69	3.3979,14.356,0.1493,0.1169,4.1058,3.7002,1.7443,0.5518
sec_contact_schange	Round_4_Replicate_60	-168377.74	336771.48	339932.1	151354.13	1.4155,17.6043,0.0609,0.1052,11.2379,2.5781,1.465,0.2635
sec_contact_schange	Round_4_Replicate_61	-87381.92	174779.84	166509.52	85807.85	2.223,18.1632,0.1163,0.0545,4.2461,3.4824,4.0444,0.2242
sec_contact_schange	Round_4_Replicate_62	-115859.67	231735.34	212193.82	161935.38	2.6427,24.3395,0.0942,0.0838,5.7896,2.7857,1.5614,0.3861
sec_contact_schange	Round_4_Replicate_63	-95067.98	190151.96	178812.42	133627.69	2.0638,20.8759,0.0856,0.0592,6.1085,2.4999,1.9501,0.2415
sec_contact_schange	Round_4_Replicate_64	-100908.11	201832.22	193239.98	82211.16	1.6799,17.4833,0.0902,0.0732,7.0612,2.0844,4.2248,0.2483
sec_contact_schange	Round_4_Replicate_65	-105370.2	210756.4	196724.3	163706.26	2.1636,13.3606,0.1567,0.1015,3.1327,1.687,1.1841,0.3771
sec_contact_schange	Round_4_Replicate_66	-104192.93	208401.86	192204.37	135682.93	3.6787,23.8293,0.1737,0.1211,2.8496,1.994,1.5837,0.4813
sec_contact_schange	Round_4_Replicate_67	-126270.04	252556.08	232732.98	155307.51	1.4575,25.5085,0.1099,0.095,5.1449,2.3257,1.8905,0.4626
sec_contact_schange	Round_4_Replicate_68	-106169.01	212354.02	221081.42	84962.81	4.5307,15.9011,0.0974,0.0785,5.3115,3.3769,3.2827,0.2279
sec_contact_schange	Round_4_Replicate_69	-88375.02	176766.04	168051.97	77341.01	3.0845,12.4827,0.1313,0.0756,3.6013,2.4527,4.2892,0.2431
sec_contact_schange	Round_4_Replicate_70	-121314.76	242645.52	222255.19	149200.41	2.3791,18.2602,0.1243,0.107,4.4522,2.7413,1.8343,0.4585
sec_contact_schange	Round_4_Replicate_71	-96765.19	193546.38	190375.09	109836.42	2.2982,25.2543,0.0894,0.0624,6.1085,1.344,2.3875,0.2412
sec_contact_schange	Round_4_Replicate_72	-147483.09	294982.18	279500.85	190462.92	2.6212,21.8935,0.0948,0.1059,6.4817,1.7922,1.3702,0.5811
sec_contact_schange	Round_4_Replicate_73	-104698.3	209412.6	198214.02	150445.43	1.6236,24.2992,0.1539,0.0947,4.0261,2.079,1.4388,0.3823
sec_contact_schange	Round_4_Replicate_74	-102409.47	204834.94	196625.11	160668.45	4.7246,17.2249,0.0997,0.084,5.1395,0.9921,1.1214,0.2939
sec_contact_schange	Round_4_Replicate_75	-155742.23	311500.46	291263.6	194895.72	3.1439,14.1221,0.1147,0.0794,3.6734,4.3837,1.8512,0.6002
sec_contact_schange	Round_4_Replicate_76	-135126.5	270269.0	247479.24	171841.03	4.6315,16.4695,0.1053,0.1321,4.6175,1.2019,1.4007,0.5851
sec_contact_schange	Round_4_Replicate_77	-92824.83	185665.66	178781.59	106137.34	4.4716,21.2092,0.0968,0.0621,4.0111,2.8415,2.6401,0.259
sec_contact_schange	Round_4_Replicate_78	-93447.13	186910.26	178980.93	85546.82	1.8688,24.19,0.1119,0.075,5.0193,1.5661,3.6056,0.2743
sec_contact_schange	Round_4_Replicate_79	-116216.35	232448.7	223297.39	161093.41	1.6212,23.902,0.1732,0.1217,3.8893,1.1694,1.1734,0.5104
sec_contact_schange	Round_4_Replicate_80	-99634.08	199284.16	186588.98	166176.27	2.3414,23.0413,0.1376,0.0763,3.5423,2.7028,1.1923,0.3317
sec_contact_schange	Round_4_Replicate_81	-107691.47	215398.94	226418.06	128804.26	2.2188,22.318,0.1266,0.0575,4.2446,1.5063,1.5511,0.2141
sec_contact_schange	Round_4_Replicate_82	-154277.82	308571.64	305789.94	168713.38	1.8295,14.8883,0.0861,0.1151,8.6354,1.4917,1.8149,0.4986
sec_contact_schange	Round_4_Replicate_83	-91562.98	183141.96	176429.63	72062.37	3.3014,18.3397,0.0821,0.0617,5.8119,1.5518,4.6103,0.2152
sec_contact_schange	Round_4_Replicate_84	-115795.13	231606.26	222627.85	177989.58	1.7729,23.8306,0.0921,0.0913,7.6646,1.0275,1.1226,0.3625
sec_contact_schange	Round_4_Replicate_85	-97788.28	195592.56	184785.59	142075.35	1.6984,25.2387,0.145,0.0779,3.2743,2.0579,1.5528,0.3011
sec_contact_schange	Round_4_Replicate_86	-135355.68	270727.36	272410.95	139622.99	2.2788,23.5835,0.0881,0.0946,8.1316,3.1746,1.9068,0.3571
sec_contact_schange	Round_4_Replicate_87	-99656.23	199328.46	201598.47	135596.47	1.5321,11.9551,0.1226,0.0583,4.6592,1.6948,1.5935,0.1906
sec_contact_schange	Round_4_Replicate_88	-95029.98	190075.96	180792.43	170264.7	2.117,28.7308,0.0871,0.0521,6.1708,3.1014,1.1595,0.2285
sec_contact_schange	Round_4_Replicate_89	-121298.76	242613.52	231093.65	106776.74	2.1315,18.9941,0.1105,0.1298,6.1031,1.322,2.8946,0.4299
sec_contact_schange	Round_4_Replicate_90	-99440.15	198896.3	197189.37	131346.07	3.9646,24.6274,0.0775,0.0601,7.998,2.0774,1.8954,0.2563
sec_contact_schange	Round_4_Replicate_91	-127861.36	255738.72	245323.63	126536.88	1.2829,13.5439,0.1057,0.0946,6.2677,1.5845,2.7855,0.3945
sec_contact_schange	Round_4_Replicate_92	-94504.45	189024.9	184883.1	103503.27	1.3999,16.8874,0.0746,0.0484,8.4983,2.4125,2.9856,0.185
sec_contact_schange	Round_4_Replicate_93	-177633.2	355282.4	349602.33	139444.95	1.6108,21.479,0.0793,0.0983,4.7179,1.2854,2.6604,0.4876
sec_contact_schange	Round_4_Replicate_94	-105816.96	211649.92	201603.51	75402.75	2.078,12.0047,0.077,0.076,7.9318,1.3924,5.2363,0.2302
sec_contact_schange	Round_4_Replicate_95	-121813.9	243643.8	226233.29	99159.31	1.7597,28.2151,0.141,0.099,3.698,1.9264,3.9668,0.5119
sec_contact_schange	Round_4_Replicate_96	-94840.34	189696.68	179026.46	99915.02	1.9719,16.5418,0.1554,0.0905,3.5746,2.2235,2.9701,0.3106
sec_contact_schange	Round_4_Replicate_97	-127756.72	255529.44	234407.32	126644.61	2.1457,26.5313,0.127,0.1352,4.4303,2.156,2.116,0.4812
sec_contact_schange	Round_4_Replicate_98	-96487.07	192990.14	194692.01	105601.99	3.6692,13.0838,0.1,0.0617,3.9389,2.0611,2.4156,0.2046
sec_contact_schange	Round_4_Replicate_99	-141616.24	283248.48	264740.21	119284.17	2.2397,13.1395,0.1314,0.1338,3.9335,1.0909,3.2135,0.5996
sec_contact_schange	Round_4_Replicate_100	-97560.59	195137.18	199656.59	79067.96	4.9949,19.2013,0.0816,0.0646,6.1889,1.2988,3.5175,0.2056
