Model	Replicate	log-likelihood	AIC	chi-squared	theta	optimized_params(nu1, nu2, m12, m21, T)
asym_mig	Round_1_Replicate_1	-140053.66	280117.32	674567.76	14225.71	6.283,0.2323,0.2085,0.8081,0.4352
asym_mig	Round_1_Replicate_2	-132607.28	265224.56	160633687.83	14019.62	2.2496,3.7965,0.2649,7.2586,0.7776
asym_mig	Round_1_Replicate_3	-175123.03	350256.06	740331.88	22170.57	0.2866,0.8394,0.2859,0.5609,6.3652
asym_mig	Round_1_Replicate_4	-55830.57	111671.14	131276.05	30943.0	0.3755,0.4165,1.5352,1.4713,0.2138
asym_mig	Round_1_Replicate_5	-61571.91	123153.82	203654.38	10229.87	2.6659,0.9334,1.3163,0.5109,5.752
asym_mig	Round_1_Replicate_6	-76774.62	153559.24	302144.33	13413.52	1.8102,1.5977,1.5671,0.2109,0.9189
asym_mig	Round_1_Replicate_7	-63279.23	126568.46	374444.4	20455.55	1.0655,0.5457,0.2327,4.5406,2.2795
asym_mig	Round_1_Replicate_8	-149861.24	299732.48	1988874315.93	7350.62	4.2652,3.9421,1.0657,7.375,2.5207
asym_mig	Round_1_Replicate_9	-49636.51	99283.02	139565.56	26657.87	0.8896,0.1944,0.8975,4.6125,0.3905
asym_mig	Round_1_Replicate_10	-101641.92	203293.84	302888.3	15230.38	1.1218,3.4721,0.2479,0.2951,0.5136
asym_mig	Round_2_Replicate_1	-69211.16	138432.32	189264.44	28851.71	0.4049,0.6185,1.1146,2.8911,0.4442
asym_mig	Round_2_Replicate_2	-45408.45	90826.9	155912.62	35217.61	0.6277,0.1438,0.8462,9.6758,1.1255
asym_mig	Round_2_Replicate_3	-121725.33	243460.66	511045.11	47317.5	0.3508,0.128,0.3017,1.8776,1.542
asym_mig	Round_2_Replicate_4	-62794.24	125598.48	275003.52	21728.75	1.6159,0.4765,0.2572,2.7421,0.193
asym_mig	Round_2_Replicate_5	-46499.51	93009.02	171307.39	26631.06	1.0885,0.1016,0.6201,12.882,0.2347
asym_mig	Round_2_Replicate_6	-68973.4	137956.8	1548673.6	22339.72	1.2435,0.4105,0.3935,9.4408,0.3868
asym_mig	Round_2_Replicate_7	-60869.74	121749.48	318597.51	20932.04	2.0763,0.142,2.3907,10.3473,0.3464
asym_mig	Round_2_Replicate_8	-54086.28	108182.56	264100.11	26350.48	0.5948,0.7534,0.8932,1.2941,0.1077
asym_mig	Round_2_Replicate_9	-61694.15	123398.3	170152.45	28182.99	0.728,0.2316,0.2488,2.5019,0.2632
asym_mig	Round_2_Replicate_10	-47581.43	95172.86	198414.06	28388.74	0.5535,0.409,0.3245,2.8447,0.0913
asym_mig	Round_2_Replicate_11	-61998.88	124007.76	174811.57	26924.21	1.5113,0.077,1.7156,4.3755,0.0885
asym_mig	Round_2_Replicate_12	-125672.4	251354.8	643335.48	24143.4	1.0986,0.076,0.2314,1.6993,1.148
asym_mig	Round_2_Replicate_13	-47382.37	94774.74	224901.15	36220.89	0.4178,0.1961,0.2567,11.7334,0.2195
asym_mig	Round_2_Replicate_14	-37518.76	75047.52	100490.32	36004.3	0.301,0.1214,0.6903,9.6987,0.0797
asym_mig	Round_2_Replicate_15	-79854.81	159719.62	248714.94	18089.33	2.8409,0.3058,0.3691,2.0888,0.3256
asym_mig	Round_2_Replicate_16	-136470.45	272950.9	772878.7	14487.13	3.3288,0.0748,0.685,2.006,1.187
asym_mig	Round_2_Replicate_17	-77229.45	154468.9	256883.42	16409.65	2.6708,0.1606,0.3065,4.4158,0.6564
asym_mig	Round_2_Replicate_18	-69208.59	138427.18	223885.76	24861.13	1.2478,0.1649,2.2121,2.1546,0.6769
asym_mig	Round_2_Replicate_19	-42719.6	85449.2	152759.31	27970.9	0.8821,0.1618,2.6827,7.1563,0.1906
asym_mig	Round_2_Replicate_20	-39822.83	79655.66	118873.43	41588.08	0.4939,0.1211,2.9171,8.9696,1.2281
asym_mig	Round_3_Replicate_1	-46875.94	93761.88	153785.56	29952.54	0.6397,0.2198,0.4633,6.7931,0.2447
asym_mig	Round_3_Replicate_2	-32409.06	64828.12	99299.89	35021.41	0.2243,0.08,0.6191,11.4984,0.0328
asym_mig	Round_3_Replicate_3	-33455.53	66921.06	114695.53	32878.96	0.274,0.1254,1.5104,3.4556,0.0334
asym_mig	Round_3_Replicate_4	-39738.32	79486.64	140675.78	28990.36	0.9436,0.0867,2.6444,3.5474,0.0308
asym_mig	Round_3_Replicate_5	-39765.32	79540.64	134929.07	29014.94	0.8254,0.1135,1.9193,4.5245,0.0452
asym_mig	Round_3_Replicate_6	-48219.47	96448.94	108688.63	40046.55	0.2497,0.1107,0.2948,6.7738,0.1082
asym_mig	Round_3_Replicate_7	-46632.39	93274.78	188043.06	26931.76	0.9837,0.2222,0.2049,4.6799,0.0853
asym_mig	Round_3_Replicate_8	-43291.56	86593.12	233889.02	34332.72	0.1799,0.2044,2.0262,10.2622,0.0374
asym_mig	Round_3_Replicate_9	-56899.99	113809.98	117271.62	38098.23	0.1589,0.1983,0.1512,4.0968,0.0688
asym_mig	Round_3_Replicate_10	-42354.06	84718.12	97558.72	37164.31	0.2769,0.1327,0.7573,6.2885,0.0942
asym_mig	Round_3_Replicate_11	-51712.58	103435.16	225698.36	28177.91	0.6351,0.3618,0.3113,5.611,0.172
asym_mig	Round_3_Replicate_12	-41388.94	82787.88	171153.5	29582.75	0.5316,0.2457,0.4243,3.476,0.0643
asym_mig	Round_3_Replicate_13	-36615.15	73240.3	103642.99	34486.86	0.1789,0.144,0.2388,3.1763,0.0317
asym_mig	Round_3_Replicate_14	-51905.59	103821.18	170361.67	26179.06	0.7978,0.402,0.398,2.9032,0.16
asym_mig	Round_3_Replicate_15	-34550.07	69110.14	103330.83	38069.49	0.267,0.1122,2.2933,12.3171,0.089
asym_mig	Round_3_Replicate_16	-30617.02	61244.04	106057.97	35543.7	0.2243,0.0614,2.281,18.6136,0.032
asym_mig	Round_3_Replicate_17	-39132.38	78274.76	140456.6	29862.46	0.7556,0.0496,0.4573,22.7663,0.0356
asym_mig	Round_3_Replicate_18	-40736.44	81482.88	125329.9	49636.36	0.2327,0.0879,0.2759,19.4606,0.1674
asym_mig	Round_3_Replicate_19	-39690.39	79390.78	149982.83	28972.74	0.8045,0.1106,0.4015,3.9745,0.036
asym_mig	Round_3_Replicate_20	-33875.68	67761.36	111160.35	32618.2	0.3345,0.1119,1.1462,5.983,0.0389
asym_mig	Round_3_Replicate_21	-31302.36	62614.72	108195.03	32865.1	0.2351,0.0513,0.326,8.4905,0.0167
asym_mig	Round_3_Replicate_22	-36365.05	72740.1	130331.14	32485.75	0.399,0.1227,0.3923,9.8715,0.0559
asym_mig	Round_3_Replicate_23	-34086.33	68182.66	97137.27	36315.13	0.25,0.0942,1.0628,12.1231,0.0532
asym_mig	Round_3_Replicate_24	-32707.43	65424.86	116834.31	35049.34	0.355,0.0805,2.008,16.7951,0.0678
asym_mig	Round_3_Replicate_25	-66449.71	132909.42	182721.46	40292.13	0.3345,0.1222,0.6115,3.4929,0.2411
asym_mig	Round_3_Replicate_26	-37700.47	75410.94	127754.66	33014.68	0.5762,0.0863,0.3069,15.6907,0.1461
asym_mig	Round_3_Replicate_27	-65894.41	131798.82	184639.44	39241.78	0.2179,0.2896,0.5352,7.941,0.157
asym_mig	Round_3_Replicate_28	-34126.97	68263.94	116842.63	31832.85	0.3637,0.1206,1.3305,3.3416,0.0358
asym_mig	Round_3_Replicate_29	-59243.03	118496.06	140976.49	47914.41	0.2424,0.0958,0.6658,6.3266,0.2225
asym_mig	Round_3_Replicate_30	-41961.48	83932.96	96616.86	57893.86	0.1685,0.0901,2.6871,13.5101,0.2044
asym_mig	Round_4_Replicate_1	-30160.35	60330.7	88184.11	35014.11	0.2043,0.0577,2.6457,11.2803,0.0249
asym_mig	Round_4_Replicate_2	-30879.7	61769.4	98714.33	33560.07	0.236,0.0481,1.6595,12.9868,0.0197
asym_mig	Round_4_Replicate_3	-32969.54	65949.08	118863.92	33129.62	0.3896,0.0626,2.2197,18.5536,0.0421
asym_mig	Round_4_Replicate_4	-29841.73	59693.46	85963.32	39136.99	0.1976,0.0703,4.3229,16.3607,0.0516
asym_mig	Round_4_Replicate_5	-29133.49	58276.98	100312.89	39909.84	0.3059,0.0463,2.4418,29.2977,0.0919
asym_mig	Round_4_Replicate_6	-30108.69	60227.38	92407.42	33673.03	0.192,0.0529,1.9713,3.7642,0.0166
asym_mig	Round_4_Replicate_7	-29512.65	59035.3	98704.64	34640.69	0.1636,0.0463,2.1471,13.7317,0.0165
asym_mig	Round_4_Replicate_8	-29470.89	58951.78	92854.37	38758.28	0.1828,0.046,2.2444,27.7334,0.0367
asym_mig	Round_4_Replicate_9	-28727.27	57464.54	94008.64	35098.12	0.1057,0.0367,1.8928,10.4511,0.0108
asym_mig	Round_4_Replicate_10	-30354.36	60718.72	77856.74	37519.12	0.1482,0.0526,2.7478,13.4202,0.0258
asym_mig	Round_4_Replicate_11	-30316.84	60643.68	89851.04	36266.11	0.1834,0.0526,1.5493,17.9049,0.0268
asym_mig	Round_4_Replicate_12	-29603.1	59216.2	84890.63	36874.45	0.1607,0.0372,1.3725,25.3188,0.0224
asym_mig	Round_4_Replicate_13	-33260.85	66531.7	101428.99	33130.99	0.3547,0.0674,1.1529,12.7578,0.037
asym_mig	Round_4_Replicate_14	-29037.75	58085.5	84285.39	35499.1	0.1603,0.0549,4.3241,8.7149,0.0204
asym_mig	Round_4_Replicate_15	-29508.47	59026.94	102061.11	38842.91	0.2026,0.0506,2.6855,27.6354,0.0438
asym_mig	Round_4_Replicate_16	-29800.55	59611.1	101129.65	39796.47	0.2173,0.0478,1.5947,29.9429,0.0529
asym_mig	Round_4_Replicate_17	-31029.58	62069.16	97687.76	38118.32	0.1687,0.0721,3.5622,17.2365,0.0373
asym_mig	Round_4_Replicate_18	-30011.99	60033.98	97212.66	40990.05	0.3145,0.0466,1.2157,28.7756,0.1091
asym_mig	Round_4_Replicate_19	-32714.07	65438.14	106629.48	34152.97	0.3409,0.07,1.3992,16.1319,0.0469
asym_mig	Round_4_Replicate_20	-32266.66	64543.32	102939.46	33555.8	0.3265,0.0779,2.3426,11.2245,0.039
asym_mig	Round_4_Replicate_21	-29271.69	58553.38	85422.58	36133.26	0.1355,0.0388,1.5537,18.9171,0.0168
asym_mig	Round_4_Replicate_22	-30976.5	61963.0	90832.74	34309.97	0.2308,0.0834,2.8542,5.6228,0.0297
asym_mig	Round_4_Replicate_23	-30396.16	60802.32	86546.11	36272.41	0.1849,0.0545,1.8051,15.7855,0.0274
asym_mig	Round_4_Replicate_24	-30721.92	61453.84	80859.12	39396.52	0.3414,0.0861,4.2118,11.1341,0.1469
asym_mig	Round_4_Replicate_25	-30521.19	61052.38	98367.21	35287.74	0.2168,0.0706,2.926,12.9383,0.0311
asym_mig	Round_4_Replicate_26	-29560.84	59131.68	90245.2	37282.61	0.151,0.0414,1.5044,25.9488,0.0231
asym_mig	Round_4_Replicate_27	-30412.49	60834.98	84976.32	35977.21	0.2041,0.0649,2.9358,11.7273,0.0316
asym_mig	Round_4_Replicate_28	-29111.34	58232.68	88617.17	38142.71	0.1976,0.0431,2.6575,27.1087,0.0364
asym_mig	Round_4_Replicate_29	-32002.14	64014.28	112530.96	37900.35	0.3164,0.0713,1.596,20.4824,0.0873
asym_mig	Round_4_Replicate_30	-27180.58	54371.16	67099.38	49557.35	0.191,0.036,4.4037,28.8438,0.1011
asym_mig	Round_4_Replicate_31	-31044.32	62098.64	95080.37	33937.19	0.2295,0.0716,1.7586,6.8875,0.0251
asym_mig	Round_4_Replicate_32	-34199.61	68409.22	136919.25	31234.87	0.4087,0.0531,2.6881,11.2819,0.0191
asym_mig	Round_4_Replicate_33	-28425.53	56861.06	80103.26	38439.31	0.181,0.044,4.6509,22.6463,0.0342
asym_mig	Round_4_Replicate_34	-27872.64	55755.28	87983.28	38906.59	0.1895,0.045,5.1099,26.3657,0.0389
asym_mig	Round_4_Replicate_35	-29597.4	59204.8	85430.45	36503.07	0.1546,0.0425,1.7417,20.0379,0.0212
asym_mig	Round_4_Replicate_36	-30194.37	60398.74	90148.67	36002.86	0.1714,0.0642,2.7289,12.2866,0.0258
asym_mig	Round_4_Replicate_37	-28760.25	57530.5	75209.8	43306.05	0.1735,0.0399,2.9214,28.5641,0.0549
asym_mig	Round_4_Replicate_38	-29386.99	58783.98	92828.09	35018.46	0.1657,0.0516,2.9657,11.6782,0.0188
asym_mig	Round_4_Replicate_39	-28152.85	56315.7	79781.84	47491.61	0.2602,0.0558,4.52,21.1126,0.1692
asym_mig	Round_4_Replicate_40	-28709.3	57428.6	97248.88	35151.48	0.1125,0.0302,1.4133,22.0918,0.0108
