Model	Replicate	log-likelihood	AIC	chi-squared	theta	optimized_params(nu1, nu2, m12, m21, T)
asym_mig	Round_1_Replicate_1	-52853.78	105717.56	196009.45	23355.3	0.4252,1.2026,5.792,0.2039,0.3486
asym_mig	Round_1_Replicate_2	-80391.8	160793.6	239980.06	22771.82	0.486,4.1946,0.3465,0.4339,0.1638
asym_mig	Round_1_Replicate_3	-108648.2	217306.4	528188.26	8877.61	4.9874,1.9634,0.8537,0.1629,1.2324
asym_mig	Round_1_Replicate_4	-73882.72	147775.44	1596512.47	12596.23	1.9178,1.348,3.2092,0.9268,1.8532
asym_mig	Round_1_Replicate_5	-158235.78	316481.56	546977.48	12524.91	0.2015,4.028,1.2913,0.171,1.9408
asym_mig	Round_1_Replicate_6	-227080.86	454171.72	3043218.75	7118.23	6.0902,0.1632,0.3975,0.2015,8.2148
asym_mig	Round_1_Replicate_7	-96255.11	192520.22	1928198.43	16398.39	5.0092,0.4422,1.1804,6.2756,0.2703
asym_mig	Round_1_Replicate_8	-161658.67	323327.34	626036.19	13840.67	0.5628,3.8665,0.1872,1.1987,5.7553
asym_mig	Round_1_Replicate_9	-126724.13	253458.26	543922.33	56672.32	0.1564,0.2127,2.1666,0.3096,0.7701
asym_mig	Round_1_Replicate_10	-56416.22	112842.44	120813.51	49919.03	0.1563,0.2127,3.8014,3.6478,0.3283
asym_mig	Round_2_Replicate_1	-39999.16	80008.32	93680.15	46231.74	0.2235,0.329,8.1313,0.5048,0.5332
asym_mig	Round_2_Replicate_2	-63480.05	126970.1	145208.51	19658.17	0.2608,1.7606,4.7335,0.0816,1.0172
asym_mig	Round_2_Replicate_3	-67589.34	135188.68	301202.26	22334.41	0.2736,3.0569,8.3515,0.0519,0.1946
asym_mig	Round_2_Replicate_4	-66816.62	133643.24	851148.38	21440.11	0.8963,1.3075,4.3368,0.4742,0.2115
asym_mig	Round_2_Replicate_5	-43822.82	87655.64	99622.67	31577.34	0.2892,0.603,5.5868,0.1681,0.5193
asym_mig	Round_2_Replicate_6	-51118.61	102247.22	207745.56	38069.08	0.4285,0.4941,8.2305,0.0652,1.1757
asym_mig	Round_2_Replicate_7	-96935.97	193881.94	34195336.14	19984.63	1.0017,1.4332,12.1892,0.485,0.3713
asym_mig	Round_2_Replicate_8	-59284.34	118578.68	218116.96	16908.09	0.4238,2.0388,5.634,0.0714,1.1166
asym_mig	Round_2_Replicate_9	-76018.28	152046.56	562393.19	16392.57	1.5377,1.5631,2.4938,0.294,0.4591
asym_mig	Round_2_Replicate_10	-97487.6	194985.2	241724.95	18227.73	0.1391,4.2624,6.3818,0.3841,0.5271
asym_mig	Round_2_Replicate_11	-31701.26	63412.52	86991.41	36161.65	0.2866,0.3266,9.6051,0.3255,0.2047
asym_mig	Round_2_Replicate_12	-53870.7	107751.4	253782.64	26856.92	0.2875,1.1533,7.7388,0.497,0.1303
asym_mig	Round_2_Replicate_13	-83985.39	167980.78	208149.25	17361.3	0.2457,3.5941,4.7174,0.1191,0.5818
asym_mig	Round_2_Replicate_14	-127589.95	255189.9	406091.15	13653.96	0.284,4.6525,1.6872,0.0967,1.0808
asym_mig	Round_2_Replicate_15	-44952.85	89915.7	311556.57	35582.02	0.3022,0.5881,12.4599,0.0577,0.7141
asym_mig	Round_2_Replicate_16	-63778.78	127567.56	341226.33	18709.59	1.2755,1.0087,3.107,0.3857,0.4765
asym_mig	Round_2_Replicate_17	-50587.86	101185.72	199358.87	35642.12	0.4654,0.5043,7.5168,0.1652,1.1057
asym_mig	Round_2_Replicate_18	-99984.18	199978.36	6862230.63	15229.55	1.2916,2.9123,5.2052,0.0956,0.4395
asym_mig	Round_2_Replicate_19	-101820.81	203651.62	52389109.64	17095.65	1.61,1.4364,10.4489,0.284,1.0948
asym_mig	Round_2_Replicate_20	-86756.69	173523.38	21758930.55	21757.01	0.7389,1.2404,14.7923,0.064,0.5464
asym_mig	Round_3_Replicate_1	-54655.5	109321.0	145831.76	94113.04	0.1515,0.1938,13.1234,0.1226,0.8099
asym_mig	Round_3_Replicate_2	-38357.73	76725.46	231236.79	66850.85	0.1826,0.2218,22.0624,0.9831,0.4179
asym_mig	Round_3_Replicate_3	-62051.13	124112.26	585164.83	21100.4	0.8043,1.2387,5.2451,0.0496,0.3046
asym_mig	Round_3_Replicate_4	-29953.58	59917.16	110787.52	35917.34	0.232,0.293,13.3837,0.3201,0.1169
asym_mig	Round_3_Replicate_5	-43079.78	86169.56	150944.67	27454.05	0.9762,0.2261,3.6686,1.0095,0.0828
asym_mig	Round_3_Replicate_6	-54289.36	108588.72	246699.55	22632.75	0.4189,1.1165,5.5522,1.1341,0.5996
asym_mig	Round_3_Replicate_7	-51583.49	103176.98	280811.83	25858.27	0.5135,0.8197,4.5609,1.0795,0.1601
asym_mig	Round_3_Replicate_8	-62301.58	124613.16	2170655.21	38028.46	1.092,0.2027,20.3186,0.1506,0.1799
asym_mig	Round_3_Replicate_9	-43797.48	87604.96	113354.09	40760.72	0.3608,0.2591,5.9878,0.8827,0.4603
asym_mig	Round_3_Replicate_10	-54815.58	109641.16	158721.0	29862.83	0.6878,0.4063,4.7895,0.217,0.6134
asym_mig	Round_3_Replicate_11	-50724.96	101459.92	213125.5	28106.42	0.3576,0.7924,3.6408,0.6698,0.0935
asym_mig	Round_3_Replicate_12	-60627.13	121264.26	171715.4	27053.57	0.8793,0.3308,3.5935,0.1384,0.3796
asym_mig	Round_3_Replicate_13	-50725.35	101460.7	219246.86	29398.04	0.2649,0.7649,4.2081,0.3116,0.0657
asym_mig	Round_3_Replicate_14	-65270.37	130550.74	1172035.48	21709.75	0.9498,1.0221,6.0482,0.3358,0.2671
asym_mig	Round_3_Replicate_15	-67853.12	135716.24	599660.77	20031.26	1.0345,1.1978,2.7426,1.3465,0.3065
asym_mig	Round_3_Replicate_16	-29673.38	59356.76	94116.08	35144.23	0.3337,0.1991,11.2696,0.2056,0.0968
asym_mig	Round_3_Replicate_17	-51381.17	102772.34	176183.65	22309.74	0.834,0.6943,3.5036,0.672,0.6189
asym_mig	Round_3_Replicate_18	-50924.96	101859.92	140569.07	22388.09	0.5273,1.0093,3.8738,0.2833,0.6366
asym_mig	Round_3_Replicate_19	-55922.51	111855.02	275664.28	28331.96	0.2087,1.2878,8.9942,0.1742,0.0742
asym_mig	Round_3_Replicate_20	-33684.76	67379.52	77469.06	37030.82	0.2579,0.1966,6.6192,0.6997,0.1133
asym_mig	Round_3_Replicate_21	-37795.7	75601.4	133262.8	29932.17	0.7753,0.1091,7.8688,0.438,0.0404
asym_mig	Round_3_Replicate_22	-41932.35	83874.7	124398.26	30129.82	0.3487,0.6392,6.9376,0.4065,0.5971
asym_mig	Round_3_Replicate_23	-29287.98	58585.96	94136.85	36512.03	0.3328,0.1618,12.5982,0.9545,0.095
asym_mig	Round_3_Replicate_24	-48586.45	97182.9	113958.94	37275.88	0.2457,0.3006,3.9119,0.8142,0.2361
asym_mig	Round_3_Replicate_25	-28715.24	57440.48	73155.25	38044.89	0.2746,0.1779,11.1583,0.3461,0.1095
asym_mig	Round_3_Replicate_26	-33024.34	66058.68	107920.04	32214.46	0.321,0.1469,3.5813,0.1843,0.0383
asym_mig	Round_3_Replicate_27	-56451.47	112912.94	263683.2	27316.08	0.9076,0.4616,5.8228,0.3614,0.6068
asym_mig	Round_3_Replicate_28	-70584.12	141178.24	163388.98	25433.71	0.2576,1.1107,3.1199,0.5191,0.4881
asym_mig	Round_3_Replicate_29	-44897.26	89804.52	177954.2	26451.75	0.8311,0.3861,4.0807,1.1887,0.1528
asym_mig	Round_3_Replicate_30	-48871.08	97752.16	174315.64	27357.9	0.3579,0.8557,5.3166,0.1937,0.1309
asym_mig	Round_4_Replicate_1	-26524.23	53058.46	71677.7	41880.72	0.1962,0.21,14.2369,0.6876,0.1386
asym_mig	Round_4_Replicate_2	-27112.82	54235.64	80819.64	40380.86	0.2471,0.171,14.5098,0.6175,0.114
asym_mig	Round_4_Replicate_3	-26411.87	52833.74	76959.9	37637.84	0.2291,0.165,13.6442,0.4741,0.0771
asym_mig	Round_4_Replicate_4	-26371.89	52753.78	69943.66	40581.71	0.2015,0.2044,14.036,0.3186,0.1198
asym_mig	Round_4_Replicate_5	-30079.27	60168.54	103386.36	35865.29	0.3256,0.2332,11.7847,0.23,0.125
asym_mig	Round_4_Replicate_6	-28527.88	57065.76	94674.53	36175.01	0.3134,0.1533,13.4222,0.6677,0.0787
asym_mig	Round_4_Replicate_7	-24439.12	48888.24	58975.92	43282.46	0.1463,0.1545,17.0563,0.677,0.0889
asym_mig	Round_4_Replicate_8	-23226.24	46462.48	68766.66	45065.51	0.1532,0.1257,22.213,0.559,0.0811
asym_mig	Round_4_Replicate_9	-24294.62	48599.24	64891.42	42885.99	0.1679,0.1564,17.8446,0.1945,0.0928
asym_mig	Round_4_Replicate_10	-25400.87	50811.74	75610.8	44949.88	0.1623,0.2016,18.4717,0.246,0.1348
asym_mig	Round_4_Replicate_11	-28644.48	57298.96	77613.35	36910.45	0.2972,0.1528,11.7439,0.5092,0.0867
asym_mig	Round_4_Replicate_12	-25861.31	51732.62	73919.59	39294.83	0.225,0.1495,14.9926,0.5891,0.083
asym_mig	Round_4_Replicate_13	-28625.33	57260.66	63910.66	39634.64	0.1619,0.1931,11.8186,0.44,0.0883
asym_mig	Round_4_Replicate_14	-24688.05	49386.1	73030.74	41287.01	0.1778,0.1696,17.6008,0.3093,0.0909
asym_mig	Round_4_Replicate_15	-27643.06	55296.12	85096.07	39318.03	0.2487,0.2115,13.6782,0.313,0.1293
asym_mig	Round_4_Replicate_16	-26005.55	52021.1	67953.3	47775.13	0.1764,0.1647,17.1961,0.3428,0.1412
asym_mig	Round_4_Replicate_17	-28536.58	57083.16	77961.26	36853.59	0.2855,0.1907,11.0324,0.4785,0.1047
asym_mig	Round_4_Replicate_18	-26395.06	52800.12	90472.17	40253.56	0.2306,0.1748,16.2546,0.5957,0.1047
asym_mig	Round_4_Replicate_19	-28668.67	57347.34	89510.15	40283.6	0.2206,0.2684,13.6281,0.4647,0.1762
asym_mig	Round_4_Replicate_20	-24921.27	49852.54	72794.63	43427.88	0.1915,0.1436,18.0889,0.6728,0.0982
asym_mig	Round_4_Replicate_21	-30323.74	60657.48	90764.49	35184.27	0.3492,0.2061,10.3442,0.4594,0.1113
asym_mig	Round_4_Replicate_22	-34118.72	68247.44	101075.38	32255.68	0.4391,0.2799,7.3725,0.6058,0.146
asym_mig	Round_4_Replicate_23	-23857.73	47725.46	73552.11	41675.84	0.1524,0.1523,20.3478,0.4438,0.0747
asym_mig	Round_4_Replicate_24	-26817.72	53645.44	73151.01	45332.23	0.1519,0.236,17.2864,0.3619,0.1649
asym_mig	Round_4_Replicate_25	-31141.17	62292.34	89639.62	33361.32	0.363,0.1714,8.022,0.5232,0.0702
asym_mig	Round_4_Replicate_26	-25581.49	51172.98	64363.12	44560.99	0.142,0.2048,17.5743,0.3909,0.1266
asym_mig	Round_4_Replicate_27	-28385.52	56781.04	79515.54	38116.38	0.2792,0.1916,12.0889,0.3997,0.1176
asym_mig	Round_4_Replicate_28	-28417.75	56845.5	81114.82	36443.14	0.2442,0.2349,11.5345,0.2758,0.1042
asym_mig	Round_4_Replicate_29	-26558.89	53127.78	79046.18	39836.47	0.2054,0.2179,14.7956,0.2733,0.1185
asym_mig	Round_4_Replicate_30	-30818.9	61647.8	88917.36	33642.57	0.3275,0.1934,8.0592,0.4793,0.0741
asym_mig	Round_4_Replicate_31	-25033.71	50077.42	68855.05	44073.76	0.1568,0.1912,17.7542,0.5407,0.1202
asym_mig	Round_4_Replicate_32	-28572.83	57155.66	89842.11	35318.4	0.3075,0.159,12.1963,0.2253,0.0712
asym_mig	Round_4_Replicate_33	-28566.93	57143.86	85338.88	40904.47	0.237,0.2434,13.2586,0.3716,0.1748
asym_mig	Round_4_Replicate_34	-24843.78	49697.56	66607.81	46065.06	0.1466,0.1859,18.5954,0.571,0.1279
asym_mig	Round_4_Replicate_35	-30778.52	61567.04	104990.16	35094.15	0.3568,0.2262,11.0096,0.4444,0.1219
asym_mig	Round_4_Replicate_36	-29745.72	59501.44	80409.13	37278.36	0.2889,0.2416,10.4001,0.389,0.1512
asym_mig	Round_4_Replicate_37	-31608.03	63226.06	113722.72	32865.42	0.4035,0.1883,10.0328,0.2463,0.074
asym_mig	Round_4_Replicate_38	-32016.82	64043.64	118466.3	32685.01	0.4102,0.2062,9.8747,0.2326,0.0807
asym_mig	Round_4_Replicate_39	-29211.03	58432.06	67841.6	38900.43	0.2093,0.2498,10.616,0.3013,0.1411
asym_mig	Round_4_Replicate_40	-27819.88	55649.76	82324.35	45234.86	0.1909,0.2349,15.542,0.4173,0.1929
