chrom	start	end	nSites	recombRate	CI95LO	CI95HI
Chr05	0	329000	1091	1.7198335981806117e-08	7.407542383720461e-09	3.2199510506604106e-08
Chr05	329000	658000	315	2.4409335170764034e-08	1.1029366437801267e-08	3.69794462561167e-08
Chr05	658000	987000	528	1.9201738972424143e-08	8.014401560413309e-09	3.3378968229652556e-08
Chr05	987000	1316000	419	1.7955355578547407e-08	7.347135187541123e-09	3.362818776616613e-08
Chr05	1316000	1645000	723	4.832630426340951e-09	3.2245112963922903e-10	1.3089525815976538e-08
Chr05	1645000	1974000	264	1.4988750492281383e-08	6.20992304951335e-09	2.962335069063022e-08
Chr05	1974000	2303000	741	1.4585818964218464e-08	5.355516885995956e-09	2.8585638090416534e-08
Chr05	2303000	2632000	861	2.1233900083674383e-08	8.660046702959233e-09	3.5367782770125604e-08
Chr05	2632000	2961000	776	1.4999783775841756e-08	6.2209563330737225e-09	2.963438397419059e-08
Chr05	2961000	3290000	726	3.739911520279195e-08	2.375259777560148e-08	4.495156462420271e-08
Chr05	3290000	3619000	1046	2.1715773984959466e-08	9.639060000560331e-09	3.568170319805949e-08
Chr05	3619000	3948000	521	2.59399946057697e-08	1.3153866094248092e-08	3.792766182021114e-08
Chr05	3948000	4277000	515	1.9476803506539013e-08	8.289466094528179e-09	3.3654032763767427e-08
Chr05	4277000	4606000	452	2.7575292619967033e-08	1.3187894369418787e-08	3.890370211932302e-08
Chr05	4606000	4935000	884	5.041874316972541e-08	3.9377392713571897e-08	5.528514369671813e-08
Chr05	4935000	5264000	765	1.2368357450526577e-08	4.677192412344898e-09	2.656287212529675e-08
Chr05	5264000	5593000	818	2.4088100941145533e-08	9.708867115289158e-09	3.6013558007442977e-08
Chr05	5593000	5922000	743	3.853432655132188e-08	2.4224710037380742e-08	4.560143664844723e-08
Chr05	5922000	6251000	992	5.364890422506666e-08	4.260755376891315e-08	5.851530475205938e-08
Chr05	6251000	6580000	594	2.2393257702773796e-08	9.691313584042308e-09	3.564766238768859e-08
Chr05	6580000	6909000	590	2.747111888231206e-08	1.3083720631763815e-08	3.879952838166805e-08
Chr05	6909000	7238000	969	3.5500009573875754e-08	2.1760248511649902e-08	4.341052768109941e-08
Chr05	7238000	7567000	825	1.979689173012777e-08	8.78932105294827e-09	3.507866011418448e-08
Chr05	7567000	7896000	847	4.968903000374483e-08	3.864767954759132e-08	5.455543053073755e-08
Chr05	7896000	8225000	580	1.51208140367316e-08	6.341986593963567e-09	2.9755414235080436e-08
Chr05	8225000	8554000	198	1.949301950382038e-08	8.485448826640879e-09	3.477478788787709e-08
Chr05	8554000	8883000	886	2.983635239465491e-08	1.5305940321100366e-08	3.999071738795271e-08
Chr05	8883000	9212000	702	2.059260564725793e-08	9.356234813479778e-09	3.589179005549301e-08
Chr05	9212000	9541000	789	4.953411622286725e-08	3.8492765766713743e-08	5.440051674985997e-08
Chr05	9541000	9870000	1113	5.1903521712631797e-08	4.086217125647829e-08	5.6769922239624515e-08
Chr05	9870000	10199000	573	1.4396245627189123e-08	5.165943548966616e-09	2.8396064753387194e-08
Chr05	10528000	10857000	318	8.5589582352281e-09	2.3110028377299817e-09	2.0083281153405272e-08
Chr05	10857000	11186000	472	1.7307783796932085e-08	7.51699019884643e-09	3.2308958321730074e-08
Chr05	11186000	11515000	875	2.57074057537941e-08	1.2921277242272492e-08	3.7695072968235544e-08
Chr05	12173000	12502000	76	2.443879391309654e-09	0	8.920945918875617e-09
Chr05	12502000	12831000	1491	5.171624510339717e-08	4.067489464724367e-08	5.658264563038989e-08
Chr05	12831000	13160000	948	5.503874343660645e-08	4.3997392980452944e-08	5.990514396359917e-08
Chr05	13160000	13489000	562	4.9584545851624244e-08	3.854319539547073e-08	5.445094637861696e-08
Chr05	13489000	13818000	350	4.838136466534198e-09	3.2795716983247585e-10	1.3095031856169785e-08
Chr05	14147000	14476000	588	2.873280752946381e-08	1.433118878746451e-08	3.911643553133923e-08
Chr05	14476000	14805000	746	2.369440600412977e-08	1.1680900014124711e-08	3.714438748824467e-08
Chr05	14805000	15134000	532	2.7666262293119763e-08	1.3278864042571518e-08	3.899467179247575e-08
Chr05	15134000	15463000	549	1.1480030712509682e-09	0	6.538297371051724e-09
Chr05	15463000	15792000	558	2.7598427827051348e-08	1.3211029576503102e-08	3.8926837326407335e-08
Chr05	15792000	16121000	550	1.0602659078461906e-08	3.5962958999430234e-09	2.2861864595857244e-08
Chr05	16121000	16450000	831	2.433726939931606e-08	1.0957300666353292e-08	3.690738048466872e-08
Chr05	16450000	16779000	1588	1.7179413421308345e-08	7.388619823222689e-09	3.2180587946106334e-08
Chr05	16779000	17108000	101	8.77307636634132e-09	2.5251209688432033e-09	2.0297399284518497e-08
Chr05	18424000	18753000	573	3.07063950205634e-08	1.6060099288783953e-08	3.993244534428188e-08
Chr05	18753000	19082000	1774	5.253907412779065e-08	4.149772367163714e-08	5.740547465478337e-08
Chr05	19082000	19411000	1043	4.893486024888372e-08	3.789350979273021e-08	5.380126077587644e-08
Chr05	19411000	19740000	144	4.349716941241542e-09	1.6257142204490866e-10	1.2541794446483965e-08
Chr05	20069000	20398000	260	1.11624618966824e-08	3.3647399618610897e-09	2.3714950056693823e-08
Chr05	20398000	20727000	76	7.467091722615703e-09	2.0467730842440346e-09	1.767020758592106e-08
Chr05	20727000	21056000	721	2.176262494202894e-08	9.685910957629805e-09	3.572855415512896e-08
Chr05	21056000	21385000	645	1.4532699076759524e-08	5.302396998537016e-09	2.8532518202957594e-08
Chr05	21385000	21714000	638	5.0730667301313855e-08	3.968931684516034e-08	5.5597067828306574e-08
Chr05	21714000	22043000	633	5.220635392326036e-08	4.116500346710685e-08	5.707275445025308e-08
Chr05	22043000	22372000	317	2.079628527396075e-09	4.250513385745226e-13	7.3729369856168055e-09
Chr05	22372000	22701000	90	7.394164678244709e-09	1.973846039873041e-09	1.7597280541550063e-08
Chr05	23030000	23359000	251	1.5165076591001153e-08	5.686412515144085e-09	2.9831962430177455e-08
Chr05	23359000	23688000	941	3.9037951120156735e-08	2.3976845957128904e-08	4.5598890112251825e-08
Chr05	23688000	24017000	850	2.492004965906761e-08	1.1540080926104844e-08	3.749016074442028e-08
Chr05	24346000	24675000	548	2.335118470164328e-08	1.0406429145288843e-08	3.6583893763482214e-08
Chr05	24675000	25004000	1201	5.738922891025409e-08	4.634787845410058e-08	6.22556294372468e-08
Chr05	25004000	25333000	919	1.3782179281353132e-08	5.751435611290952e-09	2.912590947886769e-08
Chr05	27307000	27636000	652	1.0881090913530738e-08	3.807234923672081e-09	2.3159278358067308e-08
Chr05	27636000	27965000	990	3.215613832959715e-08	1.7630534987233623e-08	4.075479362849417e-08
Chr05	27965000	28294000	293	2.8664234768880876e-08	1.4262616026881577e-08	3.9047862770756296e-08
Chr05	28294000	28623000	195	8.89220767097844e-09	2.644252273480323e-09	2.0416530589155615e-08
Chr05	28623000	28952000	468	2.086520318183089e-08	8.29134980111574e-09	3.4999085868282104e-08
Chr05	29281000	29610000	594	1.694708332069934e-08	6.726762819679497e-09	3.169860581311707e-08
Chr05	29610000	29939000	755	4.7164465469791065e-08	3.574803611236625e-08	5.1954563299290086e-08
Chr05	29939000	30268000	650	1.188039867537833e-08	4.161017807523933e-09	2.5663675906050626e-08
Chr05	30268000	30597000	895	1.7207469172233992e-08	6.599248781227708e-09	3.288030135985272e-08
Chr05	30597000	30926000	1236	2.2138778945067352e-08	9.633378407745831e-09	3.6025992812814396e-08
Chr05	30926000	31255000	682	4.749252761627813e-09	2.390734649260911e-10	1.30061481512634e-08
Chr05	31255000	31584000	849	1.4145755192641048e-08	6.1150115225788684e-09	2.9489485390155607e-08
Chr05	31584000	31913000	348	4.4189795683420247e-08	3.148049869082343e-08	5.003764153542307e-08
Chr05	32242000	32571000	178	9.484182589795694e-09	2.9442290333120704e-09	2.1428085478740225e-08
Chr05	32571000	32900000	602	2.5679371765416473e-08	1.2893243253894863e-08	3.766703897985791e-08
Chr05	32900000	33229000	232	7.970540066362027e-09	2.2271137540407505e-09	1.8092821168560398e-08
Chr05	36519000	36848000	546	1.2480897960594734e-08	4.789732922413054e-09	2.6675412635364904e-08
Chr05	36848000	37177000	882	1.4177374592618884e-08	4.947072514396377e-09	2.8177193718816955e-08
Chr05	37177000	37506000	889	1.2602873106114568e-08	4.0851282411258825e-09	2.6179680917447535e-08
Chr05	37506000	37835000	682	4.9335988677367624e-08	3.829463822121411e-08	5.420238920436034e-08
Chr05	37835000	38164000	696	2.3650460252937443e-08	1.1636954262932385e-08	3.710044173705235e-08
Chr05	38164000	38493000	300	1.7169386016316856e-08	7.3785924182312e-09	3.2170560541114845e-08
Chr05	38493000	38822000	333	6.238285928216667e-09	1.1568189032800526e-09	1.588242768008001e-08
Chr05	38822000	39151000	472	1.3452780704348446e-08	5.314354504726428e-09	2.734000642927739e-08
Chr05	39151000	39480000	1353	5.803077419047848e-08	4.698942373432497e-08	6.289717471747119e-08
Chr05	39480000	39809000	321	1.8878515915976146e-08	7.3575547975264545e-09	3.324702505402803e-08
Chr05	39809000	40138000	1288	2.581075638423904e-08	1.302462787271743e-08	3.779842359868048e-08
Chr05	40138000	40467000	518	3.544935349522171e-08	2.1709592432995857e-08	4.335987160244536e-08
Chr05	40467000	40796000	1158	1.4129485952219705e-08	4.899183873997197e-09	2.8129305078417775e-08
Chr05	40796000	41125000	435	3.3010072718241727e-09	0	9.480287514870206e-09
Chr05	41125000	41454000	365	1.1283880599717732e-08	3.4861586648964217e-09	2.3836368759729153e-08
Chr05	41454000	41783000	386	6.185970065111272e-09	1.104503040174658e-09	1.5830111816974616e-08
Chr05	41783000	42112000	702	3.3197491055905125e-08	1.9874861123316754e-08	4.2072253669591594e-08
Chr05	42112000	42441000	328	1.2272257033358282e-08	4.581091995176602e-09	2.6466771708128455e-08
Chr05	43428000	43757000	572	4.1890922868191323e-08	2.9413016115896225e-08	4.799819480081183e-08
Chr05	43757000	44086000	1545	2.7872678583352693e-08	1.3485280332804448e-08	3.920108808270868e-08
Chr05	44086000	44415000	868	3.495321645927837e-08	2.0604182942342308e-08	4.2797168258480756e-08
Chr05	44415000	44744000	668	4.945946408826935e-08	3.841811363211584e-08	5.432586461526207e-08
Chr05	44744000	45073000	208	1.0420701073363428e-08	3.4143378948445457e-09	2.2679906590758767e-08
Chr05	45073000	45402000	850	1.3614793307841166e-08	5.476367108219148e-09	2.750201903277011e-08
Chr05	45402000	45731000	118	7.65299963807615e-09	1.9095733257548737e-09	1.7775280740274518e-08
Chr05	45731000	46060000	377	2.084011219398785e-08	8.2662588132727e-09	3.4973994880439064e-08
Chr05	46389000	46718000	688	5.1622449047166194e-08	4.058109859101268e-08	5.648884957415891e-08
Chr05	46718000	47047000	469	3.840923969920525e-08	2.409962318526411e-08	4.54763497963306e-08
Chr05	47047000	47376000	699	4.893804127366596e-09	3.836248306648739e-10	1.3150699517002183e-08
Chr05	47376000	47705000	531	2.874282899756661e-08	1.434121025556731e-08	3.912645699944203e-08
Chr05	47705000	48034000	671	2.9662465155845252e-08	1.429499497057729e-08	3.9378829491177876e-08
Chr05	48692000	49021000	128	8.470001591403566e-09	2.222046193905449e-09	1.9994324509580743e-08
Chr05	49021000	49350000	49	6.8741588432189944e-09	1.3313128832252248e-09	1.7380356888098503e-08
Chr05	50995000	51324000	502	2.231806475472211e-08	9.616120635990622e-09	3.5572469439636903e-08
Chr05	51324000	51653000	768	1.721344168225261e-08	6.6052212912463244e-09	3.288627386987133e-08
Chr05	51653000	51982000	783	8.26096335923373e-09	2.0569280737273376e-09	2.002014170140817e-08
Chr05	51982000	52311000	211	2.2456616973955094e-08	9.754672855223605e-09	3.571102165886988e-08
Chr05	52311000	52640000	244	1.2620825409375574e-08	4.1030805443868885e-09	2.619763322070854e-08
Chr05	52640000	52969000	83	8.03146781057066e-09	2.2880414982493834e-09	1.8153748912769028e-08
Chr05	52969000	53298000	164	6.235422651615865e-09	1.1539556266792505e-09	1.587956440347921e-08
Chr05	53298000	53627000	82	5.707838936685975e-09	9.226800897432251e-10	1.4984012321661524e-08
Chr05	53627000	53956000	63	7.862736345338736e-09	2.1193100330174603e-09	1.7985017447537104e-08
Chr05	53956000	54285000	51	6.782934307916222e-09	1.2400883479224522e-09	1.7289132352795733e-08
Chr05	54285000	54614000	582	1.7906426710437656e-08	7.298206319431372e-09	3.357925889805638e-08
Chr05	54943000	55272000	112	3.968262714348665e-09	2.0038877590363153e-11	1.156077269063279e-08
Chr05	55272000	55601000	141	0	0	7.149136971307244e-09
Chr05	55601000	55930000	495	4.64781338527645e-09	1.376340885747284e-10	1.2904708774912037e-08
Chr05	55930000	56259000	300	1.628216251186019e-08	7.110873139470765e-09	3.113650258095277e-08
Chr05	56259000	56588000	911	3.525386023204498e-08	2.151409916981913e-08	4.3164378339268634e-08
Chr05	56588000	56917000	846	3.308502263662816e-08	1.9762392704039788e-08	4.195978525031463e-08
Chr05	56917000	57246000	519	2.5157551064016032e-08	1.1875962301889771e-08	3.7923679751518524e-08
Chr05	57246000	57575000	1093	4.939399207983468e-08	3.8352641623681166e-08	5.42603926068274e-08
Chr05	57575000	57904000	229	6.985818149380683e-09	1.4429721893869132e-09	1.749201619426019e-08
Chr05	57904000	58233000	465	1.9984073466650927e-08	8.837831470599186e-09	3.472845384994232e-08
Chr05	58233000	58562000	398	9.992951421251451e-09	3.451375784519929e-09	2.259897600100469e-08
Chr05	58562000	58891000	667	2.4685725539341643e-08	1.1305756806378877e-08	3.72558366246943e-08
Chr05	58891000	59220000	505	1.5110343061342534e-08	6.331515618574501e-09	2.974494325969137e-08
Chr05	59220000	59549000	1021	1.7649071915274604e-08	7.04085152426832e-09	3.332190410289332e-08
Chr05	59549000	59878000	726	2.097155342528468e-08	8.397700044569529e-09	3.51054361117359e-08
Chr05	59878000	60207000	475	1.3658438406714427e-08	5.627694736652247e-09	2.9002168604228985e-08
Chr05	60865000	61194000	413	1.4170592969484997e-08	4.9402908912624895e-09	2.8170412095683068e-08
Chr05	61523000	61852000	542	3.917372051064839e-10	0	5.767545048428404e-09
Chr05	61852000	62181000	778	4.237445748541433e-08	2.8736111210867253e-08	4.8262687033804075e-08
Chr05	62181000	62510000	501	1.2166624517340341e-08	4.475459479158661e-09	2.6361139192110515e-08
Chr05	62510000	62839000	719	2.075136079688648e-08	8.17750741617133e-09	3.48852434833377e-08
