chrom	start	end	nSites	recombRate	CI95LO	CI95HI
Chr06	0	76000	116	0	0	5.234478184235058e-09
Chr06	76000	152000	355	3.422237012206547e-08	1.9096317445004114e-08	4.264659250840391e-08
Chr06	152000	228000	384	4.142457858804382e-08	2.5765721132907425e-08	4.772581945047127e-08
Chr06	228000	304000	194	4.832908699203563e-08	3.481617007327918e-08	5.396576318450207e-08
Chr06	304000	380000	311	2.934208787444377e-08	1.3287646364905052e-08	3.918715867748219e-08
Chr06	380000	456000	169	2.671863149891962e-09	0	1.3132514472821907e-08
Chr06	456000	532000	363	1.373658824430535e-09	6.344200050624214e-11	9.162362994938789e-09
Chr06	532000	608000	605	4.201247622668858e-10	1.8206807679150061e-10	7.201456924742333e-09
Chr06	608000	684000	266	3.1557759153480674e-09	9.05345213078817e-11	1.3616427238278013e-08
Chr06	684000	760000	118	1.2797689530255232e-09	0	9.068473123533777e-09
Chr06	760000	836000	148	0	0	5.234478184235058e-09
Chr06	988000	1064000	109	0	0	5.234478184235058e-09
Chr06	1064000	1140000	253	6.636691307726547e-10	4.2561244529726956e-10	7.445001293248102e-09
Chr06	1140000	1216000	582	3.5745575677965015e-09	0	1.4755330675151934e-08
Chr06	1216000	1292000	300	1.0641580338216605e-08	7.784287538615825e-10	2.7455203187770726e-08
Chr06	1292000	1368000	245	2.659062850692888e-08	1.0449320594430533e-08	3.822062938038155e-08
Chr06	1368000	1444000	272	1.3962009697310096e-08	1.4977666818236636e-09	3.0460623461381116e-08
Chr06	1444000	1520000	536	3.190551954689788e-09	1.2531056064960217e-10	1.3651203277619733e-08
Chr06	1520000	1596000	600	8.025949208683776e-09	0	2.3821268216988663e-08
Chr06	1596000	1672000	169	2.1404151414595596e-09	1.660664569181769e-10	1.0697881765663425e-08
Chr06	1824000	1900000	197	2.1572562594790192e-08	6.832572144360462e-09	3.506091409717889e-08
Chr06	1900000	1976000	513	8.207447771977772e-09	8.805528145620973e-10	2.394908416637296e-08
Chr06	1976000	2052000	106	0	0	5.234478184235058e-09
Chr06	2052000	2128000	489	2.9822829493959537e-09	0	1.3442934272325899e-08
Chr06	2128000	2204000	277	4.75400102823339e-09	0	1.7327951220396268e-08
Chr06	2204000	2280000	300	8.153333972138647e-09	8.264390147229724e-10	2.3894970366533835e-08
Chr06	2280000	2356000	568	7.61991850993058e-09	2.930235525149051e-10	2.3361554904325764e-08
Chr06	2356000	2432000	152	2.0343634309988213e-08	4.730465108032557e-09	3.408357611652247e-08
Chr06	2432000	2508000	697	1.2554582664881961e-08	1.7822371603758403e-09	2.9151457472699082e-08
Chr06	2508000	2584000	520	1.0790118346445905e-09	3.673730867145803e-10	9.215466500219476e-09
Chr06	2584000	2660000	309	1.1825182720978156e-08	1.950878679887247e-09	2.8313943566568076e-08
Chr06	2660000	2736000	179	3.343916194012448e-08	1.7896703020242886e-08	4.2460039318542873e-08
Chr06	2736000	2812000	100	2.294369099211161e-08	7.680068603871972e-09	3.549938472126649e-08
Chr06	2812000	2888000	183	3.696801843461127e-08	2.107439921389197e-08	4.455100716044068e-08
Chr06	2888000	2964000	324	4.9246159827874085e-08	3.463409204989923e-08	5.440291582786508e-08
Chr06	2964000	3040000	153	1.0320374988872971e-08	6.398256489541733e-10	2.6750611227080356e-08
Chr06	3040000	3116000	280	2.3458963336232363e-09	0	1.1676123790928063e-08
Chr06	3116000	3192000	156	8.087933303810533e-09	0	2.388325231211542e-08
Chr06	3192000	3268000	290	2.004668329798929e-08	5.860733905036256e-09	3.467202432513059e-08
Chr06	3268000	3344000	819	6.896229674237117e-09	0	2.120622490745641e-08
Chr06	3344000	3420000	557	4.236748958769077e-09	0	1.6355959083108548e-08
Chr06	3420000	3496000	206	1.3949148716400428e-08	2.4026213377307486e-09	3.042012503258564e-08
Chr06	3496000	3572000	239	4.5053979918099294e-08	3.147579205513779e-08	5.1024542984270345e-08
Chr06	3572000	3648000	159	4.26943938684338e-09	0	1.638864951118285e-08
Chr06	3648000	3724000	240	2.6613242868026986e-08	1.0471934955528638e-08	3.824324374147966e-08
Chr06	3724000	3800000	371	1.5081606647748137e-08	2.6197871158976996e-09	3.1784242988430056e-08
Chr06	3800000	3876000	289	9.191206501965142e-09	4.8869792065418035e-11	2.7222038751458887e-08
Chr06	3876000	3952000	379	3.028048702054577e-08	1.3744275731381496e-08	3.994874921138859e-08
Chr06	3952000	4028000	376	3.1956041051750565e-08	1.579603842680746e-08	4.118466176381566e-08
Chr06	4028000	4104000	478	8.400853627480308e-10	1.284466148180207e-10	8.976540028322916e-09
Chr06	4104000	4180000	238	4.068948533397156e-08	2.6110936077288554e-08	4.7573389003290683e-08
Chr06	4256000	4332000	384	8.048263661830209e-09	7.213687044145343e-10	2.3789900056225396e-08
Chr06	4332000	4408000	109	3.761439038322641e-09	1.6583522363482075e-10	1.4246529967147186e-08
Chr06	4408000	4484000	161	8.855085495127446e-10	1.738698015827345e-10	9.02196321508763e-09
Chr06	4484000	4560000	275	0	0	5.234478184235058e-09
Chr06	4560000	4636000	48	7.871912321478206e-09	5.45017364062531e-10	2.3613548715873393e-08
Chr06	4636000	4712000	137	4.2580991246912456e-08	2.679702284794889e-08	4.898894266084614e-08
Chr06	4712000	4788000	309	4.566011043153472e-08	3.2509539577042605e-08	5.112964379109363e-08
Chr06	4788000	4864000	254	9.016785371063808e-09	0	2.7047617620557555e-08
Chr06	4940000	5016000	135	3.291201632740512e-09	0	1.3776292561565057e-08
Chr06	5016000	5092000	269	6.329772352662766e-09	0	1.9998103441841073e-08
Chr06	5092000	5168000	177	2.8599447257435677e-08	1.2260962447905193e-08	3.946516136368082e-08
Chr06	5168000	5244000	202	1.483997774723739e-08	3.341397614741117e-09	3.1407572687635e-08
Chr06	5244000	5320000	139	9.11513593277136e-09	5.123016655917996e-10	2.6133628281468474e-08
Chr06	5396000	5472000	128	1.2709339946227795e-08	1.936994441721674e-09	2.9306214754044916e-08
Chr06	5472000	5548000	331	6.592644291382873e-09	0	2.0260975380561183e-08
Chr06	5548000	5624000	334	3.7855764221439225e-09	1.8997260745610256e-10	1.4270667350968468e-08
Chr06	5624000	5700000	190	9.377956920076138e-09	7.751226528965769e-10	2.639644926877325e-08
Chr06	5700000	5776000	366	3.950336144502459e-09	0	1.513110925185789e-08
Chr06	5776000	5852000	406	1.5402672233618334e-08	2.376231729569115e-09	3.125310413395108e-08
Chr06	5852000	5928000	188	4.732754720691223e-08	3.393561910711928e-08	5.270385620490747e-08
Chr06	5928000	6004000	220	5.113070322336371e-08	3.651863544538885e-08	5.6287459223354704e-08
Chr06	6004000	6080000	446	1.621009745930364e-08	3.0710173242985533e-09	3.118493163197995e-08
Chr06	6080000	6156000	647	2.3136933407555663e-09	0	1.1643920798060393e-08
Chr06	6156000	6232000	386	0	0	5.234478184235058e-09
Chr06	6232000	6308000	282	4.9502505946514e-09	0	1.7524200786814278e-08
Chr06	6308000	6384000	189	1.0091469787381423e-08	1.3321856449247874e-09	2.7234092975019573e-08
Chr06	6384000	6460000	167	2.7711274405035072e-08	1.123725638862483e-08	3.831727297331555e-08
Chr06	6460000	6536000	399	5.1080684218936435e-08	3.646861644096158e-08	5.623744021892743e-08
Chr06	6916000	6992000	520	1.0278790118263241e-08	1.519505975806606e-09	2.742141330590139e-08
Chr06	6992000	7068000	521	2.1714501296155418e-08	6.974510845725688e-09	3.5202852798544116e-08
Chr06	7068000	7144000	156	1.6530208345709767e-08	3.1171435979294e-09	3.209233051439833e-08
Chr06	7144000	7220000	290	1.837418484909454e-08	4.963151320951107e-09	3.249091512272235e-08
Chr06	7220000	7296000	577	1.9918513406108264e-08	4.879193527767756e-09	3.4293158702408324e-08
Chr06	7296000	7372000	139	2.2117412053117904e-08	5.8540889648787145e-09	3.432303318913676e-08
Chr06	7448000	7524000	52	2.999530003484406e-09	0	1.3460181326414351e-08
Chr06	7524000	7600000	956	3.826157355065592e-09	0	1.5006930462421025e-08
Chr06	7600000	7676000	727	1.0429528205929674e-08	7.489788660108762e-10	2.685976444413706e-08
Chr06	7676000	7752000	419	4.3414457907186664e-08	2.891892313467935e-08	4.973446633489374e-08
Chr06	8132000	8208000	673	2.722472443911855e-08	1.1325427826509303e-08	3.794109916006122e-08
Chr06	8208000	8284000	240	2.8883067362079066e-08	1.3467263128935916e-08	3.942103199631757e-08
Chr06	8436000	8512000	77	9.397021241311282e-09	7.941869741317217e-10	2.6415513590008393e-08
Chr06	8512000	8588000	433	3.112013172836569e-08	1.4722076681203618e-08	4.0306812566634705e-08
Chr06	8588000	8664000	302	5.0177426019908097e-08	3.556535824193324e-08	5.533418201989909e-08
Chr06	8664000	8740000	161	5.2100843022709065e-09	0	1.835879406770238e-08
Chr06	8816000	8892000	626	3.5824648776010993e-08	2.0715780930285368e-08	4.355132887175417e-08
Chr06	8892000	8968000	241	2.1263968952393378e-08	6.523978501963648e-09	3.4752320454782076e-08
Chr06	9196000	9272000	100	5.307223003959874e-09	0	1.7881173196122752e-08
Chr06	9728000	9804000	270	1.5507762075302648e-08	2.481321571253428e-09	3.13581939756354e-08
Chr06	9804000	9880000	759	2.14748989218899e-08	6.7349084714601705e-09	3.49632504242786e-08
Chr06	9880000	9956000	436	1.4705729259751242e-08	3.207149127254969e-09	3.1273324200148845e-08
Chr06	9956000	10032000	121	5.480177754923469e-09	0	1.8628887520354943e-08
Chr06	10032000	10108000	143	0	0	5.234478184235058e-09
Chr06	10108000	10184000	538	4.04516182356899e-09	0	1.5225934930924423e-08
Chr06	10184000	10260000	147	1.2300932932336185e-08	1.528587427830064e-09	2.8897807740153304e-08
Chr06	10336000	10412000	48	5.588179115501266e-10	3.207612260747414e-10	7.340150074025574e-09
Chr06	10412000	10488000	400	3.6948657480489667e-09	0	1.48756388554044e-08
Chr06	10488000	10564000	287	1.0488816106400343e-08	6.256645220453202e-10	2.7302438955954465e-08
Chr06	10564000	10640000	331	7.905442317911531e-09	0	2.3700761326216417e-08
Chr06	10792000	10868000	599	1.5192762710568207e-09	2.0905944713252788e-10	9.307980441565075e-09
Chr06	10868000	10944000	317	5.161846112229655e-08	3.7006393344321696e-08	5.6775217122287546e-08
Chr06	10944000	11020000	486	3.1631253661340527e-08	1.3764150397771422e-08	4.0154347269999407e-08
Chr06	11020000	11096000	368	4.886618964806716e-08	3.42541218700923e-08	5.402294564805815e-08
Chr06	11096000	11172000	267	3.4318891836571514e-08	1.8235812879064248e-08	4.2405991892858055e-08
Chr06	11172000	11248000	153	1.6613366999856497e-08	3.200302252076129e-09	3.217548916854506e-08
Chr06	11248000	11324000	211	5.609747204102013e-09	0	1.8758456969533487e-08
Chr06	11324000	11400000	297	3.8939618002032914e-09	0	1.5074734907558724e-08
Chr06	11400000	11476000	125	2.0590705942603953e-08	6.404756549650919e-09	3.5216046969745255e-08
Chr06	11476000	11552000	204	2.4195392965026578e-08	7.771828878539204e-09	3.562205622506563e-08
Chr06	11552000	11628000	50	1.6634657360982526e-09	0	1.0220932360302118e-08
Chr06	11628000	11704000	118	1.1710866871096597e-08	8.587416282193327e-10	2.9468554102875216e-08
Chr06	11704000	11780000	525	2.3963883239867317e-08	9.209426383586578e-09	3.681333336600734e-08
Chr06	11780000	11856000	370	3.3048788975523894e-08	1.7742129790935384e-08	4.1811494736524584e-08
Chr06	11856000	11932000	636	3.257620430677983e-08	1.5923138980058212e-08	4.148066902790654e-08
Chr06	11932000	12008000	364	3.740400303005866e-08	2.1943627472506462e-08	4.443614181245105e-08
Chr06	12008000	12084000	259	5.0707436229191755e-08	3.60953684512169e-08	5.586419222918275e-08
Chr06	12084000	12160000	252	1.807343668342757e-08	3.4764905871373167e-09	3.265262049918253e-08
Chr06	12160000	12236000	280	2.4812641099179498e-08	9.346632247795892e-09	3.685229410706872e-08
Chr06	12236000	12312000	315	1.5675886123136003e-08	3.214066591285566e-09	3.237852246381792e-08
Chr06	12312000	12388000	260	4.499071099811602e-08	3.141252313515452e-08	5.096127406428707e-08
Chr06	12388000	12464000	218	1.5063785965642117e-08	2.6019664337916796e-09	3.176642230632403e-08
Chr06	12464000	12540000	385	2.0474964289789507e-08	4.861795087833851e-09	3.421490609632376e-08
Chr06	12540000	12616000	87	8.251250703735064e-09	9.243557463193893e-10	2.399288709813025e-08
Chr06	13072000	13148000	965	1.072551769982759e-08	8.623661154725678e-10	2.753914054938171e-08
Chr06	13148000	13224000	687	7.436137163389314e-09	2.675593431513718e-10	2.29666624736149e-08
Chr06	13908000	13984000	359	1.1734093922964022e-08	8.819686800867575e-10	2.949178115474264e-08
Chr06	13984000	14060000	312	2.042142884158874e-08	4.808259639633084e-09	3.4161370648123e-08
Chr06	14060000	14136000	651	4.917658489787672e-10	2.5370916350338206e-10	7.273098011454215e-09
Chr06	14136000	14212000	310	5.182145771232727e-09	0	1.7756095963395605e-08
Chr06	14212000	14288000	444	0	0	5.234478184235058e-09
Chr06	14364000	14440000	365	3.4268461890066402e-09	0	1.3911937117831186e-08
Chr06	14440000	14516000	323	2.7238039317729084e-08	1.1338742705119837e-08	3.795441403867175e-08
Chr06	14516000	14592000	501	2.0353374734515936e-08	4.74020553256028e-09	3.409331654105019e-08
Chr06	14592000	14668000	1101	5.150482863367533e-09	0	1.772443305553041e-08
Chr06	14668000	14744000	645	5.595297180294823e-09	0	2.023496545793323e-08
Chr06	14744000	14820000	1152	1.8505012373636556e-08	5.093978845493121e-09	3.262174264726436e-08
Chr06	14820000	14896000	272	8.449529212923424e-10	1.3331417336233223e-10	8.981407586867228e-09
Chr06	14896000	14972000	336	1.7974826587987565e-08	3.3778804916973124e-09	3.255401040374253e-08
Chr06	14972000	15048000	252	1.0433749530689581e-08	7.532001907707831e-10	2.6863985768896964e-08
Chr06	15048000	15124000	282	1.753340482592088e-08	3.657862199924663e-09	3.230966148860611e-08
Chr06	15124000	15200000	46	1.2858223378576595e-08	2.085877874070474e-09	2.9455098186393716e-08
Chr06	15200000	15276000	150	4.084520899382811e-08	2.6266659737145107e-08	4.7729112663147236e-08
Chr06	15276000	15352000	270	7.66578667238916e-09	3.388917149734853e-10	2.3407423066784344e-08
Chr06	15352000	15428000	768	3.5858146048293164e-09	0	1.4070905533653862e-08
Chr06	15428000	15504000	496	1.5929418273377252e-09	2.827250034134323e-10	9.38164599784598e-09
Chr06	15504000	15580000	1812	4.670781898719463e-10	2.2902150439656118e-10	7.248410352347394e-09
Chr06	15580000	15656000	378	0	0	5.234478184235058e-09
Chr06	15656000	15732000	210	8.863146473284419e-09	0	2.6893978722778166e-08
Chr06	15732000	15808000	172	3.046276316131013e-08	1.3926551872145862e-08	4.013102535215296e-08
Chr06	15808000	15884000	90	3.1052626821921056e-09	4.002128815191989e-11	1.356591400512205e-08
Chr06	15884000	15960000	240	3.911069587089849e-09	0	1.5091842694445282e-08
Chr06	15960000	16036000	958	1.0135282909421781e-08	1.3759987669651458e-09	2.7277906097059928e-08
Chr06	16036000	16112000	170	1.402009346710283e-08	2.47356608843315e-09	3.0491069783288044e-08
Chr06	16112000	16188000	322	2.2152904172142545e-08	5.889581083903355e-09	3.4358525308161407e-08
Chr06	16188000	16264000	86	2.014470564762373e-08	5.958756254670697e-09	3.477004667476503e-08
Chr06	16264000	16340000	398	8.235782422428174e-09	0	2.403110143073306e-08
Chr06	16340000	16416000	155	1.853937188515797e-08	5.1283383570145354e-09	3.265610215878577e-08
Chr06	16416000	16492000	355	4.9239050407055346e-08	3.462698262908049e-08	5.439580640704634e-08
Chr06	16492000	16568000	152	3.022819801147883e-08	1.4055218522507936e-08	4.034395282305817e-08
Chr06	16568000	16644000	455	4.681142973758257e-08	3.37375413212675e-08	5.233936171641518e-08
Chr06	16644000	16720000	286	4.922678130624442e-08	3.461471352826956e-08	5.438353730623541e-08
Chr06	16720000	16796000	222	3.022646990930897e-08	1.4053490420338073e-08	4.0342224720888304e-08
Chr06	16796000	16872000	830	7.3909755272232835e-09	2.223977069853414e-10	2.2921500837448867e-08
Chr06	16872000	16948000	613	6.958896518329267e-09	0	2.1268891751548563e-08
Chr06	16948000	17024000	242	1.802568034643597e-08	3.4287342501457154e-09	3.260486416219093e-08
Chr06	17024000	17100000	239	3.493969525425523e-08	1.940459089577796e-08	4.2800423056266756e-08
Chr06	17100000	17176000	405	8.956494561306445e-09	0	2.6987326810800193e-08
Chr06	17176000	17252000	281	4.5031196992735476e-08	3.1453009129773974e-08	5.100176005890653e-08
Chr06	17252000	17328000	273	1.5009496502793935e-08	3.510916370297662e-09	3.1577091443191545e-08
Chr06	17328000	17404000	236	1.4663210303660211e-08	3.164630171163938e-09	3.123080524405782e-08
Chr06	17404000	17480000	596	3.1782251089414868e-09	1.1298371490130108e-10	1.3638876431871432e-08
Chr06	17480000	17556000	146	1.1733788214472056e-08	8.816629715947908e-10	2.949147544625067e-08
Chr06	17556000	17632000	321	6.713640182268483e-09	0	2.1023635415487776e-08
Chr06	17632000	17708000	327	3.4237517397157346e-09	0	1.390884266854028e-08
Chr06	17708000	17784000	526	3.5378557359617875e-09	0	1.4022946664786333e-08
Chr06	17784000	17860000	317	9.873800245959611e-09	1.1145161035029759e-09	2.701642343359776e-08
Chr06	17860000	17936000	438	1.2588845793309384e-08	1.8165002888032636e-09	2.9185720601126505e-08
Chr06	17936000	18012000	118	1.9182494126886625e-08	4.782348695249923e-09	3.298471003041111e-08
Chr06	18012000	18088000	272	4.050224098305581e-08	2.6575138889253264e-08	4.6918521734209443e-08
Chr06	18088000	18164000	466	2.8241631137800565e-08	1.1608295739880786e-08	3.8676556417212815e-08
Chr06	18164000	18240000	743	4.063992998742376e-08	2.6061380730740756e-08	4.7523833656742885e-08
Chr06	18240000	18316000	407	9.014398297255701e-09	0	2.7045230546749446e-08
Chr06	18316000	18392000	355	1.5433063054480845e-08	2.4066225504316254e-09	3.1283494954813597e-08
Chr06	18392000	18468000	488	5.283999165994404e-10	2.903432311240552e-10	7.309732079074888e-09
Chr06	18468000	18544000	652	4.588391850034264e-09	0	1.6707601974373735e-08
Chr06	18544000	18620000	269	1.9411169820244375e-09	0	1.0498583606228303e-08
Chr06	18620000	18696000	327	1.1806925979675956e-08	1.9326219385850474e-09	2.8295686825265878e-08
Chr06	18696000	18772000	172	7.218318164482545e-09	4.97403442446026e-11	2.2748843474708128e-08
Chr06	18772000	18848000	497	8.230725775260523e-09	9.038308178448484e-10	2.397236216965571e-08
Chr06	18848000	18924000	98	1.5300422084148287e-08	2.273981580099067e-09	3.115085398448103e-08
Chr06	18924000	19000000	338	8.384565081940201e-09	1.0576701245245264e-09	2.4126201476335385e-08
Chr06	19000000	19076000	214	1.018355345491277e-08	5.03004114993973e-10	2.6613789693120157e-08
Chr06	19076000	19152000	193	1.5130114093520693e-08	2.668294561670256e-09	3.183275043420261e-08
Chr06	19152000	19228000	343	6.483254999435151e-09	0	2.0151586088613458e-08
Chr06	19228000	19304000	392	1.9806358407647282e-08	4.767038529306774e-09	3.418100370394734e-08
Chr06	19304000	19380000	168	1.278529135252547e-09	0	9.067233305760801e-09
Chr06	19380000	19456000	463	8.826272934011703e-09	0	2.685710518350545e-08
Chr06	19456000	19532000	563	3.589004152082318e-08	2.0781173675097552e-08	4.361672161656635e-08
Chr06	19532000	19608000	566	7.668810198244648e-09	5.00232378006706e-10	2.319933550847023e-08
Chr06	19608000	19684000	276	2.2968577149440643e-08	7.704954761201005e-09	3.552427087859552e-08
Chr06	19684000	19760000	71	5.938595928109832e-09	0	2.057826420574824e-08
Chr06	20444000	20520000	199	2.7063215505104208e-09	3.4783658762715364e-10	1.2036549007815248e-08
Chr06	20748000	20824000	97	1.968822139458047e-08	4.648901516239962e-09	3.4062866690880527e-08
Chr06	20824000	20900000	296	1.3439314658328492e-08	2.7598935775337104e-09	2.9634144313420268e-08
Chr06	20900000	20976000	281	5.068551353355672e-08	3.6073445755581865e-08	5.5842269533547716e-08
Chr06	20976000	21052000	41	8.451159658213928e-10	1.3347721789138268e-10	8.981570631396278e-09
Chr06	21052000	21128000	430	6.967792635445495e-09	0	2.1277787868664788e-08
Chr06	21128000	21204000	373	2.5981550925305654e-09	2.3967012964729827e-10	1.1928382549835392e-08
Chr06	21204000	21280000	261	5.013844818718234e-08	3.5526380409207485e-08	5.5295204187173336e-08
Chr06	21280000	21356000	406	2.2550418459250422e-08	7.286796071010784e-09	3.5106112188405306e-08
Chr06	21356000	21432000	320	5.978025530051489e-09	0	2.0617693807689893e-08
Chr06	21432000	21508000	45	2.9759649738953074e-09	0	1.3436616296825253e-08
Chr06	21508000	21584000	183	1.295835632658882e-09	0	9.084539803167136e-09
Chr06	21584000	21660000	204	9.239748764538175e-09	9.741205463845066e-11	2.7270581014031923e-08
Chr06	21660000	21736000	222	3.803891153322629e-08	2.3096256064695714e-08	4.502754493854004e-08
Chr06	21736000	21812000	196	4.082113111629774e-09	0	1.6201323235969245e-08
Chr06	21812000	21888000	412	8.38960247853561e-09	1.0627075211199348e-09	2.4131238872930797e-08
Chr06	21888000	21964000	433	1.498333540976589e-09	1.8811671705229622e-10	9.287037711484843e-09
Chr06	21964000	22040000	279	4.680615881366691e-08	3.373227039735184e-08	5.233409079249952e-08
Chr06	22040000	22116000	379	2.3787027561457482e-08	7.3634634749701086e-09	3.521369082149653e-08
Chr06	22116000	22192000	246	2.0055761884861665e-08	5.8698124919086305e-09	3.468110291200296e-08
Chr06	22192000	22268000	297	4.089345488900199e-08	2.6314905632318983e-08	4.777735855832111e-08
Chr06	22268000	22344000	465	2.377048915663721e-08	7.346925070149838e-09	3.519715241667626e-08
Chr06	22344000	22420000	485	1.6819284742076918e-09	3.7171165028339896e-10	9.470632644715946e-09
Chr06	22420000	22496000	196	1.1756263732963395e-08	9.0413849008613e-10	2.9513950964742012e-08
Chr06	22496000	22572000	493	5.665630716433524e-09	0	1.8814340481864998e-08
Chr06	22572000	22648000	629	6.700618350157782e-10	4.3200514954039306e-10	7.451393997491226e-09
Chr06	22648000	22724000	191	5.773134603593888e-09	0	2.0412802881232295e-08
Chr06	22724000	22800000	221	5.525531105667003e-09	0	2.0165199383305407e-08
Chr06	22800000	22876000	304	3.205790076846044e-09	0	1.369088100567059e-08
Chr06	22876000	22952000	135	8.556017670958506e-10	1.4396301916584046e-10	8.992056432670736e-09
Chr06	23028000	23104000	462	4.320642162486776e-09	0	1.6439852286826247e-08
Chr06	23104000	23180000	819	2.6846332729536146e-09	0	1.314528459588356e-08
Chr06	23180000	23256000	293	2.4791088089977173e-09	1.206238461144501e-10	1.1809336266302544e-08
Chr06	23256000	23332000	565	0	0	5.234478184235058e-09
Chr06	23332000	23408000	228	5.77779835647689e-09	0	2.0417466634115294e-08
Chr06	23408000	23484000	127	6.251775926079e-09	0	1.9920107015257307e-08
Chr06	23484000	23560000	517	1.1417373131764495e-08	5.652478888872305e-10	2.9175060363543114e-08
Chr06	23560000	23636000	708	5.953901733274296e-09	0	2.0593570010912704e-08
Chr06	23636000	23712000	504	0	0	5.234478184235058e-09
Chr06	23712000	23788000	558	2.293214268554822e-09	0	1.1623441725859649e-08
Chr06	23788000	23864000	570	6.728013227799023e-10	4.347446373045172e-10	7.45413348525535e-09
Chr06	23864000	23940000	706	7.954774608225775e-09	6.278796508101006e-10	2.3696411002620963e-08
Chr06	23940000	24016000	1120	0	0	5.234478184235058e-09
Chr06	24016000	24092000	283	1.5528269258053228e-08	3.0664497262027907e-09	3.2230905598735144e-08
Chr06	24092000	24168000	375	7.061711030585763e-10	4.681144175831911e-10	7.487503265534024e-09
Chr06	24168000	24244000	931	6.56078097461739e-09	0	2.02291120637957e-08
Chr06	24244000	24320000	516	1.1726844791015028e-08	1.8525407499241195e-09	2.821560563660495e-08
Chr06	24320000	24396000	124	3.6455515715337193e-09	0	1.4826324678889152e-08
Chr06	24396000	24472000	106	3.820571552571553e-09	2.2496773788373302e-10	1.4305662481396098e-08
Chr06	24472000	24548000	164	3.692476126670096e-09	0	1.4873249234025529e-08
Chr06	24548000	24624000	265	1.8793723585497213e-09	0	1.0436838982753586e-08
Chr06	24624000	24700000	197	2.9785668928380484e-09	0	1.3439218215767994e-08
Chr06	24700000	24776000	262	2.7747884056151e-09	0	1.3235439728545045e-08
Chr06	24776000	24852000	433	6.430455746111483e-09	0	2.0098786835289793e-08
Chr06	24852000	24928000	158	1.350989850317232e-08	2.830477422377538e-09	2.9704728158264096e-08
Chr06	25080000	25156000	310	1.3700704520120637e-08	2.1541771414509577e-09	3.017168083630585e-08
Chr06	25156000	25232000	94	4.0732105777069345e-09	0	1.5253983685062367e-08
Chr06	25232000	25308000	553	1.0943736863659178e-09	3.827349384359076e-10	9.230828351940803e-09
Chr06	25308000	25384000	883	3.5527182638129004e-09	0	1.4037809192637446e-08
Chr06	25384000	25460000	725	3.666773007024137e-09	7.116919233631682e-11	1.4151863935848682e-08
Chr06	25460000	25536000	605	1.7814705559530652e-09	4.712537320287724e-10	9.57017472646132e-09
Chr06	25536000	25612000	419	4.184705484772768e-09	0	1.630391560911224e-08
Chr06	25612000	25688000	152	0	0	5.234478184235058e-09
Chr06	25764000	25840000	66	6.883301601787949e-09	0	2.119329683500724e-08
Chr06	25840000	25916000	434	5.575860913727785e-09	0	2.021552919136619e-08
Chr06	25916000	25992000	294	5.513460917796088e-09	0	1.866217068322756e-08
Chr06	25992000	26068000	580	1.6429815687559735e-09	0	1.0200448192959839e-08
Chr06	26068000	26144000	310	2.1206272923073168e-08	6.466282472643439e-09	3.4694624425461863e-08
Chr06	26144000	26220000	573	9.927954830730705e-09	2.4740549081190677e-10	2.6358191068938087e-08
Chr06	26220000	26296000	725	7.90992207731273e-09	5.830271198970551e-10	2.3651558471707914e-08
Chr06	26296000	26372000	560	0	0	5.234478184235058e-09
Chr06	26372000	26448000	199	2.82838080263737e-09	0	1.3289032125567315e-08
Chr06	26600000	26676000	324	0	0	5.234478184235058e-09
Chr06	26676000	26752000	503	8.213562510203729e-09	0	2.4008881518508617e-08
Chr06	26752000	26828000	484	4.109640839666299e-09	0	1.529041394702173e-08
Chr06	26828000	26904000	605	1.2516946730929933e-09	5.400559251629832e-10	9.388149338667879e-09
Chr06	26904000	26980000	738	2.0712536902936305e-09	9.690500575224778e-11	1.0628720314497496e-08
Chr06	26980000	27056000	283	1.5921463365841943e-08	2.895022861792724e-09	3.1771895266174695e-08
Chr06	27056000	27132000	617	8.000398203890781e-09	6.735032464751067e-10	2.3742034598285966e-08
Chr06	27132000	27208000	384	4.850556062551866e-08	3.38934928475438e-08	5.3662316625509654e-08
Chr06	27208000	27284000	589	1.751403097483762e-08	3.6384883488414014e-09	3.2290287637522844e-08
Chr06	27360000	27436000	379	1.1444651670340733e-08	5.925264274634687e-10	2.9202338902119352e-08
Chr06	27436000	27512000	508	1.6888646602143146e-09	3.7864783629002177e-10	9.477568830722569e-09
Chr06	27512000	27588000	173	1.2630699833430388e-08	1.8583543289242673e-09	2.922757464124751e-08
Chr06	27588000	27664000	447	7.602306712578316e-09	4.337288923403741e-10	2.31328320228039e-08
Chr06	27664000	27740000	259	5.245899473229538e-08	3.784692695432052e-08	5.761575073228637e-08
Chr06	27740000	27816000	233	1.7895352570359295e-08	3.2984064740690422e-09	3.2474536386114254e-08
Chr06	27816000	27892000	295	2.7959346709840576e-08	1.1326011311920798e-08	3.839427198925283e-08
Chr06	27892000	27968000	746	1.724392011378482e-08	3.3683774877886026e-09	3.202017677647005e-08
Chr06	27968000	28044000	345	1.816428678434294e-09	0	1.0373895302638159e-08
Chr06	28044000	28120000	194	6.541838936779032e-09	0	2.021017002595734e-08
Chr06	28120000	28196000	214	2.768664003924981e-09	4.101790410417138e-10	1.2098891461229808e-08
Chr06	28272000	28348000	114	1.2382570864905478e-09	5.266183385605376e-10	9.374711752065433e-09
Chr06	28348000	28424000	317	1.904584041758456e-08	5.634806889441124e-09	3.316257069121236e-08
Chr06	28424000	28500000	150	1.614418161329409e-08	3.0051014782890024e-09	3.11190157859704e-08
Chr06	28500000	28576000	274	1.7416706553444388e-08	3.54116392744817e-09	3.2192963216129616e-08
Chr06	28576000	28652000	217	6.256786148586232e-09	0	1.992511723776454e-08
Chr06	28652000	28728000	241	2.388639293067581e-08	9.131936074395069e-09	3.673584305681583e-08
Chr06	28728000	28804000	162	2.054943294121732e-08	4.936263739261663e-09	3.428937474775158e-08
Chr06	28804000	28880000	258	8.928383816279853e-09	0	2.69592160657736e-08
Chr06	28880000	28956000	326	7.283802621842319e-09	1.1522480160437658e-10	2.2814327932067905e-08
Chr06	28956000	29032000	88	9.102798896739993e-09	4.999646295604322e-10	2.6121291245437103e-08
Chr06	29032000	29108000	129	1.1454134577923489e-08	6.020093350462238e-10	2.9211821809702104e-08
Chr06	29108000	29184000	239	1.625367068509683e-08	3.114590550091742e-09	3.1228504857773135e-08
Chr06	29184000	29260000	97	3.039830440669216e-08	1.4225324917721262e-08	4.0514059218271494e-08
Chr06	29260000	29336000	530	1.0651385953691428e-08	9.7083661377263e-10	2.708162219189881e-08
Chr06	29336000	29412000	269	6.972323914648646e-09	0	2.1282319147867942e-08
Chr06	29412000	29488000	155	9.048335230515618e-09	4.4550096333605736e-10	2.606682757921273e-08
Chr06	29488000	29564000	260	4.28990657038055e-09	0	1.640911669472002e-08
Chr06	29564000	29640000	59	0	0	5.234478184235058e-09
Chr06	29640000	29716000	62	4.353031888930334e-10	1.9724650341764822e-10	7.216635351368481e-09
Chr06	29792000	29868000	180	1.0323867684593984e-08	1.5645835421373487e-09	2.746649087223213e-08
Chr06	29868000	29944000	212	1.1705753452640093e-08	1.8314494115491844e-09	2.8194514298230013e-08
Chr06	29944000	30020000	365	4.939128644253271e-08	3.477921866455785e-08	5.45480424425237e-08
Chr06	30020000	30096000	255	1.5609096797677302e-08	2.5826562936280825e-09	3.145952869801005e-08
Chr06	30096000	30172000	167	0	0	5.234478184235058e-09
Chr06	30172000	30248000	260	2.2798950652870435e-08	7.535328264630797e-09	3.535464438202531e-08
Chr06	30248000	30324000	363	1.78437789368538e-08	4.5315852339236685e-09	3.403792718146199e-08
Chr06	30324000	30400000	375	5.186553472550403e-08	3.725346694752917e-08	5.702229072549502e-08
Chr06	30400000	30476000	243	3.744839529985324e-08	2.1988019742301043e-08	4.448053408224563e-08
Chr06	30476000	30552000	359	4.386975100316842e-08	3.086409671631113e-08	4.990577512813526e-08
Chr06	30552000	30628000	183	3.0393201622447085e-08	1.4220222133476189e-08	4.050895643402642e-08
Chr06	30628000	30704000	102	3.565320247203971e-09	0	1.4050411176028516e-08
Chr06	31616000	31692000	41	1.3334422677973699e-08	2.655001597178917e-09	2.9529252333065475e-08
Chr06	31844000	31920000	307	8.36749692619202e-09	9.444250688653948e-11	2.4162815934496908e-08
Chr06	31920000	31996000	287	3.409514104123098e-08	1.8969088364169627e-08	4.2519363427569425e-08
Chr06	31996000	32072000	194	5.593741463746815e-09	0	2.0233409741385222e-08
Chr06	32148000	32224000	77	8.175253839399283e-09	0	2.3970572847704167e-08
Chr06	32224000	32300000	380	2.7448777383812752e-08	1.097475936740251e-08	3.805477595209323e-08
Chr06	32300000	32376000	234	1.5167534935913055e-08	2.705715404062618e-09	3.1870171276594974e-08
Chr06	32376000	32452000	497	3.2556698140714284e-09	0	1.3740760742895974e-08
Chr06	32452000	32528000	165	1.1288356061513894e-08	1.4140520204229854e-09	2.7777116907103814e-08
Chr06	32528000	32604000	238	2.904045798240709e-08	1.362465374926394e-08	3.957842261664559e-08
Chr06	32604000	32680000	563	3.2031493304328965e-08	1.587149067938586e-08	4.126011401639406e-08
Chr06	32680000	32756000	463	2.1761290564669222e-08	7.0213001142394926e-09	3.524964206705792e-08
Chr06	32756000	32832000	102	7.661063476188275e-09	3.3416851877259996e-10	2.3402699870583462e-08
Chr06	32832000	32908000	202	4.0734975606766456e-08	2.615642635008345e-08	4.761887927608558e-08
Chr06	32908000	32984000	340	1.3799934949042257e-08	2.253407570372577e-09	3.027091126522747e-08
Chr06	32984000	33060000	380	1.913941003468058e-08	4.739264603043879e-09	3.2941625938205067e-08
Chr06	33060000	33136000	336	3.0983564102291876e-08	1.4585509055129802e-08	4.017024494056089e-08
Chr06	33136000	33212000	314	3.564970430068643e-08	2.0942481705352682e-08	4.3627937485899387e-08
Chr06	33212000	33288000	168	5.719073655970833e-09	0	1.8867783421402307e-08
Chr06	33288000	33364000	332	1.050860480251839e-08	8.280554625995914e-10	2.6938841040725774e-08
Chr06	33364000	33440000	281	5.6086568438140015e-09	0	1.8757366609245475e-08
Chr06	33440000	33516000	379	3.4810381143492688e-09	0	1.3966129043173814e-08
Chr06	33516000	33592000	123	1.7458851016632762e-08	3.583308390636544e-09	3.223510767931799e-08
Chr06	33592000	33668000	588	1.2640673572980803e-08	1.868328068474682e-09	2.9237548380797924e-08
Chr06	33668000	33744000	478	1.6379384385920447e-08	3.2403042509153595e-09	3.1354218558596756e-08
Chr06	33744000	33820000	240	2.0479812847701854e-08	4.866643645746197e-09	3.421975465423611e-08
Chr06	33820000	33896000	254	2.0160034911669003e-08	5.974085518715969e-09	3.4785375938810304e-08
Chr06	33896000	33972000	268	9.097912656010059e-09	4.950783888304981e-10	2.611640500470717e-08
Chr06	33972000	34048000	398	9.13010545859466e-09	5.272711914151002e-10	2.6148597807291775e-08
Chr06	34048000	34124000	388	9.285602384653004e-09	6.827681174734434e-10	2.6304094733350116e-08
Chr06	34124000	34200000	455	1.0108524075281886e-08	1.3492399328252512e-09	2.7251147262920034e-08
Chr06	34200000	34276000	310	1.8404841041911882e-08	4.9938075137684475e-09	3.252157131553969e-08
Chr06	34276000	34352000	238	2.2757521174801518e-08	7.094753247718864e-09	3.455309218363396e-08
Chr06	34352000	34428000	487	1.2793036602191859e-08	1.4700365535010587e-09	2.8739409091331405e-08
Chr06	34428000	34504000	282	1.383576992863254e-08	2.28924254996286e-09	3.030674624481775e-08
Chr06	34504000	34580000	137	1.7390902209151634e-08	3.5153595831554156e-09	3.216715887183686e-08
Chr06	34580000	34656000	159	2.7342950404864622e-08	1.1443653792255375e-08	3.805932512580729e-08
Chr06	34656000	34732000	247	2.2201070880325098e-08	5.937747792085909e-09	3.440669201634396e-08
Chr06	34732000	34808000	215	2.2123772063536193e-08	5.860448975297004e-09	3.432939319955505e-08
Chr06	34808000	34884000	487	1.7160222223825876e-08	3.284679597829658e-09	3.1936478886511104e-08
Chr06	34884000	34960000	235	2.7278820446084387e-08	1.0804802429674145e-08	3.788481901436487e-08
Chr06	34960000	35036000	144	1.0908480835508627e-08	1.0453292511536046e-09	2.772210368506275e-08
Chr06	35036000	35112000	293	4.3889250109814364e-08	3.088359582295707e-08	4.992527423478121e-08
Chr06	35112000	35188000	267	1.6520392427840078e-08	3.3813122928349906e-09	3.149522660051639e-08
Chr06	35264000	35340000	269	3.072811558476644e-08	1.4191904295602172e-08	4.039637777560927e-08
Chr06	35340000	35416000	290	3.4177448160050825e-08	1.809436920254356e-08	4.2264548216337366e-08
Chr06	35720000	35796000	334	1.9987552588269672e-08	5.801603195316638e-09	3.461289361541097e-08
Chr06	35796000	35872000	241	5.233897295414599e-09	0	1.8382607060846073e-08
Chr06	35872000	35948000	235	1.4188802938836603e-08	1.7245599233501714e-09	3.068741670290762e-08
Chr06	35948000	36024000	257	5.143961082205578e-09	0	1.7717911274368456e-08
Chr06	36024000	36100000	297	3.1962474517125953e-08	1.580247189218285e-08	4.119109522919105e-08
Chr06	36100000	36176000	566	1.3290702117671188e-08	2.611281036876406e-09	2.9485531772762964e-08
Chr06	36176000	36252000	206	1.9153508512931793e-09	0	1.0472817475497044e-08
Chr06	36252000	36328000	103	5.6229572077159975e-09	0	1.877166697314747e-08
Chr06	36328000	36404000	296	3.047451850201651e-08	1.3938307212852237e-08	4.014278069285933e-08
Chr06	36404000	36480000	761	0	0	5.234478184235058e-09
Chr06	36480000	36556000	344	2.408077597691231e-08	9.326319120631571e-09	3.693022610305233e-08
Chr06	36556000	36632000	201	1.3730731887553812e-08	2.184204508884132e-09	3.0201708203739026e-08
Chr06	36632000	36708000	271	1.2393732443453181e-08	1.6213869389470606e-09	2.89906072512703e-08
Chr06	36708000	36784000	256	7.292085623594105e-09	1.2350780335616316e-10	2.282261093381969e-08
Chr06	36784000	36860000	247	3.9374153904182384e-08	2.467852097141162e-08	4.6471683224004046e-08
Chr06	36860000	36936000	128	2.3897692680810127e-08	9.143235824529388e-09	3.674714280695015e-08
Chr06	36936000	37012000	306	5.698918772027441e-09	0	2.0338587049665848e-08
Chr06	37012000	37088000	79	1.500568491233229e-08	3.5071047798360166e-09	3.15732798527299e-08
Chr06	37088000	37164000	172	9.225338748983815e-09	6.225044818042542e-10	2.6243831097680927e-08
Chr06	37164000	37240000	138	1.1675084946564047e-08	1.8007809054731385e-09	2.8163845792153967e-08
Chr06	37240000	37316000	320	1.1615374133751166e-08	1.7410700926602574e-09	2.8104134979341086e-08
Chr06	37316000	37392000	141	6.761092933743758e-09	0	2.107108816696305e-08
Chr06	37392000	37468000	327	2.6642000696028242e-08	1.0500692783529895e-08	3.8272001569480914e-08
Chr06	37468000	37544000	653	4.605052962846447e-09	0	1.6724263087185918e-08
Chr06	37544000	37620000	158	1.0247429545928698e-08	5.668802060098998e-10	2.6677665784136084e-08
Chr06	37620000	37696000	229	9.070346348046626e-09	0	2.7101178597540375e-08
Chr06	37696000	37772000	270	1.535750261741628e-08	2.895683085565842e-09	3.206013895809819e-08
Chr06	37772000	37848000	294	4.828817470390793e-08	3.4775257785151484e-08	5.392485089637437e-08
Chr06	37848000	37924000	238	1.561949810452134e-08	2.5930576004721206e-09	3.146993000485409e-08
Chr06	37924000	38000000	254	3.870439166890379e-08	2.3646783308723234e-08	4.571158009840133e-08
Chr06	38000000	38076000	263	2.5886492634588027e-08	9.635541938348641e-09	3.749884424820931e-08
Chr06	38076000	38152000	264	1.8408399149082275e-08	4.9973656209388405e-09	3.2525129422710085e-08
Chr06	38152000	38228000	275	3.429448081098862e-08	1.916842813392727e-08	4.2718703197327067e-08
Chr06	38228000	38304000	313	1.5410081505868656e-08	2.948261974018219e-09	3.211271784655057e-08
Chr06	38304000	38380000	321	5.2634080779166734e-08	3.802201300119188e-08	5.779083677915773e-08
Chr06	38380000	38456000	264	1.6494183868985723e-08	3.355103733980635e-09	3.146901804166203e-08
Chr06	38456000	38532000	324	1.1553026179933178e-08	7.009009370559136e-10	2.9310713411711794e-08
Chr06	38532000	38608000	162	2.2610719353142068e-08	7.3470969649024295e-09	3.516641308229695e-08
Chr06	38608000	38684000	233	1.6159548984752076e-08	3.0204688497469883e-09	3.1134383157428385e-08
Chr06	38684000	38760000	110	1.271169776276259e-08	1.3886977140717894e-09	2.8658070251902136e-08
Chr06	38760000	38836000	167	1.1648186439960362e-08	7.960611970830971e-10	2.9405873671738977e-08
Chr06	38836000	38912000	179	1.1431296860454962e-08	1.556992819364053e-09	2.7920057706044882e-08
Chr06	38912000	38988000	190	1.2402364077595336e-08	1.0793640289045356e-09	2.8348736566734882e-08
Chr06	38988000	39064000	146	8.308002088507657e-09	9.811071310919822e-10	2.4049638482902844e-08
Chr06	39064000	39140000	143	1.0354489509005686e-08	6.739401690868881e-10	2.6784725747213072e-08
Chr06	39140000	39216000	275	7.742373851694896e-09	5.737960314569543e-10	2.3272899161920483e-08
Chr06	39216000	39292000	266	4.8339411447161546e-08	3.48264945284051e-08	5.397608763962799e-08
Chr06	39292000	39368000	341	4.510753781738302e-09	0	1.6629963906077773e-08
Chr06	39368000	39444000	451	7.518795644475575e-09	3.502178242376325e-10	2.3049320954701158e-08
Chr06	39444000	39520000	339	2.583238216503101e-09	2.2475325361983405e-10	1.1913465673807928e-08
Chr06	39520000	39596000	316	5.150112001279668e-08	3.688905223482182e-08	5.665787601278767e-08
Chr06	39596000	39672000	357	4.336231677631098e-08	2.8866782003803667e-08	4.968232520401806e-08
Chr06	39672000	39748000	496	1.2296718016293695e-08	9.737179676028944e-10	2.824309050543324e-08
Chr06	39748000	39824000	470	3.578940653121902e-08	2.0680538685493398e-08	4.35160866269622e-08
Chr06	39824000	39900000	272	4.89784271241317e-08	3.4366359346156845e-08	5.4135183124122696e-08
Chr06	39900000	39976000	289	3.588925432145636e-08	2.0780386475730736e-08	4.361593441719954e-08
Chr06	39976000	40052000	425	1.978633152925757e-08	4.747011650917063e-09	3.416097682555763e-08
Chr06	40052000	40128000	237	3.022576689886424e-08	1.3689555609699966e-08	3.989402908970706e-08
Chr06	40128000	40204000	274	2.2603353052271056e-08	7.339730664031418e-09	3.5159046781425936e-08
Chr06	40204000	40280000	97	1.265899956307932e-08	1.33599951438852e-09	2.8605372052218866e-08
Chr06	40280000	40356000	286	3.066388368303348e-08	1.412767239386921e-08	4.0332145873876305e-08
Chr06	40356000	40432000	85	6.271290318149541e-09	0	1.9939621407327848e-08
Chr06	40432000	40508000	79	3.7022146405197455e-09	0	1.4882987747875178e-08
Chr06	40508000	40584000	150	1.7472970503010348e-08	3.5974278770141296e-09	3.2249227165695575e-08
Chr06	40584000	40660000	335	2.1632492551763372e-08	6.892502101333643e-09	3.512084405415207e-08
Chr06	40660000	40736000	1274	8.117447760329405e-09	0	2.3912766768634293e-08
Chr06	40736000	40812000	140	4.147236190656155e-09	0	1.5328009298011588e-08
Chr06	40888000	40964000	100	7.336809077588319e-09	1.682312573503769e-10	2.2867334387813905e-08
Chr06	40964000	41040000	328	3.46110625374856e-08	1.8527983579978335e-08	4.269816259377214e-08
Chr06	41040000	41116000	253	1.3868969870860123e-08	2.3224424921904436e-09	3.033994618704533e-08
Chr06	41116000	41192000	240	5.744683333274853e-09	0	2.0384351610913257e-08
Chr06	41192000	41268000	301	4.505829040783602e-08	3.1480102544874524e-08	5.102885347400707e-08
Chr06	41268000	41344000	258	1.5663770213894778e-08	2.6373297098455585e-09	3.1514202114227526e-08
Chr06	41344000	41420000	272	5.1294980776663545e-08	3.668291299868869e-08	5.645173677665454e-08
Chr06	41420000	41496000	346	3.6419293353773165e-08	2.0068532919281703e-08	4.378929929264022e-08
Chr06	41496000	41572000	249	2.4848189901653687e-08	9.382181050270081e-09	3.688784290954291e-08
Chr06	41572000	41648000	509	7.952544634614928e-09	6.256496771992537e-10	2.3694181029010113e-08
Chr06	41648000	41724000	296	3.154412419355926e-08	1.3677020929990153e-08	4.006721780221814e-08
Chr06	41724000	41800000	161	3.637217618366608e-09	0	1.4817990725722041e-08
Chr06	41800000	41876000	564	8.107776613313567e-09	7.808816558978921e-10	2.3849413007708754e-08
Chr06	41876000	41952000	159	1.9969420784083808e-08	5.7834713911307736e-09	3.4594761811225106e-08
Chr06	41952000	42028000	575	3.219324218925385e-09	1.5408282488519935e-10	1.367997554185533e-08
Chr06	42028000	42104000	229	1.2318947654415576e-08	1.5466021499094554e-09	2.8915822462232697e-08
Chr06	42104000	42180000	510	3.803707728227449e-08	2.3094421813743917e-08	4.502571068758824e-08
Chr06	42180000	42256000	517	5.931503491096205e-09	0	2.057117176873461e-08
Chr06	42256000	42332000	185	2.4896628563015556e-08	9.43061971163195e-09	3.693628157090478e-08
Chr06	42332000	42408000	268	2.8811426275367188e-08	1.3395622042224038e-08	3.9349390909605695e-08
Chr06	42408000	42484000	198	1.0565960810752872e-08	8.854114708340746e-10	2.6996197048960257e-08
Chr06	42484000	42560000	764	1.6707959463834105e-09	0	1.0228262570587276e-08
Chr06	42560000	42636000	427	1.5685715075747858e-08	3.2238955438974207e-09	3.2388351416429774e-08
Chr06	42636000	42712000	306	1.7416713346966434e-08	3.5411707209702163e-09	3.219297000965166e-08
Chr06	42712000	42788000	284	1.996946874894098e-08	4.93014887060047e-09	3.434411404524103e-08
Chr06	42788000	42864000	172	2.048441200905105e-08	4.871242807095392e-09	3.4224353815585307e-08
Chr06	42864000	42940000	197	8.169765803581857e-09	8.428708461661823e-10	2.391140219797704e-08
Chr06	42940000	43016000	195	1.2714324693027364e-08	1.941979188521243e-09	2.9311199500844485e-08
Chr06	43016000	43092000	244	1.8558918971053345e-08	5.147885442909911e-09	3.2675649244681155e-08
Chr06	43092000	43168000	221	2.0387618643174564e-08	6.20166925022153e-09	3.501295967031586e-08
Chr06	43168000	43244000	222	2.2703288276029063e-08	7.040520348946409e-09	3.4498859284861496e-08
Chr06	43244000	43320000	224	5.1245948531313114e-08	3.6633880753338256e-08	5.6402704531304107e-08
Chr06	43320000	43396000	291	2.4096731412622205e-08	9.342274556341465e-09	3.694618153876223e-08
Chr06	43396000	43472000	244	1.5357471652517808e-09	2.25530341327488e-10	9.324451335760035e-09
Chr06	43472000	43548000	278	4.9382074426641445e-08	3.477000664866659e-08	5.453883042663244e-08
Chr06	43548000	43624000	776	1.390419173508596e-08	2.3576643564162812e-09	3.0375168051271175e-08
Chr06	43624000	43700000	331	4.9577804288623114e-08	3.496573651064826e-08	5.473456028861411e-08
Chr06	43700000	43776000	475	3.050677669225078e-08	1.3970565403086512e-08	4.017503888309361e-08
Chr06	43776000	43852000	189	9.076470602059618e-09	4.736363348800571e-10	2.6094962950756728e-08
Chr06	43852000	43928000	313	8.159387000279587e-09	8.324920428639122e-10	2.390102339467477e-08
Chr06	43928000	44004000	373	4.073810402366758e-08	2.6159554766984576e-08	4.7622007692986705e-08
Chr06	44004000	44080000	408	2.587412757527823e-08	9.623176879038844e-09	3.748647918889951e-08
Chr06	44080000	44156000	166	1.2565831888196079e-08	1.7934863836899582e-09	2.91627066960132e-08
Chr06	44156000	44232000	259	1.9966228890211085e-08	5.780279497258051e-09	3.4591569917352386e-08
Chr06	44232000	44308000	76	6.0246579637399865e-09	0	2.0664326241378394e-08
Chr06	44308000	44384000	229	1.7529969002147277e-08	3.654426376151059e-09	3.23062256648325e-08
Chr06	44384000	44460000	168	1.770374151939616e-08	4.39154781646603e-09	3.389788976400435e-08
Chr06	44460000	44536000	182	2.878271907377457e-08	1.2444234264244088e-08	3.9648433180019715e-08
Chr06	44536000	44612000	596	3.414853577942308e-08	1.8065456821915813e-08	4.223563583570962e-08
Chr06	44612000	44688000	237	2.9447089824936648e-08	1.3392648315397929e-08	3.929216062797507e-08
Chr06	44688000	44764000	280	4.4388557229035805e-08	3.040324436569533e-08	5.051387756886951e-08
Chr06	44764000	44840000	304	5.014955666990104e-09	0	1.8163665432421578e-08
Chr06	44840000	44916000	382	4.588767219024242e-08	3.27371013357503e-08	5.135720554980133e-08
Chr06	44916000	44992000	265	3.207775483663317e-09	0	1.3692866412487862e-08
Chr06	44992000	45068000	274	5.314111635312189e-09	0	1.7888061827475066e-08
Chr06	45068000	45144000	412	9.10168146847321e-09	0	2.713251371796696e-08
Chr06	45144000	45220000	243	2.4653471849861406e-08	9.1874629984778e-09	3.669312485775063e-08
Chr06	45220000	45296000	156	4.7868742662663885e-08	3.325667488468903e-08	5.302549866265488e-08
Chr06	45448000	45524000	202	1.9172156509311747e-08	4.772011077675045e-09	3.2974372412836236e-08
Chr06	45524000	45600000	328	4.833808076603123e-08	3.4825163847274787e-08	5.397475695849767e-08
Chr06	45600000	45676000	241	4.584937201134052e-08	3.2698801156848406e-08	5.131890537089943e-08
Chr06	45676000	45752000	253	8.138123276282792e-09	8.112283188671177e-10	2.387975967067798e-08
Chr06	45752000	45828000	315	3.9368855806178547e-08	2.4673222873407783e-08	4.646638512600021e-08
Chr06	45828000	45904000	211	2.4156074101459345e-08	9.401617245178606e-09	3.700552422759937e-08
Chr06	45904000	45980000	202	2.665048920182185e-08	1.0509181289323502e-08	3.828049007527452e-08
Chr06	45980000	46056000	345	2.222624300247266e-08	5.96291991423347e-09	3.443186413849152e-08
Chr06	46056000	46132000	381	2.5874678699754026e-08	9.62372800351464e-09	3.748703031337531e-08
Chr06	46132000	46208000	476	4.8819762912325814e-08	3.652470363052862e-08	5.4449002386884106e-08
Chr06	46208000	46284000	527	3.1987626683302506e-08	1.5827624058359403e-08	4.12162473953676e-08
Chr06	46284000	46360000	324	7.939547496951437e-09	0	2.3734866505256322e-08
Chr06	46360000	46436000	102	1.2254852650483836e-09	5.138465171183735e-10	9.361939930623269e-09
Chr06	46436000	46512000	128	1.7818363708013636e-08	3.221417611723383e-09	3.23975475237686e-08
Chr06	46512000	46588000	265	2.8120663136719604e-08	1.1487327738799826e-08	3.855558841613186e-08
Chr06	46588000	46664000	515	1.5525511088103486e-08	3.063691556253049e-09	3.22281474287854e-08
Chr06	46664000	46740000	606	2.772804697178339e-09	0	1.3233456020108284e-08
Chr06	46740000	46816000	343	3.621869353689367e-09	0	1.48026424610448e-08
Chr06	46816000	46892000	270	1.5939154121838874e-08	2.9127136177896547e-09	3.178958602217162e-08
Chr06	46892000	46968000	320	6.309600687334498e-09	0	1.9977931776512805e-08
Chr06	46968000	47044000	161	2.140423689846818e-08	6.66424644803845e-09	3.489258840085688e-08
Chr06	47044000	47120000	427	4.882600256841762e-08	3.4213934790442765e-08	5.3982758568408616e-08
Chr06	47120000	47196000	342	7.691415234299032e-09	3.6452027688335706e-10	2.343305162869422e-08
Chr06	47196000	47272000	607	5.292168376251976e-10	2.9116015214981243e-10	7.310549000100645e-09
Chr06	47272000	47348000	513	7.742405712378564e-09	4.1551075496288906e-10	2.348404210677375e-08
Chr06	47348000	47424000	150	2.6334287573619886e-09	2.7494379447872146e-10	1.1963656214666816e-08
Chr06	47424000	47500000	314	3.995492685526961e-09	0	1.5176265792882394e-08
Chr06	47500000	47576000	331	1.551928388868877e-08	2.4928433846395498e-09	3.136971578902152e-08
Chr06	47576000	47652000	73	3.4861502396871543e-09	0	1.39712411685117e-08
Chr06	47652000	47728000	316	3.416431543275009e-08	1.8081236475242824e-08	4.225141548903663e-08
Chr06	47728000	47804000	350	8.945943372382317e-09	0	2.6976775621876064e-08
Chr06	47804000	47880000	230	1.3340304169683036e-08	2.660883088888255e-09	2.9535133824774813e-08
Chr06	47880000	47956000	153	2.748818915275905e-08	1.1014171136348806e-08	3.809418772103953e-08
Chr06	47956000	48032000	340	3.564506262675007e-08	2.0937840031416324e-08	4.362329581196303e-08
Chr06	48032000	48108000	261	2.026759744299332e-08	4.654428241037662e-09	3.400753924952757e-08
Chr06	48184000	48260000	57	2.4333850088825666e-09	7.490004599929944e-11	1.1763612466187394e-08
Chr06	48260000	48336000	46	3.61280187114793e-09	1.7198056460109876e-11	1.4097892799972475e-08
Chr06	48336000	48412000	326	4.8882631669793434e-08	3.4270563891818576e-08	5.403938766978443e-08
Chr06	48716000	48792000	436	3.3530717387517226e-08	1.798825846763563e-08	4.2551594765935616e-08
Chr06	48792000	48868000	308	1.6547135127365118e-08	3.40805499236003e-09	3.1521969300041426e-08
Chr06	48868000	48944000	383	1.9783337284416806e-08	4.744017406076298e-09	3.415798258071686e-08
Chr06	48944000	49020000	501	2.6154945027071908e-08	9.903994330832522e-09	3.776729664069319e-08
Chr06	49628000	49704000	120	0	0	5.234478184235058e-09
Chr06	50008000	50084000	47	3.521473157553394e-09	0	1.400656408637794e-08
Chr06	50084000	50160000	269	4.4387966192618e-08	3.0402653329277516e-08	5.051328653245171e-08
Chr06	50160000	50236000	104	3.583366887490452e-08	2.0724801029178897e-08	4.35603489706477e-08
Chr06	50312000	50388000	243	4.238537517642503e-08	2.660140677746146e-08	4.8793326590358714e-08
Chr06	50388000	50464000	241	1.591493351737256e-08	2.888493013323341e-09	3.1765365417705306e-08
Chr06	50464000	50540000	378	3.1979974629910534e-08	1.581997200496743e-08	4.120859534197563e-08
Chr06	50540000	50616000	239	3.1014861009156964e-08	1.4616805961994891e-08	4.020154184742598e-08
Chr06	50616000	50692000	193	1.2714033420769742e-08	1.9416879162636214e-09	2.9310908228586863e-08
Chr06	50692000	50768000	240	2.1274499628065397e-08	6.534509177635668e-09	3.476285113045409e-08
Chr06	50768000	50844000	192	3.1105929021343074e-08	1.4707873974181001e-08	4.029260985961209e-08
Chr06	50844000	50920000	224	3.566296950166702e-08	2.0955746906333275e-08	4.364120268687998e-08
Chr06	50920000	50996000	231	0	0	5.234478184235058e-09
Chr06	50996000	51072000	372	0	0	5.234478184235058e-09
Chr06	51072000	51148000	343	1.3343221138210551e-08	2.66380005741577e-09	2.9538050793302328e-08
Chr06	51148000	51224000	395	1.0106200690742938e-08	1.346916548286303e-09	2.724882387838109e-08
Chr06	51224000	51300000	839	7.636245041782114e-09	3.0935008436643904e-10	2.3377881436177298e-08
Chr06	51300000	51376000	140	1.2472032495343777e-08	1.1490324466529763e-09	2.8418404984483323e-08
Chr06	51376000	51452000	106	1.8400038983064555e-09	0	1.039747052251032e-08
Chr06	51604000	51680000	311	0	0	5.234478184235058e-09
Chr06	51680000	51756000	210	0	0	5.234478184235058e-09
Chr06	51756000	51832000	200	1.1818416373022627e-08	1.944112331931718e-09	2.8307177218612547e-08
Chr06	51832000	51908000	366	1.914354103026096e-08	5.732507502117524e-09	3.3260271303888765e-08
Chr06	51908000	51984000	366	1.2506055302928903e-08	1.1830552542381029e-09	2.845242779206845e-08
Chr06	51984000	52060000	225	9.181894281623735e-09	3.9557571724010605e-11	2.7212726531117483e-08
Chr06	52060000	52136000	300	2.886015281222565e-08	1.3444348579082501e-08	3.939811744646415e-08
