chrom	start	end	nSites	recombRate	CI95LO	CI95HI
Chr09	512000	640000	363	1.2730914716299056e-08	4.699977823021671e-09	2.735431898157836e-08
Chr09	640000	768000	356	1.2686704002277273e-08	4.655767108999888e-09	2.7310108267556578e-08
Chr09	768000	896000	872	1.1432944123402107e-08	3.561664495311019e-09	2.4017780585228496e-08
Chr09	896000	1024000	430	3.281242520274224e-08	2.0504938439678763e-08	4.248040584102602e-08
Chr09	1024000	1152000	419	2.880633124819649e-08	1.422960413395042e-08	3.955228675140727e-08
Chr09	1152000	1280000	320	1.1486039201943397e-08	3.6147595738523087e-09	2.4070875663769786e-08
Chr09	1408000	1536000	91	4.249262550996321e-09	0	1.1804637143623438e-08
Chr09	1536000	1664000	135	4.799612697456762e-09	0	1.2714139198297443e-08
Chr09	1664000	1792000	347	2.883602913488556e-09	1.443132295156994e-10	9.448831096808057e-09
Chr09	1792000	1920000	393	9.639945353813786e-09	2.444994896168609e-09	2.280016311380255e-08
Chr09	1920000	2048000	537	4.361131443984202e-09	0	1.191650603661132e-08
Chr09	2048000	2176000	327	1.2349252454796166e-08	4.318315561518781e-09	2.697265672007547e-08
Chr09	2176000	2304000	328	1.7701541868665935e-08	6.72498584899531e-09	3.239951706115621e-08
Chr09	2304000	2432000	232	2.4942395091143108e-09	4.632827729933406e-10	8.58761238205385e-09
Chr09	2432000	2560000	475	1.805117720078376e-08	6.769156949426266e-09	3.206742101081706e-08
Chr09	2560000	2688000	290	2.7782695651960288e-09	7.473128290750586e-10	8.871642438135567e-09
Chr09	2688000	2816000	212	2.982160944470878e-09	2.428712604980217e-10	9.54738912779038e-09
Chr09	2816000	2944000	553	1.5016425874224435e-08	5.3598758701575915e-09	2.8430508785336222e-08
Chr09	2944000	3072000	727	1.4513128019631676e-08	5.5266706636011345e-09	2.8297511876206e-08
Chr09	3072000	3200000	867	4.2901422099287796e-08	3.0503185484146855e-08	4.960376051688461e-08
Chr09	3200000	3328000	492	7.819029784733935e-09	1.620204154157214e-09	1.9586788907438937e-08
Chr09	3328000	3456000	782	1.0825766466663972e-08	3.368384599082368e-09	2.354750239802869e-08
Chr09	3456000	3584000	947	3.703113746775686e-08	2.302422392761359e-08	4.509934818950243e-08
Chr09	3584000	3712000	503	1.2880823714023916e-08	4.235895562910297e-09	2.525378974354078e-08
Chr09	3712000	3840000	176	2.832109205895995e-08	1.4208008468287747e-08	3.935683762078702e-08
Chr09	3968000	4096000	615	4.601037612935045e-08	3.396487406688721e-08	5.230052319922663e-08
Chr09	4096000	4224000	518	6.249025110535111e-09	6.008335516304977e-10	1.6134788784868356e-08
Chr09	4224000	4352000	522	9.491985766541764e-09	2.6511132758430072e-09	2.0470597119893407e-08
Chr09	4608000	4736000	145	2.514958671260293e-09	4.840019351393229e-10	8.608331544199832e-09
Chr09	4736000	4864000	451	6.049992962702152e-09	4.0180140379753866e-10	1.59357566370354e-08
Chr09	4864000	4992000	407	1.4318631738787876e-08	5.3321743827573345e-09	2.81030155953622e-08
Chr09	4992000	5120000	1265	1.70295909024619e-08	6.053034882791274e-09	3.1727566094952174e-08
Chr09	5120000	5248000	651	4.6417412769896936e-08	3.4297901153392894e-08	5.2035868070901066e-08
Chr09	5248000	5376000	794	9.803328978414402e-09	2.6083785207692247e-09	2.2963546738403166e-08
Chr09	5376000	5504000	401	1.3556767461420697e-08	4.243206028232187e-09	2.6961487106814162e-08
Chr09	5504000	5632000	555	1.0452792554083324e-08	3.5827172010340367e-09	2.228529109061811e-08
Chr09	5632000	5760000	380	1.038009082847281e-08	2.9227089608912073e-09	2.310182675983753e-08
Chr09	5760000	5888000	645	1.757762648790668e-08	6.015837184179926e-09	3.184801313804592e-08
Chr09	5888000	6016000	203	3.722739367634522e-08	2.331621346857451e-08	4.535936592748049e-08
Chr09	6528000	6656000	231	7.487224755785125e-09	1.288399125208404e-09	1.9254983878490124e-08
Chr09	6912000	7040000	909	2.007061527957081e-08	7.823327007144094e-09	3.453086338959725e-08
Chr09	7040000	7168000	1389	0	0	3.5372576423497973e-09
Chr09	7168000	7296000	578	6.2265604316295906e-09	1.3437842926593331e-09	1.5813970675113008e-08
Chr09	7296000	7424000	259	1.2375903004877874e-08	4.344966111600489e-09	2.699930727015718e-08
Chr09	7424000	7552000	1123	1.5043560710459997e-09	4.5299529482962956e-10	6.395527183621418e-09
Chr09	7552000	7680000	510	2.5800253396105456e-08	1.159912918619386e-08	3.8185006530248014e-08
Chr09	7680000	7808000	622	3.0510468498096034e-08	1.566647184401683e-08	4.03359827669646e-08
Chr09	7808000	7936000	713	5.317685639511392e-09	5.360544152070859e-10	1.3297600657175428e-08
Chr09	7936000	8064000	1151	9.513707058553387e-09	2.67283456785463e-09	2.049231841190503e-08
Chr09	8064000	8192000	488	3.533581561555305e-08	2.212123862733445e-08	4.390744151351039e-08
Chr09	8320000	8448000	134	1.608343577205623e-09	5.569828009892529e-10	6.499514689781042e-09
Chr09	8448000	8576000	238	7.707869673952208e-09	1.5090440433754873e-09	1.9475628796657207e-08
Chr09	8576000	8704000	307	1.4612962625103014e-08	4.95641262103617e-09	2.80270455362148e-08
Chr09	8704000	8832000	1570	1.368583582938067e-09	3.172228067216969e-10	6.2597546955134855e-09
Chr09	8832000	8960000	633	1.4491294814640136e-08	5.504837458609594e-09	2.827567867121446e-08
Chr09	8960000	9088000	243	5.370968087511486e-09	5.893368632071803e-10	1.3350883105175523e-08
Chr09	9088000	9216000	521	3.110714532503475e-08	1.6461687944865658e-08	4.0772922126205724e-08
Chr09	9216000	9344000	321	3.443609718563526e-09	2.849479419824416e-10	1.0422716788601096e-08
Chr09	9344000	9472000	304	6.697815135001928e-09	1.0549443865562114e-09	1.5688277465162582e-08
Chr09	9472000	9600000	817	1.5245332640860914e-08	5.3049869387412564e-09	2.9897251074944116e-08
Chr09	9600000	9728000	247	1.052327060101315e-08	3.6531952479638626e-09	2.2355769137547934e-08
Chr09	9856000	9984000	314	1.7523354203512223e-08	5.961564899785468e-09	3.179374085365146e-08
Chr09	9984000	10112000	850	2.6286517413419114e-08	1.2085393203507517e-08	3.867127054756167e-08
Chr09	10112000	10240000	296	1.3876056598835845e-08	4.889599242805304e-09	2.7660440455410168e-08
Chr09	10240000	10368000	662	3.0157568819124284e-09	2.76467197939572e-10	9.58098506523193e-09
Chr09	10368000	10496000	999	2.2651194171799085e-08	1.0425311487785273e-08	3.6174796409851575e-08
Chr09	10624000	10752000	154	5.563000587145854e-09	7.81369362841548e-10	1.354291560480989e-08
Chr09	10752000	10880000	161	3.415768821331766e-09	2.571070447506817e-10	1.0394875891369336e-08
Chr09	10880000	11008000	275	3.0404449601785754e-08	1.556045294770655e-08	4.022996387065432e-08
Chr09	11008000	11136000	556	1.842569568373513e-08	7.143675432377636e-09	3.244193949376843e-08
Chr09	11136000	11264000	320	1.0325206670021614e-08	3.4551313169723266e-09	2.21577052065564e-08
Chr09	11264000	11392000	444	4.588799749466834e-09	1.6303777034579922e-10	1.2144174342093951e-08
Chr09	11648000	11776000	418	6.525601083893715e-09	8.774095249891015e-10	1.641136475822696e-08
Chr09	11776000	11904000	95	5.22623408275395e-09	4.4460285844964414e-10	1.3206149100417986e-08
Chr09	12928000	13056000	498	1.2985908306516989e-08	4.3409801554033705e-09	2.535887433603385e-08
Chr09	13056000	13184000	409	6.978497975593331e-09	1.3356272271476142e-09	1.5968960305753982e-08
Chr09	13184000	13312000	719	4.5056416227819006e-09	7.987964366086604e-11	1.2061016215409018e-08
Chr09	13312000	13440000	827	2.7881145161265118e-09	7.571577800055416e-10	8.88148738906605e-09
Chr09	13440000	13568000	715	6.150255123151426e-09	5.020635642468126e-10	1.6036018797484674e-08
Chr09	13568000	13696000	565	2.1307527606095857e-08	9.738023406979904e-09	3.41624553950037e-08
Chr09	13696000	13824000	310	4.993754587197488e-09	1.7418761945771315e-10	1.2908281088038168e-08
Chr09	13952000	14080000	243	1.8487308018308767e-08	7.205287766951272e-09	3.2503551828342064e-08
Chr09	14080000	14208000	1073	1.5785356223716165e-08	5.750067223928271e-09	3.1428007042819376e-08
Chr09	14208000	14336000	1706	1.703954157746244e-08	7.2663209890908394e-09	3.1101746400269166e-08
Chr09	14336000	14464000	573	2.8164776756431966e-08	1.4051693165759762e-08	3.920052231825903e-08
Chr09	14464000	14592000	844	1.9543758585862182e-08	7.890423910851896e-09	3.366039657775218e-08
Chr09	14592000	14720000	959	1.300866225011605e-08	4.363734099002432e-09	2.5381628279632912e-08
Chr09	14720000	14848000	762	1.8157431368699552e-08	6.875411117342057e-09	3.217367517873285e-08
Chr09	14848000	14976000	488	1.298336313404943e-08	4.338434982935812e-09	2.5356329163566292e-08
Chr09	14976000	15104000	497	2.1561075035304146e-08	9.470517746624342e-09	3.53142190811402e-08
Chr09	15104000	15232000	66	2.3734514907570983e-09	3.424947546361281e-10	8.466824363696637e-09
Chr09	15232000	15360000	530	1.553525530053894e-08	5.499966300751047e-09	3.117790611964215e-08
Chr09	15360000	15488000	298	1.4555482843403128e-08	5.569025487372587e-09	2.833986669997745e-08
Chr09	15488000	15616000	1204	0	0	3.5372576423497973e-09
Chr09	15616000	15744000	1273	0	0	3.5372576423497973e-09
Chr09	15744000	15872000	691	6.1604832912555714e-09	5.122917323509579e-10	1.6046246965588816e-08
Chr09	15872000	16000000	87	1.2136878075410244e-08	4.105941182132859e-09	2.676028234068955e-08
Chr09	16000000	16128000	45	6.250679374453426e-09	1.3679032354831689e-09	1.5838089617936844e-08
Chr09	16128000	16256000	90	2.2108249744221494e-09	1.798682383011792e-10	8.304197847361688e-09
Chr09	16256000	16384000	86	1.6912315595370244e-08	7.1390950069986436e-09	3.0974520418176973e-08
Chr09	16384000	16512000	1171	1.1129167642179005e-08	3.6717857745974018e-09	2.3850903573543725e-08
Chr09	16512000	16640000	50	3.061893855709795e-09	3.2260417173693853e-10	9.627122039029296e-09
Chr09	16640000	16768000	329	9.845474389261309e-09	2.6505239316161314e-09	2.3005692149250073e-08
Chr09	16768000	16896000	755	9.85439351463064e-09	2.6594430569854623e-09	2.3014611274619404e-08
Chr09	16896000	17024000	694	4.828852506937512e-09	9.285539197737853e-12	1.2743379007778193e-08
Chr09	17024000	17152000	874	6.287559788290488e-09	1.4047836493202301e-09	1.5874970031773905e-08
Chr09	17152000	17280000	396	1.9799698966041382e-08	7.552410693614668e-09	3.4259947076067824e-08
Chr09	17280000	17408000	73	1.0529301352427122e-08	3.0719194848455186e-09	2.325103728379184e-08
Chr09	17408000	17536000	449	5.122804659031062e-08	3.912384001992592e-08	5.671840045074845e-08
Chr09	17536000	17664000	598	2.4310970066735634e-08	1.0392291612496747e-08	3.745599771089256e-08
Chr09	17664000	17792000	645	2.824601031899253e-08	1.4132926728320325e-08	3.92817558808196e-08
Chr09	17792000	17920000	260	9.636979659845924e-09	2.442029202200747e-09	2.2797197419834688e-08
Chr09	18048000	18176000	541	3.8172853993930096e-08	2.4402276160347275e-08	4.602823602766913e-08
Chr09	18176000	18304000	424	8.743407499673676e-09	2.387438415291935e-09	1.942578910118592e-08
Chr09	18688000	18816000	68	5.5483111607058324e-09	7.666799364015263e-10	1.3528226178369869e-08
Chr09	18816000	18944000	1233	0	0	3.5372576423497973e-09
Chr09	18944000	19072000	805	2.6647286948094575e-08	1.2809395759621681e-08	3.814876396332454e-08
Chr09	19072000	19200000	732	6.952981816171714e-09	1.310111067725997e-09	1.5943444146332368e-08
Chr09	19200000	19328000	477	1.3479344553051123e-08	4.752142081247871e-09	2.8118313479001854e-08
Chr09	19328000	19456000	731	2.3555621411736715e-08	1.0695678456768653e-08	3.605378640356214e-08
Chr09	19456000	19584000	727	4.2798655462000023e-08	3.040041884685908e-08	4.950099387959684e-08
Chr09	19584000	19712000	285	1.2736733208900916e-08	4.091805057787298e-09	2.5109699238417776e-08
Chr09	19712000	19840000	525	1.5647289519519887e-08	5.6120005197319925e-09	3.12899403386231e-08
Chr09	19840000	19968000	746	1.252225805219303e-08	4.491321158915645e-09	2.7145662317472334e-08
Chr09	19968000	20096000	955	9.242963302916772e-09	2.886994218535031e-09	1.9925344904429017e-08
Chr09	20096000	20224000	602	3.516110251420537e-08	2.067230937117495e-08	4.424594756822467e-08
Chr09	20224000	20352000	554	5.106264598859464e-08	3.8958439418209946e-08	5.6552999849032474e-08
Chr09	20352000	20480000	399	3.278803749920148e-08	2.0480550736138e-08	4.245601813748526e-08
Chr09	20480000	20608000	249	1.9712415743873134e-08	7.465127471446419e-09	3.417266385389957e-08
Chr09	20608000	20736000	407	3.354190964452991e-08	2.036541916803353e-08	4.278361402407777e-08
Chr09	20736000	20864000	670	4.87762183608887e-08	3.653724998878622e-08	5.446540650369875e-08
Chr09	20864000	20992000	973	8.80672142023745e-09	2.450752335855709e-09	1.9489103021749695e-08
Chr09	20992000	21120000	569	2.956298574895288e-08	1.5059858161180157e-08	4.017879655714284e-08
Chr09	21120000	21248000	256	4.360649879040307e-09	0	1.1916024471667425e-08
Chr09	21248000	21376000	201	0	0	3.5372576423497973e-09
Chr09	21376000	21504000	86	1.5466642644091527e-09	4.953034881927826e-10	6.437835376984571e-09
Chr09	21504000	21632000	513	8.869007666332728e-10	4.970783700484681e-10	5.802259020387493e-09
Chr09	21632000	21760000	493	2.7781423913552144e-09	7.471856552342443e-10	8.871515264294753e-09
Chr09	21760000	21888000	317	2.0277979799309686e-08	8.6246451242994e-09	3.4394617791199684e-08
Chr09	21888000	22016000	649	4.938473807196601e-08	3.7280531501581314e-08	5.487509193240384e-08
Chr09	22016000	22144000	1360	1.449291493623249e-09	3.9793071740687893e-10	6.340462606198668e-09
Chr09	22144000	22272000	361	4.005802584773865e-09	3.571079050484702e-10	1.1640983983009465e-08
Chr09	22272000	22400000	691	1.0751103384663239e-08	3.881028031613951e-09	2.2583601921198025e-08
Chr09	22400000	22528000	735	4.607584173581179e-09	1.8182219446014477e-10	1.2162958766208297e-08
Chr09	22528000	22656000	595	1.6256163766950762e-08	6.043645247214171e-09	3.1579621203217826e-08
Chr09	22656000	22784000	501	4.850621778829656e-08	3.6402011217911876e-08	5.39965716487344e-08
Chr09	22784000	22912000	468	1.5510170684350498e-08	5.474881684562604e-09	3.115282150345371e-08
Chr09	22912000	23040000	537	1.7771083916127345e-08	6.79452789645672e-09	3.2469059108617616e-08
Chr09	23040000	23168000	610	3.7813026633069954e-08	2.4042448799487133e-08	4.5668408666808986e-08
Chr09	23168000	23296000	715	2.8900599532996605e-09	1.5077026932680407e-10	9.455288136619162e-09
Chr09	23296000	23424000	537	2.4860634633772086e-08	1.2552635214124757e-08	3.6675525121954164e-08
Chr09	23424000	23552000	562	3.651631540228055e-08	2.2847610212351863e-08	4.513182228797023e-08
Chr09	23552000	23680000	620	3.540058949180941e-08	2.2186012503590814e-08	4.3972215389766754e-08
Chr09	23680000	23808000	584	7.714997090161503e-09	1.9722053813211024e-09	1.9346391249101156e-08
Chr09	23808000	23936000	377	1.7496369767798307e-08	6.5198137481276825e-09	3.219434496028858e-08
Chr09	23936000	24064000	422	1.9964339010044833e-08	8.311004335034547e-09	3.408097700193483e-08
Chr09	24064000	24192000	605	2.560242357205639e-08	1.3121760846533882e-08	3.827494686945315e-08
Chr09	24192000	24320000	316	1.2681229592342883e-08	4.650292699065499e-09	2.7304633857622187e-08
Chr09	24320000	24448000	445	2.080907687351336e-08	8.577627042755948e-09	3.414042676419066e-08
Chr09	24448000	24576000	546	2.4656666723474885e-08	1.1421619021243501e-08	3.7460116845808855e-08
Chr09	24576000	24704000	298	3.029321912147877e-08	1.5449222467399566e-08	4.011873339034734e-08
Chr09	24704000	24832000	488	3.0955215824363765e-08	1.6309758444194673e-08	4.062099262553474e-08
Chr09	24832000	24960000	661	5.481675459419903e-09	7.000442351155968e-10	1.3461590477083939e-08
Chr09	24960000	25088000	401	4.271702738108648e-09	6.230080583832531e-10	1.1906884136344248e-08
Chr09	25088000	25216000	632	2.3397315110194667e-08	1.0829026322710163e-08	3.6406029482570275e-08
Chr09	25216000	25344000	540	2.0262522242871127e-08	8.609187567860842e-09	3.437916023476113e-08
Chr09	25344000	25472000	648	2.863024738428922e-08	1.4765724832035434e-08	4.0168512572027485e-08
Chr09	25472000	25600000	576	3.371598212980724e-08	1.9971607691233782e-08	4.3076045343200015e-08
Chr09	25600000	25728000	655	4.913447012714451e-08	3.703026355675982e-08	5.462482398758234e-08
Chr09	25728000	25856000	264	1.3769312779673412e-08	5.0421103078701605e-09	2.8408281705624144e-08
Chr09	25856000	25984000	386	4.8748327955142425e-08	3.664412138475774e-08	5.423868181558026e-08
Chr09	26112000	26240000	661	5.26366986598581e-08	4.053249208947341e-08	5.8127052520295935e-08
Chr09	26240000	26368000	586	2.331896509505431e-08	1.0459022140086248e-08	3.581713008687974e-08
Chr09	26368000	26496000	434	4.89516246657708e-08	3.684741809538611e-08	5.4441978526208636e-08
Chr09	26496000	26624000	570	5.542812163828887e-09	7.611809395245805e-10	1.3522727181492923e-08
Chr09	26624000	26752000	381	1.4360432932438968e-08	5.373975576408426e-09	2.814481678901329e-08
Chr09	26752000	26880000	595	4.380923195241048e-08	3.066767157916838e-08	4.974091323190232e-08
Chr09	26880000	27008000	496	5.365811612179143e-09	5.841803878748368e-10	1.3345726629843179e-08
Chr09	27008000	27136000	555	4.900508176584561e-08	3.6900875195460916e-08	5.4495435626283445e-08
Chr09	27136000	27264000	497	2.3524141342513894e-08	1.095585255502939e-08	3.65328557148895e-08
Chr09	27264000	27392000	231	1.7851855096593738e-08	6.5698348452362434e-09	3.186809890662704e-08
Chr09	27392000	27520000	587	2.5142813886557108e-08	1.2834814466909779e-08	3.6957704374739185e-08
Chr09	27520000	27648000	1481	2.8996040281759117e-08	1.441931316751305e-08	3.97419957849699e-08
Chr09	27648000	27776000	659	1.72150480906132e-08	6.238492070942575e-09	3.191302328310347e-08
Chr09	27776000	27904000	593	1.142923403855266e-08	3.5579544104615714e-09	2.401407050037905e-08
Chr09	27904000	28032000	431	1.7272032835375952e-08	5.710243531649197e-09	3.1542419485515186e-08
Chr09	28032000	28160000	348	1.92332769800353e-08	7.7277966338053e-09	3.366412256520246e-08
Chr09	28160000	28288000	389	4.2265365319552314e-08	2.9733019447378535e-08	4.8394594799064645e-08
Chr09	28288000	28416000	862	2.9713189506283856e-09	2.320292666555292e-10	9.536547133947887e-09
Chr09	28416000	28544000	258	2.14391943927312e-08	9.869690193615247e-09	3.4294122181639044e-08
Chr09	28544000	28672000	702	3.699965939867773e-08	2.2992745858534458e-08	4.50678701204233e-08
Chr09	28672000	28800000	812	2.8566490474846594e-08	1.4701967922592807e-08	4.010475566258486e-08
Chr09	28800000	28928000	546	5.080998039296093e-08	3.8705773822576234e-08	5.630033425339876e-08
Chr09	28928000	29056000	258	5.044325688911355e-09	2.2475872117158061e-10	1.2958852189752036e-08
Chr09	29312000	29440000	519	4.880225135930024e-08	3.6698044788915545e-08	5.429260521973807e-08
Chr09	29440000	29568000	287	2.608669127690665e-08	1.1885567066995053e-08	3.8471444411049204e-08
Chr09	29568000	29696000	422	3.445151216525182e-08	2.107515139066556e-08	4.321421117609652e-08
Chr09	29696000	29824000	362	4.183679276324811e-08	2.839010246867631e-08	4.864615019671633e-08
Chr09	29952000	30080000	562	5.335295529655173e-08	4.124874872616704e-08	5.8843309156989565e-08
Chr09	30080000	30208000	688	3.0320638356431876e-08	1.7049087786805064e-08	4.09306785806112e-08
Chr09	30208000	30336000	426	1.103901043408594e-08	3.1677308059948517e-09	2.362384689591233e-08
Chr09	30336000	30464000	934	1.3884992680717283e-08	4.898535324686741e-09	2.7669376537291605e-08
Chr09	30464000	30592000	444	4.2519281146998565e-09	0	1.1807302707326974e-08
Chr09	30592000	30720000	488	2.0026947597849315e-08	7.7796593254226e-09	3.448719570787576e-08
Chr09	30720000	30848000	443	4.877950250265481e-08	3.6675295932270125e-08	5.4269856363092646e-08
Chr09	30848000	30976000	608	4.930175629300701e-08	3.7197549722622315e-08	5.479211015344484e-08
Chr09	30976000	31104000	460	5.110299231350678e-08	3.899878574312209e-08	5.6593346173944615e-08
Chr09	31104000	31232000	618	5.158773829907388e-08	3.948353172868919e-08	5.7078092159511716e-08
Chr09	31232000	31360000	568	1.0752078384109506e-08	3.882003031060218e-09	2.258457692064429e-08
Chr09	31360000	31488000	926	0	0	3.5372576423497973e-09
Chr09	31488000	31616000	541	1.1856320033572515e-12	1.1856320033572515e-12	3.5384432743531545e-09
Chr09	31744000	31872000	605	1.5528652608874128e-09	5.015044846710427e-10	6.444036373462831e-09
Chr09	31872000	32000000	186	1.2001007468566761e-08	4.281195612134205e-09	2.5238445236721095e-08
Chr09	32000000	32128000	1073	9.392088171102833e-09	2.5512156804040765e-09	2.0370699524454476e-08
Chr09	32128000	32256000	603	1.7242429636148988e-08	7.469209047777387e-09	3.130463445895572e-08
Chr09	32256000	32384000	304	3.01876136711112e-08	1.691606310148439e-08	4.079765389529053e-08
Chr09	32384000	32512000	514	4.9489617490662564e-08	3.7385410920277877e-08	5.49799713511004e-08
Chr09	32512000	32640000	371	1.8399175698796664e-08	7.117155447439169e-09	3.2415419508829964e-08
Chr09	32640000	32768000	373	8.754013797997852e-09	2.3980447136161113e-09	1.9436395399510097e-08
Chr09	32768000	32896000	585	1.716498670187039e-08	7.391766113498789e-09	3.122719152467712e-08
Chr09	32896000	33024000	388	4.2147136886697955e-08	2.9614791014524177e-08	4.827636636621029e-08
Chr09	33024000	33152000	705	3.8958808208850945e-08	2.3944306167185068e-08	4.6456152021296875e-08
Chr09	33152000	33280000	884	8.920699703331693e-09	2.564730618949952e-09	1.9603081304843938e-08
Chr09	33280000	33408000	743	7.130792682819094e-09	1.3880009739786938e-09	1.8762186841758744e-08
Chr09	33408000	33536000	526	5.670852526038342e-08	4.4604318689998726e-08	6.219887912082125e-08
Chr09	33536000	33664000	550	1.5737873750682954e-08	5.70258475089506e-09	3.138052456978616e-08
Chr09	33664000	33792000	410	4.488400191971654e-08	3.195402563006145e-08	5.1184191711802114e-08
Chr09	33792000	33920000	744	2.2520360267842897e-08	1.0294477583829085e-08	3.604396250589539e-08
Chr09	33920000	34048000	628	1.242766262356224e-08	3.782734472448622e-09	2.4800628653079104e-08
Chr09	34048000	34176000	977	1.8414341179314143e-08	7.132320927956649e-09	3.243058498934744e-08
Chr09	34176000	34304000	445	9.237866997820313e-09	2.3969945071215567e-09	2.0216478351171956e-08
Chr09	34304000	34432000	755	8.749644104827364e-09	2.393675020445624e-09	1.9432025706339613e-08
Chr09	34432000	34560000	510	3.2888108898889526e-08	2.0580622135826047e-08	4.2556089537173306e-08
Chr09	34560000	34688000	635	2.2842132499500516e-08	1.0616249815486705e-08	3.636573473755301e-08
Chr09	34688000	34816000	369	5.131936079931998e-08	3.9215154228935284e-08	5.680971465975781e-08
Chr09	35456000	35584000	54	3.326791219691029e-09	1.6812944310994465e-10	1.03058982897286e-08
Chr09	35584000	35712000	302	2.4161316553902474e-08	1.0242638099663587e-08	3.73063441980594e-08
Chr09	35712000	35840000	608	2.1318931390380163e-08	9.749427191264209e-09	3.4173859179288007e-08
Chr09	35840000	35968000	488	2.5635038151359632e-08	1.3154375425837126e-08	3.83075614487564e-08
Chr09	35968000	36096000	588	1.108519771062917e-08	3.6278158430475663e-09	2.380693364199389e-08
Chr09	36096000	36224000	278	4.85307149318279e-09	3.350452544301574e-11	1.2767597994023471e-08
Chr09	36224000	36352000	408	1.580505375600758e-08	5.769764756219685e-09	3.144770457511079e-08
Chr09	36352000	36480000	252	2.0262765626964333e-08	8.015477354537618e-09	3.4723013736990775e-08
Chr09	36480000	36608000	594	1.1520304921613254e-08	3.6490252935221666e-09	2.4105141383439644e-08
Chr09	36608000	36736000	793	2.128847781256701e-08	9.718973613451056e-09	3.414340560147486e-08
Chr09	36736000	36864000	341	5.1497197307016695e-08	3.9392990736632e-08	5.698755116745453e-08
Chr09	36864000	36992000	291	2.232180389292462e-08	9.96393794015229e-09	3.521126556869372e-08
Chr09	36992000	37120000	566	1.2899461464308518e-08	4.2545333131949e-09	2.527242749382538e-08
Chr09	37120000	37248000	344	1.2964950057550272e-08	4.320021906436653e-09	2.5337916087067133e-08
Chr09	37248000	37376000	469	5.121726563991172e-08	3.9113059069527035e-08	5.670761950034956e-08
Chr09	37376000	37504000	355	2.321384511928434e-08	1.0645556331799836e-08	3.6222559491659945e-08
Chr09	37504000	37632000	291	2.8191188219692938e-08	1.4078104629020734e-08	3.922693378152001e-08
Chr09	37632000	37760000	64	6.089348335643604e-09	1.2065721966733465e-09	1.5676758579127025e-08
Chr09	37760000	37888000	199	2.9578289848956855e-08	1.507516226118413e-08	4.0194100657146816e-08
Chr09	37888000	38016000	273	3.117117820171195e-08	1.6525720821542856e-08	4.083695500288292e-08
Chr09	38016000	38144000	532	7.126684119935086e-09	1.3838924110946855e-09	1.875807827887474e-08
Chr09	38144000	38272000	493	2.0862488614918284e-08	8.631038784160871e-09	3.4193838505595584e-08
Chr09	38272000	38300324	81	4.308220282586579e-09	6.595256028611838e-10	1.1943401680822179e-08
