Model	Replicate	log-likelihood	AIC	chi-squared	theta	optimized_params(nuB, nuF, T)
bottlegrowth	Round_1_Replicate_1	-432413.99	864833.98	923430.39	160363.94	0.2908,5.2616,2.2047
bottlegrowth	Round_1_Replicate_2	-226763.45	453532.9	407028.46	265514.68	1.4563,4.4116,0.1103
bottlegrowth	Round_1_Replicate_3	-99515.69	199037.38	177486.5	479368.29	0.4737,0.6937,8.1561
bottlegrowth	Round_1_Replicate_4	-100685.2	201376.4	180246.89	299317.57	1.5443,1.0276,0.3987
bottlegrowth	Round_1_Replicate_5	-75649.79	151305.58	135196.66	1395333.69	1.3769,0.2103,3.494
bottlegrowth	Round_1_Replicate_6	-77690.73	155387.46	139328.75	497222.16	0.3723,0.6346,0.4702
bottlegrowth	Round_1_Replicate_7	-31402.63	62811.26	61949.72	956901.36	1.0436,0.1658,0.6028
bottlegrowth	Round_1_Replicate_8	-101431.59	202869.18	180994.88	296924.27	1.163,1.1208,0.9848
bottlegrowth	Round_1_Replicate_9	-33479.17	66964.34	64548.22	610303.82	2.1407,0.2937,1.0132
bottlegrowth	Round_1_Replicate_10	-165771.22	331548.44	292225.34	297783.85	0.4901,3.5226,0.1238
bottlegrowth	Round_1_Replicate_11	-113105.98	226217.96	201517.64	324007.77	0.7348,1.2125,0.3263
bottlegrowth	Round_1_Replicate_12	-332878.72	665763.44	672490.24	109533.92	0.4791,6.0211,4.4386
bottlegrowth	Round_1_Replicate_13	-213836.27	427678.54	407394.66	109395.34	3.4401,4.1419,2.7792
bottlegrowth	Round_1_Replicate_14	-32406.99	64819.98	60877.64	444657.3	0.4465,0.4146,0.1296
bottlegrowth	Round_1_Replicate_15	-119757.82	239521.64	217381.53	248911.53	2.7894,1.2406,0.633
bottlegrowth	Round_2_Replicate_1	-45659.35	91324.7	84638.74	1418152.2	0.5463,0.1605,0.7906
bottlegrowth	Round_2_Replicate_2	-33860.27	67726.54	65928.08	1409569.71	0.4343,0.1262,0.4615
bottlegrowth	Round_2_Replicate_3	-56936.33	113878.66	103206.08	659893.66	1.1551,0.3874,1.763
bottlegrowth	Round_2_Replicate_4	-77293.53	154593.06	138056.17	2654456.86	0.3827,0.1116,1.3426
bottlegrowth	Round_2_Replicate_5	-52083.1	104172.2	95141.72	447306.73	0.5532,0.5541,0.3094
bottlegrowth	Round_2_Replicate_6	-36016.51	72039.02	72050.85	2768709.71	2.7093,0.0391,0.4267
bottlegrowth	Round_2_Replicate_7	-21914.43	43834.86	43470.52	524000.8	0.6741,0.2077,0.145
bottlegrowth	Round_2_Replicate_8	-66847.38	133700.76	120036.56	716725.7	0.6911,0.3866,1.442
bottlegrowth	Round_2_Replicate_9	-13203.19	26412.38	26014.82	464965.67	3.3831,0.1446,0.1314
bottlegrowth	Round_2_Replicate_10	-80727.22	161460.44	144051.54	2656674.22	0.3997,0.1138,1.6528
bottlegrowth	Round_2_Replicate_11	-33129.02	66264.04	64208.63	643326.74	2.9219,0.274,1.2293
bottlegrowth	Round_2_Replicate_12	-49718.14	99442.28	91235.32	990279.36	1.3196,0.2409,1.6003
bottlegrowth	Round_2_Replicate_13	-84339.09	168684.18	150398.16	4173367.12	0.3601,0.0739,1.7472
bottlegrowth	Round_2_Replicate_14	-47189.84	94385.68	87071.67	911577.88	0.6649,0.2541,0.8957
bottlegrowth	Round_2_Replicate_15	-19418.79	38843.58	38071.72	480225.4	1.4838,0.2245,0.192
bottlegrowth	Round_2_Replicate_16	-34294.49	68594.98	66194.0	743606.95	2.6359,0.2455,1.2821
bottlegrowth	Round_2_Replicate_17	-32172.43	64350.86	64205.38	3686527.78	2.0173,0.0394,0.4987
bottlegrowth	Round_2_Replicate_18	-30068.72	60143.44	59469.46	583634.09	5.4224,0.2573,1.1762
bottlegrowth	Round_2_Replicate_19	-33191.56	66389.12	61805.43	429144.14	0.4706,0.4336,0.1187
bottlegrowth	Round_2_Replicate_20	-42692.7	85391.4	79663.79	714443.61	0.6201,0.3046,0.646
bottlegrowth	Round_2_Replicate_21	-32215.74	64437.48	63043.35	884806.72	1.3605,0.1899,0.758
bottlegrowth	Round_2_Replicate_22	-32980.38	65966.76	60433.58	380042.74	2.7918,0.4372,0.4105
bottlegrowth	Round_2_Replicate_23	-34797.14	69600.28	64998.54	450618.14	1.0212,0.4095,0.3336
bottlegrowth	Round_2_Replicate_24	-51365.5	102737.0	93539.28	425972.23	0.658,0.567,0.3039
bottlegrowth	Round_2_Replicate_25	-32156.01	64318.02	62800.14	626637.67	4.4801,0.2695,1.427
bottlegrowth	Round_2_Replicate_26	-26571.22	53148.44	53060.92	594253.12	0.3944,0.1864,0.1357
bottlegrowth	Round_2_Replicate_27	-29097.54	58201.08	58171.6	663660.32	0.4103,0.1799,0.1802
bottlegrowth	Round_2_Replicate_28	-31091.27	62188.54	61708.56	1035461.43	0.8223,0.1452,0.4972
bottlegrowth	Round_2_Replicate_29	-51640.23	103286.46	94447.22	1341405.52	1.3158,0.1817,1.5812
bottlegrowth	Round_2_Replicate_30	-15764.75	31535.5	30782.53	458788.03	1.9409,0.1924,0.1446
bottlegrowth	Round_3_Replicate_1	-24934.98	49875.96	49656.87	573784.74	1.0019,0.199,0.2381
bottlegrowth	Round_3_Replicate_2	-14822.6	29651.2	28495.7	430942.09	4.4368,0.197,0.1753
bottlegrowth	Round_3_Replicate_3	-9824.14	19654.28	19270.49	450905.94	5.4633,0.0911,0.0705
bottlegrowth	Round_3_Replicate_4	-10372.76	20751.52	20366.39	452533.26	10.8675,0.1036,0.1014
bottlegrowth	Round_3_Replicate_5	-32137.82	64281.64	64041.8	3743374.21	0.9504,0.0397,0.4093
bottlegrowth	Round_3_Replicate_6	-14303.95	28613.9	28054.8	455020.96	4.7383,0.1757,0.1923
bottlegrowth	Round_3_Replicate_7	-9316.65	18639.3	18191.27	443004.65	2.2394,0.078,0.0408
bottlegrowth	Round_3_Replicate_8	-17360.36	34726.72	33715.9	455221.16	1.9235,0.2188,0.1706
bottlegrowth	Round_3_Replicate_9	-11376.19	22758.38	22173.23	444066.89	4.0409,0.1277,0.0953
bottlegrowth	Round_3_Replicate_10	-10737.78	21481.56	21134.53	460059.13	1.5049,0.0998,0.0555
bottlegrowth	Round_3_Replicate_11	-27878.77	55763.54	52933.57	457544.36	0.8677,0.3406,0.2082
bottlegrowth	Round_3_Replicate_12	-23320.68	46647.36	45573.13	451672.58	4.7075,0.2897,0.5569
bottlegrowth	Round_3_Replicate_13	-15382.62	30771.24	29396.72	410926.29	9.8404,0.2272,0.2897
bottlegrowth	Round_3_Replicate_14	-31877.13	63760.26	63392.27	2153766.22	1.1085,0.0702,0.5367
bottlegrowth	Round_3_Replicate_15	-29159.5	58325.0	56703.56	551451.26	1.0526,0.2863,0.3941
bottlegrowth	Round_3_Replicate_16	-14009.43	28024.86	27002.98	433315.52	4.4881,0.182,0.1569
bottlegrowth	Round_3_Replicate_17	-19457.94	38921.88	36915.62	419136.77	3.7793,0.2707,0.2659
bottlegrowth	Round_3_Replicate_18	-20156.73	40319.46	38648.55	419671.73	5.2072,0.288,0.3998
bottlegrowth	Round_3_Replicate_19	-32165.96	64337.92	64156.45	3722114.81	2.782,0.0394,0.5466
bottlegrowth	Round_3_Replicate_20	-16253.62	32513.24	31658.31	401794.52	20.0078,0.2486,0.5066
bottlegrowth	Round_3_Replicate_21	-15230.72	30467.44	30026.25	518419.59	11.4255,0.0739,0.0238
bottlegrowth	Round_3_Replicate_22	-26663.75	53333.5	50758.62	406016.41	4.433,0.3759,0.6592
bottlegrowth	Round_3_Replicate_23	-23602.09	47210.18	45454.66	450512.07	2.6571,0.3025,0.393
bottlegrowth	Round_3_Replicate_24	-20932.6	41871.2	40474.28	433549.74	4.6628,0.285,0.4281
bottlegrowth	Round_3_Replicate_25	-8512.54	17031.08	16706.32	450916.38	1.78,0.0575,0.0298
bottlegrowth	Round_3_Replicate_26	-14288.07	28582.14	27821.81	430341.97	10.7728,0.1998,0.2887
bottlegrowth	Round_3_Replicate_27	-10351.93	20709.86	20302.86	455348.76	8.9657,0.084,0.0585
bottlegrowth	Round_3_Replicate_28	-25832.45	51670.9	50693.38	532721.61	1.0975,0.2598,0.3005
bottlegrowth	Round_3_Replicate_29	-11564.4	23134.8	22530.16	440673.8	7.9049,0.1402,0.139
bottlegrowth	Round_3_Replicate_30	-31842.48	63690.96	61237.01	551470.64	1.0507,0.3133,0.4714
bottlegrowth	Round_3_Replicate_31	-10795.65	21597.3	20831.43	430573.9	1.5723,0.0971,0.0399
bottlegrowth	Round_3_Replicate_32	-18075.35	36156.7	34887.82	449259.98	1.6316,0.2309,0.1576
bottlegrowth	Round_3_Replicate_33	-10972.16	21950.32	21447.71	447517.35	3.7635,0.1176,0.0857
bottlegrowth	Round_3_Replicate_34	-12338.1	24682.2	23990.76	435688.85	9.6404,0.1614,0.1849
bottlegrowth	Round_3_Replicate_35	-10662.47	21330.94	20938.54	451637.16	11.7948,0.1129,0.1209
bottlegrowth	Round_3_Replicate_36	-15519.54	31045.08	29788.3	429046.82	4.5464,0.2103,0.1974
bottlegrowth	Round_3_Replicate_37	-20654.2	41314.4	39725.95	407621.91	7.2882,0.3045,0.5168
bottlegrowth	Round_3_Replicate_38	-15507.66	31021.32	29800.49	435126.2	2.7278,0.1998,0.1441
bottlegrowth	Round_3_Replicate_39	-12033.81	24073.62	23309.42	432048.93	9.9205,0.1553,0.166
bottlegrowth	Round_3_Replicate_40	-14913.33	29832.66	29337.64	466465.81	2.8042,0.1721,0.1594
bottlegrowth	Round_3_Replicate_41	-16582.08	33170.16	31451.12	422016.81	1.8877,0.1973,0.0965
bottlegrowth	Round_3_Replicate_42	-9663.3	19332.6	18988.55	454454.28	6.476,0.0834,0.0667
bottlegrowth	Round_3_Replicate_43	-13681.13	27368.26	26478.96	439301.43	3.5499,0.1723,0.1359
bottlegrowth	Round_3_Replicate_44	-32168.13	64342.26	64082.39	4034780.26	1.2028,0.0371,0.4283
bottlegrowth	Round_3_Replicate_45	-21476.27	42958.54	42083.79	491270.5	1.0461,0.2413,0.1875
bottlegrowth	Round_3_Replicate_46	-14037.63	28081.26	27247.75	445138.44	2.5443,0.1738,0.124
bottlegrowth	Round_3_Replicate_47	-16419.82	32845.64	32531.98	492134.48	0.9688,0.1601,0.1029
bottlegrowth	Round_3_Replicate_48	-9573.05	19152.1	18806.4	453797.46	4.475,0.0821,0.0599
bottlegrowth	Round_3_Replicate_49	-21308.41	42622.82	40206.52	385675.59	7.708,0.3295,0.4893
bottlegrowth	Round_3_Replicate_50	-13718.78	27443.56	26386.76	412441.52	15.5107,0.2044,0.2908
bottlegrowth	Round_4_Replicate_1	-7320.92	14647.84	14348.42	448088.17	1.3061,0.0245,0.0111
bottlegrowth	Round_4_Replicate_2	-7882.08	15770.16	15448.7	448075.88	2.2723,0.0371,0.0181
bottlegrowth	Round_4_Replicate_3	-7771.37	15548.74	15238.36	449715.6	1.93,0.0301,0.0138
bottlegrowth	Round_4_Replicate_4	-8455.46	16916.92	16561.73	446645.44	0.9363,0.0582,0.0237
bottlegrowth	Round_4_Replicate_5	-7501.44	15008.88	14714.74	451109.47	1.5506,0.0261,0.0123
bottlegrowth	Round_4_Replicate_6	-8323.64	16653.28	16322.73	449470.14	3.1951,0.049,0.027
bottlegrowth	Round_4_Replicate_7	-7303.86	14613.72	14314.13	447890.73	1.2783,0.0244,0.011
bottlegrowth	Round_4_Replicate_8	-7215.69	14437.38	14136.86	446752.97	0.9515,0.0257,0.0112
bottlegrowth	Round_4_Replicate_9	-7728.33	15462.66	15116.39	443233.88	1.8244,0.0356,0.0163
bottlegrowth	Round_4_Replicate_10	-7485.47	14976.94	14665.48	446796.44	1.5615,0.0295,0.0136
bottlegrowth	Round_4_Replicate_11	-7536.75	15079.5	14782.05	450472.35	1.6232,0.0271,0.0127
bottlegrowth	Round_4_Replicate_12	-7429.61	14865.22	14554.18	446725.77	1.4237,0.025,0.011
bottlegrowth	Round_4_Replicate_13	-7430.61	14867.22	14568.65	449081.16	1.4749,0.0273,0.0128
bottlegrowth	Round_4_Replicate_14	-7938.6	15883.2	15593.53	455080.31	0.9334,0.039,0.0178
bottlegrowth	Round_4_Replicate_15	-7753.85	15513.7	15195.17	447394.04	1.9843,0.0368,0.0181
bottlegrowth	Round_4_Replicate_16	-7487.07	14980.14	14668.89	446664.92	1.4279,0.0318,0.0147
bottlegrowth	Round_4_Replicate_17	-7292.65	14591.3	14295.01	448647.89	1.2578,0.0236,0.0107
bottlegrowth	Round_4_Replicate_18	-8022.82	16051.64	15750.52	453502.91	2.4373,0.0354,0.0178
bottlegrowth	Round_4_Replicate_19	-7834.45	15674.9	15352.27	447002.05	0.9247,0.0428,0.0178
bottlegrowth	Round_4_Replicate_20	-7468.49	14942.98	14616.83	444417.94	1.434,0.026,0.0111
bottlegrowth	Round_4_Replicate_21	-8004.84	16015.68	15703.63	451066.97	2.3993,0.0355,0.0172
bottlegrowth	Round_4_Replicate_22	-7157.64	14321.28	14031.0	448913.84	0.8058,0.0236,0.0102
bottlegrowth	Round_4_Replicate_23	-7274.83	14555.66	14233.79	443335.76	1.0238,0.0269,0.0114
bottlegrowth	Round_4_Replicate_24	-8394.43	16794.86	16459.82	449228.96	3.3295,0.0513,0.0288
bottlegrowth	Round_4_Replicate_25	-7712.67	15431.34	15132.12	451202.79	1.9458,0.032,0.0157
bottlegrowth	Round_4_Replicate_26	-7178.44	14362.88	14069.33	448295.6	1.0579,0.0225,0.0101
bottlegrowth	Round_4_Replicate_27	-8538.75	17083.5	16716.47	445877.75	2.2743,0.0595,0.0313
bottlegrowth	Round_4_Replicate_28	-7214.92	14435.84	14115.49	443165.25	1.0233,0.0246,0.0104
bottlegrowth	Round_4_Replicate_29	-8011.46	16028.92	15728.03	452145.6	1.7287,0.0434,0.0225
bottlegrowth	Round_4_Replicate_30	-7961.64	15929.28	15618.96	450442.15	2.4414,0.0393,0.0203
bottlegrowth	Round_4_Replicate_31	-7991.45	15988.9	15680.32	451787.77	2.3246,0.0341,0.0164
bottlegrowth	Round_4_Replicate_32	-7299.23	14604.46	14318.97	452794.78	1.1185,0.022,0.0104
bottlegrowth	Round_4_Replicate_33	-8410.32	16826.64	16491.18	449178.82	3.3051,0.0526,0.0298
bottlegrowth	Round_4_Replicate_34	-7658.3	15322.6	15033.58	453451.02	1.3894,0.0325,0.0162
bottlegrowth	Round_4_Replicate_35	-8201.3	16408.6	16073.38	448082.84	2.9151,0.0457,0.024
bottlegrowth	Round_4_Replicate_36	-8720.78	17447.56	17068.16	445662.48	1.6727,0.0642,0.0311
bottlegrowth	Round_4_Replicate_37	-7971.66	15949.32	15632.7	449542.47	2.4586,0.0386,0.0194
bottlegrowth	Round_4_Replicate_38	-8326.9	16659.8	16337.65	451050.21	3.2219,0.0463,0.0251
bottlegrowth	Round_4_Replicate_39	-7737.8	15481.6	15145.08	444390.13	0.923,0.0405,0.0165
bottlegrowth	Round_4_Replicate_40	-8505.62	17017.24	16562.11	437152.22	1.1499,0.0547,0.0215
bottlegrowth	Round_4_Replicate_41	-7528.47	15062.94	14766.77	450700.19	1.6109,0.0272,0.0128
bottlegrowth	Round_4_Replicate_42	-8410.28	16826.56	16482.69	447901.45	2.9678,0.0547,0.0307
bottlegrowth	Round_4_Replicate_43	-7321.48	14648.96	14326.86	443740.83	1.235,0.0261,0.0113
bottlegrowth	Round_4_Replicate_44	-7258.22	14522.44	14207.37	444335.39	1.0592,0.0264,0.0114
bottlegrowth	Round_4_Replicate_45	-7487.3	14980.6	14674.99	448070.34	1.573,0.0279,0.0128
bottlegrowth	Round_4_Replicate_46	-7249.45	14504.9	14177.41	442277.76	0.9424,0.0262,0.0108
bottlegrowth	Round_4_Replicate_47	-7527.59	15061.18	14749.37	447255.83	1.613,0.028,0.0127
bottlegrowth	Round_4_Replicate_48	-7700.36	15406.72	15094.41	448211.06	1.942,0.0341,0.0165
bottlegrowth	Round_4_Replicate_49	-7842.53	15691.06	15365.89	446938.07	2.12,0.0393,0.0195
bottlegrowth	Round_4_Replicate_50	-7488.55	14983.1	14670.66	446579.12	1.5408,0.0303,0.014
bottlegrowth	Round_4_Replicate_51	-7233.54	14473.08	14142.67	441744.5	0.9703,0.0249,0.0103
bottlegrowth	Round_4_Replicate_52	-7818.97	15643.94	15312.75	445974.13	2.103,0.0377,0.0182
bottlegrowth	Round_4_Replicate_53	-7280.46	14566.92	14269.07	448172.5	1.2428,0.0233,0.0105
bottlegrowth	Round_4_Replicate_54	-7402.9	14811.8	14489.66	444465.22	1.3754,0.026,0.0113
bottlegrowth	Round_4_Replicate_55	-8201.91	16409.82	16100.34	452318.19	2.9323,0.0435,0.0237
bottlegrowth	Round_4_Replicate_56	-7328.19	14662.38	14359.85	447494.62	1.3162,0.0244,0.0109
bottlegrowth	Round_4_Replicate_57	-7275.61	14557.22	14260.08	448164.56	1.2205,0.0246,0.0112
bottlegrowth	Round_4_Replicate_58	-7238.58	14483.16	14187.48	448311.69	1.1744,0.023,0.0103
bottlegrowth	Round_4_Replicate_59	-8510.71	17027.42	16727.5	455663.16	2.9756,0.0518,0.0315
bottlegrowth	Round_4_Replicate_60	-8404.26	16814.52	16488.44	450509.52	3.3309,0.0516,0.0295
bottlegrowth	Round_4_Replicate_61	-7500.52	15007.04	14710.58	450848.24	1.4515,0.0235,0.0105
bottlegrowth	Round_4_Replicate_62	-7159.47	14324.94	14018.56	445200.51	0.9993,0.0234,0.0101
bottlegrowth	Round_4_Replicate_63	-8491.42	16988.84	16625.83	446015.42	1.8337,0.0586,0.0291
bottlegrowth	Round_4_Replicate_64	-7389.18	14784.36	14463.83	444444.17	1.3163,0.0287,0.0127
bottlegrowth	Round_4_Replicate_65	-7318.72	14643.44	14355.49	451633.72	1.2299,0.0227,0.0106
bottlegrowth	Round_4_Replicate_66	-7141.42	14288.84	13989.54	446501.36	0.9429,0.0233,0.0101
bottlegrowth	Round_4_Replicate_67	-7409.77	14825.54	14528.11	449216.06	1.4409,0.0267,0.0124
bottlegrowth	Round_4_Replicate_68	-8065.47	16136.94	15838.38	454112.49	2.5653,0.0378,0.02
bottlegrowth	Round_4_Replicate_69	-8009.14	16024.28	15683.52	446024.89	2.4634,0.0413,0.0204
bottlegrowth	Round_4_Replicate_70	-7255.29	14516.58	14189.68	442432.92	1.0261,0.0257,0.0108
bottlegrowth	Round_4_Replicate_71	-7448.59	14903.18	14571.28	443069.26	1.1091,0.0318,0.0136
bottlegrowth	Round_4_Replicate_72	-7385.06	14776.12	14484.89	450391.17	1.0236,0.0285,0.013
bottlegrowth	Round_4_Replicate_73	-7367.35	14740.7	14419.11	444132.12	1.2932,0.0278,0.0122
bottlegrowth	Round_4_Replicate_74	-7569.59	15145.18	14850.42	451289.72	1.6783,0.0287,0.0139
bottlegrowth	Round_4_Replicate_75	-7885.2	15776.4	15472.4	451488.52	2.2593,0.035,0.0175
bottlegrowth	Round_4_Replicate_76	-7166.5	14339.0	14030.3	444750.76	0.8576,0.0249,0.0104
bottlegrowth	Round_4_Replicate_77	-8048.71	16103.42	15770.46	447783.94	2.4791,0.038,0.0181
bottlegrowth	Round_4_Replicate_78	-7433.64	14873.28	14572.11	448572.03	1.4868,0.0269,0.0124
bottlegrowth	Round_4_Replicate_79	-7578.91	15163.82	14835.03	444705.36	1.6637,0.0306,0.0137
bottlegrowth	Round_4_Replicate_80	-7200.84	14407.68	14095.67	444467.81	1.0383,0.0245,0.0105
bottlegrowth	Round_4_Replicate_81	-7237.83	14481.66	14190.46	449402.8	1.0886,0.0241,0.011
bottlegrowth	Round_4_Replicate_82	-7245.95	14497.9	14172.0	442549.52	1.0742,0.0246,0.0103
bottlegrowth	Round_4_Replicate_83	-7234.56	14475.12	14164.05	444874.61	1.0722,0.0255,0.0111
bottlegrowth	Round_4_Replicate_84	-7175.97	14357.94	14058.38	446746.48	1.0317,0.0235,0.0104
bottlegrowth	Round_4_Replicate_85	-7273.63	14553.26	14230.23	443136.79	0.9831,0.0272,0.0114
bottlegrowth	Round_4_Replicate_86	-8269.65	16545.3	16121.31	438385.08	1.6383,0.0494,0.0217
bottlegrowth	Round_4_Replicate_87	-7332.61	14671.22	14328.76	440818.5	1.1184,0.0255,0.0105
bottlegrowth	Round_4_Replicate_88	-7146.43	14298.86	14008.59	448886.03	0.8973,0.0227,0.01
bottlegrowth	Round_4_Replicate_89	-7247.06	14500.12	14213.46	451418.41	1.098,0.022,0.0102
bottlegrowth	Round_4_Replicate_90	-7570.51	15147.02	14832.66	446944.12	1.7077,0.0309,0.0144
bottlegrowth	Round_4_Replicate_91	-7707.84	15421.68	15092.06	445478.92	1.9041,0.0343,0.016
bottlegrowth	Round_4_Replicate_92	-7463.57	14933.14	14627.24	447543.91	1.445,0.0305,0.0143
bottlegrowth	Round_4_Replicate_93	-8088.96	16183.92	15810.06	442250.87	1.5197,0.048,0.0217
bottlegrowth	Round_4_Replicate_94	-7893.25	15792.5	15471.35	448412.66	2.2444,0.0354,0.0168
bottlegrowth	Round_4_Replicate_95	-7394.34	14794.68	14508.92	453174.16	1.0853,0.0255,0.0122
bottlegrowth	Round_4_Replicate_96	-7261.51	14529.02	14213.46	444417.43	1.175,0.0239,0.0102
bottlegrowth	Round_4_Replicate_97	-7989.79	15985.58	15506.3	430921.58	0.7324,0.0317,0.0106
bottlegrowth	Round_4_Replicate_98	-7953.7	15913.4	15598.37	450242.22	2.2493,0.0338,0.0158
bottlegrowth	Round_4_Replicate_99	-7720.7	15447.4	15139.96	449024.72	1.8282,0.0366,0.0182
bottlegrowth	Round_4_Replicate_100	-7715.4	15436.8	15129.08	449555.99	1.9289,0.031,0.0146
