Model	Replicate	log-likelihood	AIC	chi-squared	theta	optimized_params(nuB, nuF, T)
bottlegrowth	Round_1_Replicate_1	-57885.91	115777.82	103057.21	1414955.39	0.1688,0.1406,2.5555
bottlegrowth	Round_1_Replicate_2	-99380.27	198766.54	180825.47	243580.49	0.3503,1.083,1.4467
bottlegrowth	Round_1_Replicate_3	-145181.31	290368.62	286180.58	66709.51	5.5992,3.9931,2.3161
bottlegrowth	Round_1_Replicate_4	-142225.18	284456.36	270044.1	55913.06	1.4115,5.6279,5.4182
bottlegrowth	Round_1_Replicate_5	-170167.03	340340.06	310169.37	152351.57	3.441,4.3744,0.126
bottlegrowth	Round_1_Replicate_6	-88988.84	177983.68	160983.63	129870.03	0.3238,1.8786,8.0906
bottlegrowth	Round_1_Replicate_7	-154148.47	308302.94	296090.8	161101.51	0.1414,2.0558,3.1381
bottlegrowth	Round_1_Replicate_8	-12909.52	25825.04	25171.09	299674.78	1.4317,0.2442,0.2282
bottlegrowth	Round_1_Replicate_9	-109758.31	219522.62	201805.57	151555.24	1.8066,1.7469,0.4296
bottlegrowth	Round_1_Replicate_10	-16757.64	33521.28	32523.08	237957.98	9.3735,0.3916,1.2206
bottlegrowth	Round_1_Replicate_11	-141563.08	283132.16	259271.34	154209.14	0.9074,2.8978,0.3219
bottlegrowth	Round_1_Replicate_12	-65789.3	131584.6	116077.75	225485.87	0.2361,1.8534,0.1326
bottlegrowth	Round_1_Replicate_13	-85835.22	171676.44	152405.83	191310.42	0.6039,1.7375,0.215
bottlegrowth	Round_1_Replicate_14	-99102.4	198210.8	175831.89	188399.2	0.4841,2.2773,0.2102
bottlegrowth	Round_1_Replicate_15	-12714.55	25435.1	24603.82	280937.5	3.0929,0.2661,0.3467
bottlegrowth	Round_2_Replicate_1	-33097.44	66200.88	59329.29	181115.45	6.0622,0.6456,0.5927
bottlegrowth	Round_2_Replicate_2	-15491.93	30989.86	30507.92	340501.33	1.0668,0.2393,0.2922
bottlegrowth	Round_2_Replicate_3	-19230.24	38466.48	37620.56	509920.93	1.5971,0.1984,0.7856
bottlegrowth	Round_2_Replicate_4	-14436.89	28879.78	28157.37	310330.31	1.2869,0.2599,0.2726
bottlegrowth	Round_2_Replicate_5	-21270.54	42547.08	40910.99	620366.53	3.132,0.184,1.3964
bottlegrowth	Round_2_Replicate_6	-40978.32	81962.64	73039.94	175601.14	2.7847,0.8815,0.9698
bottlegrowth	Round_2_Replicate_7	-40889.76	81785.52	73700.56	197697.41	3.9526,0.5594,0.2389
bottlegrowth	Round_2_Replicate_8	-72114.98	144235.96	129713.14	188050.03	3.2435,0.8136,0.0997
bottlegrowth	Round_2_Replicate_9	-24399.09	48804.18	44438.47	247109.56	1.2322,0.4765,0.2882
bottlegrowth	Round_2_Replicate_10	-22835.87	45677.74	43104.76	389924.24	1.2895,0.3118,0.8851
bottlegrowth	Round_2_Replicate_11	-17213.2	34432.4	33607.43	284385.7	5.4798,0.3278,1.0108
bottlegrowth	Round_2_Replicate_12	-40996.42	81998.84	73347.31	239506.84	0.9999,0.6983,0.732
bottlegrowth	Round_2_Replicate_13	-35024.12	70054.24	63079.86	239701.45	1.4238,0.6423,1.0513
bottlegrowth	Round_2_Replicate_14	-19015.78	38037.56	36912.7	366326.52	2.2481,0.28,0.8637
bottlegrowth	Round_2_Replicate_15	-47999.18	96004.36	85523.12	199536.34	1.4614,0.846,0.4763
bottlegrowth	Round_2_Replicate_16	-26216.18	52438.36	48786.0	656472.97	1.1027,0.2045,1.1315
bottlegrowth	Round_2_Replicate_17	-7045.77	14097.54	13761.59	281667.19	2.3212,0.1249,0.0844
bottlegrowth	Round_2_Replicate_18	-15433.83	30873.66	28719.31	257732.85	1.5193,0.3209,0.1845
bottlegrowth	Round_2_Replicate_19	-7772.93	15551.86	15319.77	287833.66	11.5484,0.132,0.1898
bottlegrowth	Round_2_Replicate_20	-8484.64	16975.28	16519.45	272881.61	8.3321,0.1846,0.2465
bottlegrowth	Round_2_Replicate_21	-22619.86	45245.72	42998.85	648316.94	0.953,0.1863,0.8337
bottlegrowth	Round_2_Replicate_22	-19301.56	38609.12	38487.98	1301562.27	10.5275,0.0675,0.9719
bottlegrowth	Round_2_Replicate_23	-62978.2	125962.4	113057.51	175784.27	2.0255,1.03,0.4597
bottlegrowth	Round_2_Replicate_24	-8463.3	16932.6	16350.94	264223.66	10.612,0.1966,0.2713
bottlegrowth	Round_2_Replicate_25	-10378.59	20763.18	20375.96	290661.1	3.6063,0.1993,0.2467
bottlegrowth	Round_2_Replicate_26	-76932.39	153870.78	140095.62	171595.83	3.3703,0.9799,0.2696
bottlegrowth	Round_2_Replicate_27	-6942.23	13890.46	13560.62	276299.52	12.832,0.1369,0.1737
bottlegrowth	Round_2_Replicate_28	-12791.53	25589.06	24924.41	295957.26	1.9075,0.2468,0.2686
bottlegrowth	Round_2_Replicate_29	-18829.73	37665.46	37613.19	497327.74	10.1534,0.1631,1.2147
bottlegrowth	Round_2_Replicate_30	-6104.8	12215.6	11895.15	277567.2	4.9919,0.1005,0.0786
bottlegrowth	Round_3_Replicate_1	-10120.48	20246.96	19631.96	280913.61	2.6355,0.2108,0.1957
bottlegrowth	Round_3_Replicate_2	-5739.48	11484.96	11206.3	281587.55	6.4293,0.0675,0.0427
bottlegrowth	Round_3_Replicate_3	-19486.68	38979.36	38728.57	3300881.98	5.4464,0.0282,0.5419
bottlegrowth	Round_3_Replicate_4	-10312.85	20631.7	19950.6	280217.24	2.135,0.2149,0.1761
bottlegrowth	Round_3_Replicate_5	-4377.09	8760.18	8517.42	277131.59	1.3963,0.0268,0.0127
bottlegrowth	Round_3_Replicate_6	-6128.93	12263.86	11996.17	283025.78	2.3087,0.0915,0.0587
bottlegrowth	Round_3_Replicate_7	-6199.67	12405.34	12125.3	282168.44	1.7773,0.095,0.055
bottlegrowth	Round_3_Replicate_8	-5770.37	11546.74	11255.55	278554.12	5.1474,0.0862,0.0651
bottlegrowth	Round_3_Replicate_9	-8851.33	17708.66	16998.35	270981.84	2.5679,0.1838,0.1284
bottlegrowth	Round_3_Replicate_10	-9270.0	18546.0	18252.03	329284.47	15.8487,0.0717,0.0256
bottlegrowth	Round_3_Replicate_11	-9705.56	19417.12	18592.13	265810.69	4.8533,0.2196,0.2313
bottlegrowth	Round_3_Replicate_12	-8063.0	16132.0	15652.72	278561.27	1.7166,0.1568,0.0943
bottlegrowth	Round_3_Replicate_13	-10102.94	20211.88	19628.93	281282.7	2.9992,0.2104,0.2119
bottlegrowth	Round_3_Replicate_14	-10276.73	20559.46	19654.36	254071.91	9.0309,0.252,0.3699
bottlegrowth	Round_3_Replicate_15	-9684.47	19374.94	18770.49	281180.39	1.6625,0.1972,0.1342
bottlegrowth	Round_3_Replicate_16	-11290.93	22587.86	22323.85	381627.33	27.7215,0.1052,0.065
bottlegrowth	Round_3_Replicate_17	-8535.0	17076.0	16562.82	277314.75	3.4368,0.1763,0.1566
bottlegrowth	Round_3_Replicate_18	-5700.47	11406.94	11121.41	278831.22	3.9743,0.0827,0.0578
bottlegrowth	Round_3_Replicate_19	-10372.9	20751.8	20379.73	335775.51	22.5075,0.1093,0.0458
bottlegrowth	Round_3_Replicate_20	-10286.69	20579.38	20238.88	339274.24	20.2123,0.1036,0.0443
bottlegrowth	Round_3_Replicate_21	-5477.48	10960.96	10680.64	278275.27	2.3838,0.0737,0.0429
bottlegrowth	Round_3_Replicate_22	-5287.39	10580.78	10334.52	282770.58	4.4716,0.0534,0.0334
bottlegrowth	Round_3_Replicate_23	-7883.66	15773.32	15127.94	266890.44	5.4347,0.1651,0.1447
bottlegrowth	Round_3_Replicate_24	-5457.35	10920.7	10622.17	276356.44	2.6785,0.0741,0.0432
bottlegrowth	Round_3_Replicate_25	-11169.27	22344.54	21817.64	330134.25	28.1311,0.138,0.0588
bottlegrowth	Round_3_Replicate_26	-5517.89	11041.78	10691.58	272325.64	2.1927,0.0748,0.0383
bottlegrowth	Round_3_Replicate_27	-5883.75	11773.5	11451.17	276803.05	8.1503,0.0882,0.069
bottlegrowth	Round_3_Replicate_28	-5292.56	10591.12	10302.22	276576.62	4.477,0.0641,0.0399
bottlegrowth	Round_3_Replicate_29	-5982.58	11971.16	11596.3	273122.4	4.1928,0.0952,0.0638
bottlegrowth	Round_3_Replicate_30	-5268.1	10542.2	10280.83	279329.96	1.88,0.0642,0.035
bottlegrowth	Round_3_Replicate_31	-8019.0	16044.0	15626.82	276803.59	6.3391,0.1662,0.1887
bottlegrowth	Round_3_Replicate_32	-6579.53	13165.06	12847.38	277905.36	15.9729,0.1204,0.1423
bottlegrowth	Round_3_Replicate_33	-7973.14	15952.28	15361.76	270666.44	4.1695,0.1651,0.1371
bottlegrowth	Round_3_Replicate_34	-19605.06	39216.12	39118.12	5738182.86	8.0321,0.0154,0.3895
bottlegrowth	Round_3_Replicate_35	-5471.43	10948.86	10687.43	280909.66	5.5998,0.0666,0.0464
bottlegrowth	Round_3_Replicate_36	-4458.0	8922.0	8669.01	275665.64	1.29,0.0333,0.0154
bottlegrowth	Round_3_Replicate_37	-9118.48	18242.96	17993.71	341795.63	22.2862,0.0464,0.0177
bottlegrowth	Round_3_Replicate_38	-5694.29	11394.58	11027.62	272112.43	2.7932,0.0817,0.0455
bottlegrowth	Round_3_Replicate_39	-6683.07	13372.14	13093.13	283345.54	5.222,0.1131,0.104
bottlegrowth	Round_3_Replicate_40	-11177.83	22361.66	21931.41	296535.14	2.2574,0.2096,0.2245
bottlegrowth	Round_3_Replicate_41	-9828.05	19662.1	19236.32	318242.82	15.1501,0.1005,0.0341
bottlegrowth	Round_3_Replicate_42	-8876.23	17758.46	17455.21	321309.07	11.8469,0.0619,0.0199
bottlegrowth	Round_3_Replicate_43	-5916.39	11838.78	11564.44	280984.79	4.0916,0.0885,0.0659
bottlegrowth	Round_3_Replicate_44	-15256.09	30518.18	28374.24	258814.0	7.6718,0.1903,0.03
bottlegrowth	Round_3_Replicate_45	-10939.16	21884.32	21389.57	291610.75	2.3089,0.2132,0.2182
bottlegrowth	Round_3_Replicate_46	-6285.96	12577.92	12322.78	285224.11	11.234,0.0926,0.0914
bottlegrowth	Round_3_Replicate_47	-7980.44	15966.88	15551.8	279438.7	4.0757,0.1594,0.1493
bottlegrowth	Round_3_Replicate_48	-5573.56	11153.12	10824.66	274561.34	5.5449,0.0758,0.05
bottlegrowth	Round_3_Replicate_49	-8815.17	17636.34	17095.41	279712.91	1.286,0.1752,0.0958
bottlegrowth	Round_3_Replicate_50	-8957.69	17921.38	17265.1	271622.83	4.0281,0.1938,0.1817
bottlegrowth	Round_4_Replicate_1	-4261.84	8529.68	8292.55	277643.9	1.0441,0.0225,0.0104
bottlegrowth	Round_4_Replicate_2	-4280.19	8566.38	8324.1	276604.98	1.1663,0.0222,0.01
bottlegrowth	Round_4_Replicate_3	-4220.49	8446.98	8201.5	275320.4	0.7409,0.024,0.01
bottlegrowth	Round_4_Replicate_4	-4519.76	9045.52	8799.63	277577.8	1.8152,0.031,0.0152
bottlegrowth	Round_4_Replicate_5	-4368.81	8743.62	8507.09	278472.44	0.9319,0.0277,0.0127
bottlegrowth	Round_4_Replicate_6	-4219.44	8444.88	8202.06	275850.08	0.7764,0.0236,0.01
bottlegrowth	Round_4_Replicate_7	-4630.5	9267.0	9017.63	277726.13	2.1515,0.0348,0.0174
bottlegrowth	Round_4_Replicate_8	-4495.36	8996.72	8741.27	275516.62	1.2391,0.0352,0.0161
bottlegrowth	Round_4_Replicate_9	-4267.95	8541.9	8295.91	275697.03	1.1297,0.0227,0.0101
bottlegrowth	Round_4_Replicate_10	-4753.32	9512.64	9254.19	276935.69	2.494,0.0419,0.022
bottlegrowth	Round_4_Replicate_11	-4258.92	8523.84	8276.33	275317.91	1.094,0.023,0.0102
bottlegrowth	Round_4_Replicate_12	-4518.82	9043.64	8797.05	277430.96	1.8135,0.0311,0.0152
bottlegrowth	Round_4_Replicate_13	-4796.41	9598.82	9340.91	277519.39	2.677,0.0404,0.0208
bottlegrowth	Round_4_Replicate_14	-4358.49	8722.98	8476.72	276387.21	1.3664,0.0248,0.0113
bottlegrowth	Round_4_Replicate_15	-4456.47	8918.94	8670.16	276341.23	1.1505,0.0334,0.0152
bottlegrowth	Round_4_Replicate_16	-4288.53	8583.06	8339.76	276403.68	1.1873,0.0232,0.0105
bottlegrowth	Round_4_Replicate_17	-4237.17	8480.34	8241.16	276824.07	0.8621,0.0234,0.0104
bottlegrowth	Round_4_Replicate_18	-4239.06	8484.12	8239.4	275686.74	1.0352,0.0226,0.01
bottlegrowth	Round_4_Replicate_19	-4226.28	8458.56	8216.59	276089.11	0.8133,0.0237,0.0102
bottlegrowth	Round_4_Replicate_20	-4426.35	8858.7	8610.45	276407.88	1.5387,0.0289,0.0136
bottlegrowth	Round_4_Replicate_21	-4239.03	8484.06	8241.25	276082.9	1.0345,0.0224,0.01
bottlegrowth	Round_4_Replicate_22	-4418.09	8842.18	8602.13	278138.05	1.5057,0.0268,0.0129
bottlegrowth	Round_4_Replicate_23	-4310.28	8626.56	8382.09	276387.83	1.2424,0.023,0.0103
bottlegrowth	Round_4_Replicate_24	-4288.88	8583.76	8340.37	276400.24	1.1893,0.023,0.0104
bottlegrowth	Round_4_Replicate_25	-4384.64	8775.28	8531.05	276963.94	1.4396,0.026,0.0121
bottlegrowth	Round_4_Replicate_26	-4376.01	8758.02	8513.24	276822.95	1.4114,0.0252,0.0116
bottlegrowth	Round_4_Replicate_27	-4315.75	8637.5	8392.13	276117.79	1.2191,0.0255,0.0117
bottlegrowth	Round_4_Replicate_28	-4539.55	9085.1	8807.06	272873.58	1.6277,0.0332,0.0149
bottlegrowth	Round_4_Replicate_29	-4365.16	8736.32	8492.28	276832.51	1.387,0.0257,0.0119
bottlegrowth	Round_4_Replicate_30	-4762.7	9531.4	9277.75	277983.15	2.5635,0.0387,0.0198
bottlegrowth	Round_4_Replicate_31	-4422.65	8851.3	8608.19	277524.62	1.5345,0.0265,0.0125
bottlegrowth	Round_4_Replicate_32	-4317.75	8641.5	8397.38	276514.75	1.2621,0.0233,0.0105
bottlegrowth	Round_4_Replicate_33	-4638.1	9282.2	9033.39	277755.62	2.1483,0.0365,0.0187
bottlegrowth	Round_4_Replicate_34	-4227.1	8460.2	8215.15	275445.44	0.6825,0.0245,0.01
bottlegrowth	Round_4_Replicate_35	-4493.81	8993.62	8752.52	278676.21	1.6736,0.0268,0.0127
bottlegrowth	Round_4_Replicate_36	-4365.77	8737.54	8490.06	275955.21	0.9093,0.0301,0.013
bottlegrowth	Round_4_Replicate_37	-4220.06	8446.12	8201.53	275513.49	0.8661,0.0232,0.0101
bottlegrowth	Round_4_Replicate_38	-4275.3	8556.6	8313.86	276389.92	1.1403,0.0233,0.0106
bottlegrowth	Round_4_Replicate_39	-4242.57	8491.14	8238.12	274164.99	0.8672,0.0244,0.0103
bottlegrowth	Round_4_Replicate_40	-4326.44	8658.88	8425.74	279600.88	0.8268,0.024,0.011
bottlegrowth	Round_4_Replicate_41	-4222.94	8451.88	8206.38	275368.24	0.9075,0.0232,0.0101
bottlegrowth	Round_4_Replicate_42	-4697.86	9401.72	9156.07	278932.54	2.3429,0.0361,0.0186
bottlegrowth	Round_4_Replicate_43	-4283.29	8572.58	8321.5	274765.16	0.8555,0.0266,0.0112
bottlegrowth	Round_4_Replicate_44	-4305.16	8616.32	8369.07	275745.74	1.2238,0.0239,0.0107
bottlegrowth	Round_4_Replicate_45	-4260.67	8527.34	8287.63	276851.22	0.852,0.0246,0.0108
bottlegrowth	Round_4_Replicate_46	-4324.03	8654.06	8411.34	276819.45	1.2791,0.024,0.011
bottlegrowth	Round_4_Replicate_47	-4219.29	8444.58	8203.09	276133.41	0.7574,0.0235,0.01
bottlegrowth	Round_4_Replicate_48	-4238.94	8483.88	8232.28	274361.43	0.7593,0.0248,0.0102
bottlegrowth	Round_4_Replicate_49	-4374.0	8754.0	8508.43	276627.87	1.4074,0.0254,0.0117
bottlegrowth	Round_4_Replicate_50	-4500.27	9006.54	8765.2	278257.4	1.6556,0.0316,0.0158
bottlegrowth	Round_4_Replicate_51	-4221.44	8448.88	8205.4	275770.22	0.9321,0.0227,0.01
bottlegrowth	Round_4_Replicate_52	-4365.86	8737.72	8485.66	275410.36	1.3562,0.0247,0.011
bottlegrowth	Round_4_Replicate_53	-4219.31	8444.62	8201.98	275900.24	0.8321,0.0233,0.0101
bottlegrowth	Round_4_Replicate_54	-4720.46	9446.92	9194.84	277916.12	2.4335,0.0375,0.0191
bottlegrowth	Round_4_Replicate_55	-4356.34	8718.68	8450.84	272844.21	1.1757,0.0266,0.0114
bottlegrowth	Round_4_Replicate_56	-4270.68	8547.36	8305.4	276574.4	1.1425,0.0223,0.0101
bottlegrowth	Round_4_Replicate_57	-4413.39	8832.78	8585.93	276569.96	1.5014,0.0285,0.0134
bottlegrowth	Round_4_Replicate_58	-4352.81	8711.62	8463.78	275967.28	1.3471,0.026,0.0119
bottlegrowth	Round_4_Replicate_59	-4698.28	9402.56	9149.7	277687.1	2.3433,0.0361,0.018
bottlegrowth	Round_4_Replicate_60	-4218.27	8442.54	8199.39	275779.25	0.7987,0.0235,0.01
bottlegrowth	Round_4_Replicate_61	-4260.79	8527.58	8284.24	276154.07	1.1057,0.0228,0.0103
bottlegrowth	Round_4_Replicate_62	-4302.0	8610.0	8367.26	276648.5	1.2227,0.0233,0.0106
bottlegrowth	Round_4_Replicate_63	-4255.14	8516.28	8273.9	276282.26	1.0593,0.0232,0.0105
bottlegrowth	Round_4_Replicate_64	-4558.31	9122.62	8871.34	276846.61	1.9281,0.033,0.0161
bottlegrowth	Round_4_Replicate_65	-4258.62	8523.24	8280.01	276139.74	1.0831,0.0231,0.0104
bottlegrowth	Round_4_Replicate_66	-4289.12	8584.24	8349.1	278456.04	1.0166,0.0232,0.0109
bottlegrowth	Round_4_Replicate_67	-4254.17	8514.34	8278.67	277955.62	0.8614,0.023,0.0104
bottlegrowth	Round_4_Replicate_68	-4231.25	8468.5	8229.32	276753.33	0.7093,0.0238,0.0101
bottlegrowth	Round_4_Replicate_69	-4269.58	8545.16	8297.91	275409.52	1.0862,0.0241,0.0107
bottlegrowth	Round_4_Replicate_70	-4241.83	8489.66	8248.05	276364.88	1.0372,0.0224,0.0101
bottlegrowth	Round_4_Replicate_71	-4285.52	8577.04	8333.99	276448.92	1.1807,0.0229,0.0104
bottlegrowth	Round_4_Replicate_72	-4220.01	8446.02	8202.83	275775.07	0.7456,0.0238,0.01
bottlegrowth	Round_4_Replicate_73	-4245.24	8496.48	8249.35	275219.58	0.9616,0.024,0.0105
bottlegrowth	Round_4_Replicate_74	-4763.43	9532.86	9287.06	279647.79	2.461,0.0353,0.0179
bottlegrowth	Round_4_Replicate_75	-4220.14	8446.28	8204.17	276016.49	0.8176,0.0234,0.0101
bottlegrowth	Round_4_Replicate_76	-4257.1	8520.2	8274.27	275605.46	1.0952,0.0228,0.0101
bottlegrowth	Round_4_Replicate_77	-4345.41	8696.82	8450.82	276279.11	1.3335,0.0254,0.0116
bottlegrowth	Round_4_Replicate_78	-4239.24	8484.48	8245.51	276930.97	0.9562,0.0228,0.0103
bottlegrowth	Round_4_Replicate_79	-4247.27	8500.54	8261.15	276826.34	0.7992,0.0242,0.0105
bottlegrowth	Round_4_Replicate_80	-4409.72	8825.44	8574.72	275952.18	1.4918,0.0266,0.0121
bottlegrowth	Round_4_Replicate_81	-4226.18	8458.36	8210.59	274933.97	0.7346,0.0244,0.0101
bottlegrowth	Round_4_Replicate_82	-4233.44	8472.88	8232.22	276436.8	0.8365,0.0237,0.0103
bottlegrowth	Round_4_Replicate_83	-8214.01	16434.02	16114.08	309145.98	3.0166,0.0412,0.011
bottlegrowth	Round_4_Replicate_84	-4563.95	9133.9	8882.97	276906.33	1.9352,0.0338,0.0167
bottlegrowth	Round_4_Replicate_85	-4255.29	8516.58	8264.15	274383.79	1.0037,0.024,0.0104
bottlegrowth	Round_4_Replicate_86	-4234.08	8474.16	8230.03	275756.12	1.0059,0.0226,0.01
bottlegrowth	Round_4_Replicate_87	-4540.56	9087.12	8837.45	277012.38	1.8772,0.0322,0.0156
bottlegrowth	Round_4_Replicate_88	-4431.81	8869.62	8623.24	276830.6	1.5637,0.0284,0.0134
bottlegrowth	Round_4_Replicate_89	-4349.44	8704.88	8458.76	276344.85	1.3432,0.0245,0.0111
bottlegrowth	Round_4_Replicate_90	-4837.49	9680.98	9433.09	279469.62	2.8109,0.0407,0.0219
bottlegrowth	Round_4_Replicate_91	-4556.56	9119.12	8867.42	276785.8	1.9201,0.0326,0.0158
bottlegrowth	Round_4_Replicate_92	-4292.08	8590.16	8346.0	276304.79	1.1978,0.0225,0.0101
bottlegrowth	Round_4_Replicate_93	-4279.34	8564.68	8327.03	277702.28	1.1317,0.0222,0.0103
bottlegrowth	Round_4_Replicate_94	-4584.81	9175.62	8921.51	276633.48	1.9964,0.033,0.0159
bottlegrowth	Round_4_Replicate_95	-4229.49	8464.98	8220.39	275575.61	0.863,0.0237,0.0103
bottlegrowth	Round_4_Replicate_96	-4518.5	9043.0	8790.46	276715.13	1.6321,0.0262,0.0116
bottlegrowth	Round_4_Replicate_97	-4228.62	8463.24	8219.9	275863.31	0.9742,0.0227,0.0101
bottlegrowth	Round_4_Replicate_98	-4556.47	9118.94	8878.99	279251.64	1.8752,0.0303,0.0152
bottlegrowth	Round_4_Replicate_99	-4659.1	9324.2	9077.08	278337.89	2.2334,0.0355,0.0181
bottlegrowth	Round_4_Replicate_100	-4282.6	8571.2	8329.7	276801.51	1.1703,0.0221,0.01
