Model	Replicate	log-likelihood	AIC	chi-squared	theta	optimized_params(nu1a, nu2a, nu1b, nu2b, m12, m21, T1, T2)
anc_asym_mig_size	Round_1_Replicate_1	-1485088.52	2970193.04	128590392119790.0	14521.36	1.4976,5.4068,0.2527,0.6867,4.1482,2.0194,1.7597,3.8179
anc_asym_mig_size	Round_1_Replicate_2	-112467.39	224950.78	332419.2	12844.32	3.3127,5.1708,0.5713,2.2074,3.0318,0.5398,0.9009,0.2334
anc_asym_mig_size	Round_1_Replicate_3	-543248.61	1086513.22	152622235.83	8678.96	0.1589,0.9507,2.4199,1.0393,4.813,0.2902,0.2566,3.8664
anc_asym_mig_size	Round_1_Replicate_4	-138572.42	277160.84	470983.97	11096.43	3.2162,5.3812,0.485,3.9089,0.6077,0.3294,1.1087,0.2012
anc_asym_mig_size	Round_1_Replicate_5	-195497.23	391010.46	1040037.59	14163.41	0.5876,1.1033,0.7635,6.426,0.1902,1.0372,1.1996,0.363
anc_asym_mig_size	Round_1_Replicate_6	-239144.11	478304.22	1877712.67	17439.55	3.0369,1.2013,0.4025,2.1731,0.2025,0.1214,0.5003,0.536
anc_asym_mig_size	Round_1_Replicate_7	-273830.81	547677.62	4461287.37	12849.65	0.6748,1.0104,1.9635,0.9382,0.3012,0.141,0.3841,1.1631
anc_asym_mig_size	Round_1_Replicate_8	-201254.81	402525.62	1304871.56	44681.6	0.2082,0.2052,0.1738,0.3352,2.0548,0.1498,0.2734,0.1293
anc_asym_mig_size	Round_1_Replicate_9	-173382.87	346781.74	933329.15	12880.99	0.3809,0.5501,4.4636,6.2243,0.9037,0.4138,1.4853,0.3227
anc_asym_mig_size	Round_1_Replicate_10	-180660.41	361336.82	1190584.11	31391.92	0.787,0.2524,0.4824,1.0304,2.9148,0.2671,1.3404,0.2245
anc_asym_mig_size	Round_2_Replicate_1	-141669.97	283355.94	523279.53	17055.21	1.7672,4.9177,0.6248,1.8512,0.7734,0.3377,0.3012,0.3756
anc_asym_mig_size	Round_2_Replicate_2	-120862.83	241741.66	368387.03	20934.25	8.0163,2.4561,0.3883,1.2458,3.2939,1.9869,0.2701,0.2505
anc_asym_mig_size	Round_2_Replicate_3	-174391.85	348799.7	982162.65	16785.88	5.9134,14.2856,0.6164,0.769,6.5973,0.1685,0.8387,0.5201
anc_asym_mig_size	Round_2_Replicate_4	-74664.54	149345.08	830940.58	7657.95	8.625,2.569,1.5083,5.9867,3.9866,1.1396,3.3847,0.1643
anc_asym_mig_size	Round_2_Replicate_5	-69364.1	138744.2	294095.44	8432.51	6.3273,5.5846,1.1848,1.3954,10.3584,0.5082,2.5819,0.1793
anc_asym_mig_size	Round_2_Replicate_6	-94276.14	188568.28	225109.61	8384.44	1.2433,5.8,0.259,2.3476,5.0924,0.7254,3.306,0.0908
anc_asym_mig_size	Round_2_Replicate_7	-125252.55	250521.1	377390.69	10038.96	1.1567,2.1254,0.8227,6.323,2.0342,0.2396,3.0801,0.4351
anc_asym_mig_size	Round_2_Replicate_8	-199359.5	398735.0	821479.58	9743.77	7.718,3.3741,0.3222,6.6914,4.0499,1.1748,2.1963,0.392
anc_asym_mig_size	Round_2_Replicate_9	-86044.94	172105.88	211269.81	16508.26	2.9581,1.4064,0.2895,1.8009,2.3629,1.6381,0.9496,0.101
anc_asym_mig_size	Round_2_Replicate_10	-247508.1	495032.2	1734494.17	16681.46	1.5145,4.2343,0.263,1.1533,2.6882,1.411,1.3921,0.4679
anc_asym_mig_size	Round_2_Replicate_11	-98117.78	196251.56	395908.01	10022.9	12.3476,3.1212,1.3232,1.4794,2.0469,1.7192,1.1016,0.2161
anc_asym_mig_size	Round_2_Replicate_12	-74092.48	148200.96	165159.61	11604.88	1.8356,2.5423,0.2405,0.9509,1.9507,1.8102,2.7078,0.0695
anc_asym_mig_size	Round_2_Replicate_13	-79276.46	158568.92	255146.09	16309.15	5.3199,2.0504,1.3392,0.9084,7.5364,1.549,0.3623,0.1942
anc_asym_mig_size	Round_2_Replicate_14	-114071.89	228159.78	400422.93	13980.95	1.7132,7.8106,1.7794,1.2228,1.205,1.6674,0.3748,0.4033
anc_asym_mig_size	Round_2_Replicate_15	-150961.09	301938.18	546780.11	25084.84	13.5062,5.5978,0.2267,0.7062,3.7626,0.8725,0.2962,0.2205
anc_asym_mig_size	Round_2_Replicate_16	-108352.31	216720.62	300242.38	16207.27	7.5708,2.1013,0.399,0.9585,9.0953,0.5075,3.0188,0.2853
anc_asym_mig_size	Round_2_Replicate_17	-117631.65	235279.3	449137.22	6515.62	5.2972,9.306,1.8287,3.0615,1.5055,0.3923,2.368,0.5112
anc_asym_mig_size	Round_2_Replicate_18	-194452.2	388920.4	805034.15	6578.21	1.2285,17.1542,0.223,4.6162,7.7931,1.6533,3.1079,0.1959
anc_asym_mig_size	Round_2_Replicate_19	-188174.16	376364.32	797035.62	11534.47	1.2877,7.8893,0.4797,7.1534,10.4244,0.2422,0.7091,0.4466
anc_asym_mig_size	Round_2_Replicate_20	-130200.26	260416.52	595315.45	8848.53	9.6837,5.3447,2.2853,0.7541,0.8991,0.3133,1.4401,0.3616
anc_asym_mig_size	Round_3_Replicate_1	-52189.96	104395.92	108383.13	5889.44	8.929,3.2224,0.3923,0.5362,3.1004,1.9625,11.6426,0.1231
anc_asym_mig_size	Round_3_Replicate_2	-47337.07	94690.14	138340.55	6400.36	5.6481,6.2418,1.0833,1.3077,23.433,0.2876,7.2604,0.1976
anc_asym_mig_size	Round_3_Replicate_3	-105033.7	210083.4	333776.12	11641.16	2.5408,3.8249,1.2488,1.732,25.0467,0.4569,1.387,0.5272
anc_asym_mig_size	Round_3_Replicate_4	-87417.59	174851.18	525176.74	6027.04	7.2779,6.8336,4.5441,1.856,27.8703,1.9751,2.8827,0.3678
anc_asym_mig_size	Round_3_Replicate_5	-108922.59	217861.18	21650612.57	3982.81	7.5936,11.5995,2.8915,1.1276,28.2271,0.3457,5.769,0.064
anc_asym_mig_size	Round_3_Replicate_6	-72384.11	144784.22	779039.45	10775.48	1.9952,1.6852,3.9603,4.4489,3.5522,0.139,4.5506,0.0715
anc_asym_mig_size	Round_3_Replicate_7	-69413.36	138842.72	404998.76	14495.52	7.7489,1.6218,1.2997,2.7874,21.0739,0.1576,2.1752,0.1891
anc_asym_mig_size	Round_3_Replicate_8	-74532.5	149081.0	483157.18	6882.93	24.0928,2.2062,3.3475,4.0318,4.1042,0.8156,5.1797,0.3313
anc_asym_mig_size	Round_3_Replicate_9	-46092.86	92201.72	124913.88	10039.03	18.7601,2.8575,0.9524,0.4119,8.3281,0.8966,4.641,0.1216
anc_asym_mig_size	Round_3_Replicate_10	-99285.48	198586.96	417571.49	8302.77	3.3971,10.3821,1.6366,0.5553,5.5248,0.6918,1.7818,0.1774
anc_asym_mig_size	Round_3_Replicate_11	-92862.88	185741.76	3334306.57	3741.22	8.7687,14.7653,1.8881,1.8518,23.8743,0.2012,6.0968,0.1245
anc_asym_mig_size	Round_3_Replicate_12	-88649.21	177314.42	307081.2	10193.21	12.5986,4.3639,1.5573,0.5599,8.8908,2.0224,1.7778,0.2608
anc_asym_mig_size	Round_3_Replicate_13	-125067.19	250150.38	587941.76	8585.23	2.3493,2.8368,2.2712,0.5587,12.6953,2.0487,7.9273,0.6828
anc_asym_mig_size	Round_3_Replicate_14	-86719.34	173454.68	312090.82	12209.82	3.0825,2.0665,1.4915,4.2402,17.6664,1.2104,1.0601,0.3104
anc_asym_mig_size	Round_3_Replicate_15	-55716.85	111449.7	138260.65	6048.45	6.6029,4.3645,2.3913,1.9538,7.045,0.3496,10.8931,0.4804
anc_asym_mig_size	Round_3_Replicate_16	-82955.18	165926.36	203785.1	14568.51	4.0447,1.7498,0.4704,0.8656,6.9968,1.5639,3.4964,0.2341
anc_asym_mig_size	Round_3_Replicate_17	-96755.02	193526.04	307115.44	23375.33	17.0171,1.7458,0.3635,0.3713,4.506,0.3013,0.6727,0.169
anc_asym_mig_size	Round_3_Replicate_18	-58915.05	117846.1	270108.25	4021.6	4.1707,8.6268,2.3277,2.0333,3.7061,0.7783,7.9628,0.2599
anc_asym_mig_size	Round_3_Replicate_19	-51959.31	103934.62	242989.79	15119.89	10.5833,1.7474,0.5344,1.3778,10.8111,0.1431,5.1895,0.0856
anc_asym_mig_size	Round_3_Replicate_20	-41290.63	82597.26	142522.37	5255.38	5.4653,7.3468,0.7467,0.8596,23.9356,0.5256,10.8336,0.118
anc_asym_mig_size	Round_3_Replicate_21	-74544.34	149104.68	1495265.8	10156.3	2.2355,1.8681,3.4194,4.1317,5.2134,0.1758,10.041,0.1037
anc_asym_mig_size	Round_3_Replicate_22	-57103.5	114223.0	199220.27	7468.57	2.0679,4.1707,3.1199,0.5363,12.9784,1.8322,4.0089,0.1554
anc_asym_mig_size	Round_3_Replicate_23	-109130.84	218277.68	303920.44	15500.11	2.9865,1.5122,0.568,2.1763,7.1124,1.3981,1.275,0.32
anc_asym_mig_size	Round_3_Replicate_24	-103537.48	207090.96	307271.52	13162.5	4.3191,7.0661,0.7667,1.8026,4.5195,0.3679,0.7069,0.2479
anc_asym_mig_size	Round_3_Replicate_25	-70090.29	140196.58	216161.08	14958.09	14.887,2.8958,0.5436,1.3137,10.2422,0.4324,1.0207,0.1205
anc_asym_mig_size	Round_3_Replicate_26	-79870.29	159756.58	201359.73	17986.1	1.6466,1.619,0.3468,0.4703,5.6401,0.6315,4.5433,0.1606
anc_asym_mig_size	Round_3_Replicate_27	-101234.91	202485.82	357467.11	12322.9	3.0409,3.0001,1.5119,0.8089,3.43,0.4374,1.2382,0.3512
anc_asym_mig_size	Round_3_Replicate_28	-94865.23	189746.46	286590.31	13451.71	6.2414,2.409,1.0783,1.1463,29.3929,0.1779,2.3179,0.4725
anc_asym_mig_size	Round_3_Replicate_29	-130987.29	261990.58	6112200.19	9523.01	18.736,2.0491,3.2047,5.9004,2.823,0.4284,0.8573,0.0796
anc_asym_mig_size	Round_3_Replicate_30	-64679.46	129374.92	161265.56	13745.84	7.3149,1.9839,1.0107,1.1954,11.2048,0.1542,3.077,0.2542
anc_asym_mig_size	Round_4_Replicate_1	-35132.11	70280.22	110167.36	5921.05	3.5351,5.5553,0.6781,0.5796,17.9283,0.4486,19.2134,0.0973
anc_asym_mig_size	Round_4_Replicate_2	-40633.47	81282.94	127678.24	6393.7	4.1756,5.3264,0.5359,0.7913,21.791,0.3539,15.3187,0.0952
anc_asym_mig_size	Round_4_Replicate_3	-34586.1	69188.2	99641.71	4822.4	3.4864,7.358,1.3658,0.5831,24.1381,0.2996,15.5075,0.1493
anc_asym_mig_size	Round_4_Replicate_4	-53123.93	106263.86	106606.4	7786.48	4.0036,4.6555,0.4831,0.8907,28.5931,0.6902,11.9853,0.1558
anc_asym_mig_size	Round_4_Replicate_5	-43809.8	87635.6	209308.04	4357.78	3.4779,7.1757,0.5477,1.1214,22.2695,0.9914,25.2421,0.0863
anc_asym_mig_size	Round_4_Replicate_6	-35065.18	70146.36	127449.21	5474.1	8.3612,5.9646,0.556,0.5428,28.1112,0.7519,23.4882,0.0793
anc_asym_mig_size	Round_4_Replicate_7	-45015.8	90047.6	225701.61	5283.84	7.3179,6.325,0.4454,0.94,18.4739,0.6533,14.2949,0.0701
anc_asym_mig_size	Round_4_Replicate_8	-39724.63	79465.26	93886.85	6936.31	4.5925,5.127,0.4189,0.5019,22.8124,0.8906,12.0127,0.0868
anc_asym_mig_size	Round_4_Replicate_9	-60392.8	120801.6	123152.24	8696.23	4.4921,4.5531,0.4632,0.7893,22.0818,0.4799,8.844,0.1786
anc_asym_mig_size	Round_4_Replicate_10	-39253.86	78523.72	123506.83	5036.13	8.9724,6.388,0.7459,0.9366,16.5716,0.882,17.0147,0.1268
anc_asym_mig_size	Round_4_Replicate_11	-37104.91	74225.82	127623.21	6400.01	2.9633,5.2144,1.0826,0.4344,17.207,1.0508,8.7542,0.0987
anc_asym_mig_size	Round_4_Replicate_12	-41772.2	83560.4	139630.39	8563.31	7.8697,4.1421,0.7262,0.7576,20.2299,0.2869,6.7614,0.1125
anc_asym_mig_size	Round_4_Replicate_13	-39379.13	78774.26	119057.92	6371.88	3.5626,5.4166,1.0345,0.9316,27.0911,0.4427,11.2769,0.1594
anc_asym_mig_size	Round_4_Replicate_14	-37767.22	75550.44	172583.96	3753.58	4.8595,8.4005,1.4813,1.2859,17.0079,0.5972,23.7003,0.1762
anc_asym_mig_size	Round_4_Replicate_15	-49095.09	98206.18	100220.53	5966.43	3.5068,6.8173,0.5501,0.6608,17.846,0.4743,13.1456,0.1643
anc_asym_mig_size	Round_4_Replicate_16	-33103.92	66223.84	105701.69	4660.04	5.5719,7.0114,1.2893,0.7032,26.4883,0.3615,26.4958,0.1489
anc_asym_mig_size	Round_4_Replicate_17	-42821.18	85658.36	130313.11	6529.8	6.2087,6.0372,1.2162,0.7768,28.0784,0.7291,6.9796,0.1678
anc_asym_mig_size	Round_4_Replicate_18	-40456.85	80929.7	131769.3	5513.56	3.5427,6.3497,0.5593,0.8012,29.5482,0.6601,15.052,0.0969
anc_asym_mig_size	Round_4_Replicate_19	-43967.83	87951.66	160285.13	7176.2	4.8218,4.378,0.7191,1.299,29.3964,0.4043,19.7327,0.1264
anc_asym_mig_size	Round_4_Replicate_20	-40902.16	81820.32	143655.23	3257.94	8.9013,10.8547,0.8095,1.244,25.1627,0.5188,25.6512,0.139
anc_asym_mig_size	Round_4_Replicate_21	-46950.25	93916.5	322242.17	4718.68	4.2331,9.1403,0.9049,0.5733,28.2434,0.6651,8.3622,0.0806
anc_asym_mig_size	Round_4_Replicate_22	-40317.39	80650.78	109264.1	6196.25	3.7391,5.8326,1.1028,0.8014,16.0089,0.502,9.5101,0.1706
anc_asym_mig_size	Round_4_Replicate_23	-50201.45	100418.9	235484.9	6829.17	6.7481,4.6313,0.4673,1.6628,13.2262,0.3528,12.0029,0.0831
anc_asym_mig_size	Round_4_Replicate_24	-52406.74	104829.48	399294.93	3152.22	3.2622,12.7202,1.4276,1.6908,13.4325,0.8306,12.7651,0.154
anc_asym_mig_size	Round_4_Replicate_25	-39887.96	79791.92	123472.16	4835.7	3.6997,7.2657,0.6171,0.8552,21.6514,0.3907,18.5992,0.1082
anc_asym_mig_size	Round_4_Replicate_26	-53687.97	107391.94	119758.83	7443.39	5.7759,7.2591,0.4395,0.4241,24.7108,0.5338,6.592,0.1298
anc_asym_mig_size	Round_4_Replicate_27	-32901.09	65818.18	111774.66	4695.71	3.0788,6.7294,1.2048,0.5579,13.8659,0.4318,22.9436,0.1173
anc_asym_mig_size	Round_4_Replicate_28	-40781.28	81578.56	127291.69	4956.8	5.5533,6.2539,1.1415,1.478,13.5764,0.3557,26.2441,0.1943
anc_asym_mig_size	Round_4_Replicate_29	-49319.69	98655.38	156016.03	6770.94	10.8884,4.4811,0.5249,1.6111,19.621,0.8009,17.8306,0.1129
anc_asym_mig_size	Round_4_Replicate_30	-36949.61	73915.22	106077.54	7526.02	3.507,4.3731,0.5214,0.5281,24.1626,0.9026,12.7945,0.0859
anc_asym_mig_size	Round_4_Replicate_31	-42235.28	84486.56	107587.78	7232.51	10.5057,4.946,0.921,0.8672,22.6511,0.6796,8.3322,0.1713
anc_asym_mig_size	Round_4_Replicate_32	-40010.3	80036.6	110088.74	4196.8	9.8225,8.6627,0.5841,0.8035,25.6905,0.7489,18.9586,0.1122
anc_asym_mig_size	Round_4_Replicate_33	-46507.08	93030.16	114145.85	5942.75	5.3874,8.3131,0.5195,0.5718,24.7351,0.5638,7.5784,0.1107
anc_asym_mig_size	Round_4_Replicate_34	-34257.54	68531.08	88904.63	3285.26	4.5447,11.7966,0.7265,0.5252,20.5635,0.4087,23.5728,0.1145
anc_asym_mig_size	Round_4_Replicate_35	-49028.93	98073.86	197538.25	6099.76	8.4131,5.8307,0.8121,1.7309,25.9734,0.6093,9.0615,0.1432
anc_asym_mig_size	Round_4_Replicate_36	-38528.44	77072.88	142718.6	6354.94	2.852,5.0723,0.6751,0.7646,18.5961,0.5397,15.4698,0.0981
anc_asym_mig_size	Round_4_Replicate_37	-43494.74	87005.48	170594.5	3412.02	6.1045,10.151,0.6242,1.2273,18.4652,0.3985,25.7616,0.1075
anc_asym_mig_size	Round_4_Replicate_38	-30872.64	61761.28	95093.87	3006.42	3.5606,10.8059,1.2957,0.4621,18.3308,0.9617,29.9665,0.1176
anc_asym_mig_size	Round_4_Replicate_39	-47447.69	94911.38	206274.89	4011.12	3.6349,9.5917,0.7396,1.4767,26.1906,0.6072,13.8449,0.1219
anc_asym_mig_size	Round_4_Replicate_40	-34678.99	69373.98	122856.77	2978.8	5.1061,12.5496,0.9595,0.6664,27.6327,0.8008,22.6601,0.1204
