Model	Replicate	log-likelihood	AIC	chi-squared	theta	optimized_params(nu1a, nu2a, nu1b, nu2b, T1, T2)
no_mig_size	Round_1_Replicate_1	-518340.03	1036692.06	92684097.61	11261.59	0.9109,2.3022,1.3952,0.9642,2.3276,1.1497
no_mig_size	Round_1_Replicate_2	-592250.88	1184513.76	243452924.51	17683.85	0.4447,0.5619,2.1743,0.4274,1.5788,0.2437
no_mig_size	Round_1_Replicate_3	-340290.56	680593.12	2112010549994933.0	8315.48	0.9804,0.8931,0.337,0.147,0.6948,5.1
no_mig_size	Round_1_Replicate_4	-1534866.18	3069744.36	673444065968995.1	9211.98	1.8109,0.4841,0.7906,0.773,4.3162,3.9552
no_mig_size	Round_1_Replicate_5	-110292.22	220596.44	292657.4	18196.21	0.4035,7.2959,0.8793,5.7691,0.1176,0.1707
no_mig_size	Round_1_Replicate_6	-449386.54	898785.08	40380122.85	13583.96	0.8179,2.5932,1.2411,0.8257,0.2218,2.2515
no_mig_size	Round_1_Replicate_7	-288828.51	577669.02	2709686759366434.5	7007.59	0.1629,0.2612,0.9909,0.1193,2.2671,3.1729
no_mig_size	Round_1_Replicate_8	-304795.42	609602.84	6084797.31	8394.51	1.0941,0.3169,5.8348,5.6429,0.5462,0.7409
no_mig_size	Round_1_Replicate_9	-1025164.38	2050340.76	112686450993.57	12360.73	0.5505,0.9796,0.7223,1.5734,4.4501,0.1282
no_mig_size	Round_1_Replicate_10	-251790.51	503593.02	479118607868792.3	3669.53	0.1794,0.983,0.2304,0.6319,4.3061,3.0281
no_mig_size	Round_2_Replicate_1	-245985.34	491982.68	1808990.71	16972.13	0.1825,5.7226,1.3615,2.825,0.3192,0.1511
no_mig_size	Round_2_Replicate_2	-192686.6	385385.2	916095.45	14710.69	0.8376,10.1929,0.5525,5.0427,0.1831,0.5008
no_mig_size	Round_2_Replicate_3	-126622.68	253257.36	447616.31	11330.19	0.8706,4.3236,2.7189,5.0378,0.0911,0.5453
no_mig_size	Round_2_Replicate_4	-200309.35	400630.7	1020783.87	19992.66	0.1805,3.9194,0.383,2.3765,0.0437,0.4468
no_mig_size	Round_2_Replicate_5	-69526.29	139064.58	388056.05	23660.65	1.5626,8.302,0.4032,2.2223,0.0692,0.059
no_mig_size	Round_2_Replicate_6	-176369.98	352751.96	857098.04	18206.3	0.2379,6.6868,0.908,1.68,0.1964,0.3148
no_mig_size	Round_2_Replicate_7	-184046.06	368104.12	782417.9	16677.16	0.5158,2.3161,0.4574,5.7972,0.0746,0.4397
no_mig_size	Round_2_Replicate_8	-136075.85	272163.7	394971.83	14883.95	1.2077,25.6433,0.5696,10.2314,0.2762,0.2005
no_mig_size	Round_2_Replicate_9	-103320.09	206652.18	254770.02	21884.11	0.3497,2.0974,1.1297,11.4853,0.166,0.0445
no_mig_size	Round_2_Replicate_10	-190591.1	381194.2	783445.98	18959.17	0.1853,2.5419,0.3299,7.0176,0.05,0.3202
no_mig_size	Round_2_Replicate_11	-159646.14	319304.28	686639.44	9837.32	1.3497,4.4541,2.2254,6.976,0.3828,0.5721
no_mig_size	Round_2_Replicate_12	-156180.77	312373.54	615239.89	9224.58	1.1703,8.8796,2.4608,12.7074,0.2623,0.617
no_mig_size	Round_2_Replicate_13	-92173.13	184358.26	475982.36	18294.18	0.817,12.1614,2.7403,7.6557,0.1666,0.0416
no_mig_size	Round_2_Replicate_14	-304587.65	609187.3	3418900.85	18499.53	0.1356,9.7722,0.8496,2.0374,0.3342,0.1026
no_mig_size	Round_2_Replicate_15	-95305.17	190622.34	271532.78	18431.16	0.8202,22.4086,0.7492,6.3879,0.125,0.1342
no_mig_size	Round_2_Replicate_16	-132667.28	265346.56	403333.54	16246.28	0.5592,4.0425,2.1923,15.8953,0.3234,0.0703
no_mig_size	Round_2_Replicate_17	-124781.23	249574.46	361797.82	16716.16	0.3884,5.1581,2.4387,4.1108,0.1913,0.1352
no_mig_size	Round_2_Replicate_18	-77301.79	154615.58	220830.51	25273.67	0.1573,4.6578,0.7294,3.5493,0.0363,0.0567
no_mig_size	Round_2_Replicate_19	-87526.08	175064.16	254797.98	22479.48	0.2215,9.4112,0.9942,13.356,0.0568,0.0713
no_mig_size	Round_2_Replicate_20	-103360.46	206732.92	296704.22	16418.82	0.4253,2.244,1.3525,3.0487,0.0491,0.3329
no_mig_size	Round_3_Replicate_1	-69564.31	139140.62	220167.6	20357.21	1.6956,17.5628,1.4558,0.6954,0.0857,0.1383
no_mig_size	Round_3_Replicate_2	-87546.36	175104.72	996439.61	18198.02	2.5191,16.773,1.5889,3.8279,0.0146,0.1927
no_mig_size	Round_3_Replicate_3	-91353.03	182718.06	216022.73	22125.96	0.5443,6.3791,0.452,2.4207,0.1148,0.0953
no_mig_size	Round_3_Replicate_4	-75629.88	151271.76	200084.15	21247.0	0.8216,3.3939,1.2717,0.6486,0.1269,0.1267
no_mig_size	Round_3_Replicate_5	-87130.73	174273.46	209783.7	21957.87	0.7283,4.8353,0.4808,3.1352,0.0706,0.1336
no_mig_size	Round_3_Replicate_6	-94920.19	189852.38	246556.73	18983.61	0.9186,10.449,0.4563,2.6536,0.2263,0.053
no_mig_size	Round_3_Replicate_7	-63275.14	126562.28	458283.7	29603.7	1.9779,3.3752,0.1332,2.4724,0.0141,0.0234
no_mig_size	Round_3_Replicate_8	-85839.07	171690.14	197638.6	23896.97	0.3804,20.0951,0.4383,1.9607,0.0249,0.1558
no_mig_size	Round_3_Replicate_9	-92515.1	185042.2	250636.94	18861.84	2.0505,12.7857,0.5822,5.8646,0.1099,0.1566
no_mig_size	Round_3_Replicate_10	-97022.32	194056.64	236101.85	29184.72	4.7337,22.434,0.2171,0.5948,0.0787,0.1281
no_mig_size	Round_3_Replicate_11	-59542.84	119097.68	236187.96	25878.71	1.1489,3.6824,0.2337,0.5972,0.0887,0.028
no_mig_size	Round_3_Replicate_12	-91737.16	183486.32	856559.94	16947.14	1.9856,5.3514,1.2279,5.352,0.199,0.055
no_mig_size	Round_3_Replicate_13	-68708.33	137428.66	206589.29	21501.76	2.1311,2.2267,0.4613,0.9882,0.1745,0.0576
no_mig_size	Round_3_Replicate_14	-92914.13	185840.26	206259.96	25388.72	6.1381,22.8232,0.2767,2.7393,0.0128,0.1323
no_mig_size	Round_3_Replicate_15	-61522.21	123056.42	465664.74	27159.83	1.7103,3.0725,0.2118,1.4534,0.0424,0.0296
no_mig_size	Round_3_Replicate_16	-142393.71	284799.42	464851.18	27832.33	1.0289,5.6135,0.2214,0.7666,0.1157,0.1919
no_mig_size	Round_3_Replicate_17	-73649.54	147311.08	665647.87	23274.02	1.3104,6.8998,0.3632,6.3744,0.0793,0.0393
no_mig_size	Round_3_Replicate_18	-73120.53	146253.06	194139.41	21863.69	0.9898,6.4968,0.7702,1.2941,0.0625,0.154
no_mig_size	Round_3_Replicate_19	-113853.4	227718.8	277061.7	20172.63	0.7694,11.2011,0.3195,5.4757,0.1653,0.1037
no_mig_size	Round_3_Replicate_20	-64364.53	128741.06	483765.28	28823.94	0.7459,14.1227,0.1239,1.6653,0.0291,0.0177
no_mig_size	Round_3_Replicate_21	-78234.45	156480.9	939975.22	20336.29	5.6089,2.2476,1.0019,3.5838,0.0553,0.1096
no_mig_size	Round_3_Replicate_22	-74551.39	149114.78	336153.2	19110.15	4.4272,2.9078,0.8249,1.4561,0.1593,0.0933
no_mig_size	Round_3_Replicate_23	-72846.39	145704.78	188521.6	24886.8	0.5023,5.4318,0.375,1.4267,0.0818,0.0532
no_mig_size	Round_3_Replicate_24	-112152.74	224317.48	262720.58	20238.96	1.7754,22.1337,0.2244,5.0833,0.1819,0.0896
no_mig_size	Round_3_Replicate_25	-67859.49	135730.98	414480.82	22588.0	2.3697,16.941,0.8536,1.7766,0.0127,0.1257
no_mig_size	Round_3_Replicate_26	-71265.02	142542.04	314753.87	20336.95	2.0265,22.2438,1.005,1.0963,0.102,0.1112
no_mig_size	Round_3_Replicate_27	-53711.65	107435.3	332061.36	27955.93	0.4302,3.2247,0.4195,0.7162,0.0149,0.0483
no_mig_size	Round_3_Replicate_28	-78091.22	156194.44	1040296.44	23002.58	0.6203,13.4155,0.7797,8.5328,0.0627,0.0405
no_mig_size	Round_3_Replicate_29	-99512.75	199037.5	6697756.79	18370.94	5.7222,4.5343,1.4328,3.0654,0.1135,0.0552
no_mig_size	Round_3_Replicate_30	-92997.69	186007.38	19179226.08	23576.91	4.1798,6.2596,1.102,2.8175,0.0175,0.0512
no_mig_size	Round_4_Replicate_1	-63203.97	126419.94	401523.33	26208.64	0.2011,2.3362,0.8255,1.3779,0.022,0.0497
no_mig_size	Round_4_Replicate_2	-57623.05	115258.1	325830.01	28465.09	0.8203,1.8286,0.2852,1.1678,0.0104,0.0471
no_mig_size	Round_4_Replicate_3	-50015.31	100042.62	226906.49	29132.58	0.8122,5.413,0.316,0.5515,0.0128,0.0473
no_mig_size	Round_4_Replicate_4	-57907.02	115826.04	269440.93	25487.53	0.5128,2.4606,0.6467,1.0097,0.0117,0.0889
no_mig_size	Round_4_Replicate_5	-58800.19	117612.38	369347.38	26902.78	0.4414,1.6284,0.452,1.2405,0.0171,0.0559
no_mig_size	Round_4_Replicate_6	-48745.38	97502.76	199140.42	29625.25	0.3912,2.9106,0.3165,0.4778,0.0133,0.0435
no_mig_size	Round_4_Replicate_7	-56908.44	113828.88	322784.38	28889.23	0.3588,3.7695,0.2782,0.9458,0.0125,0.0399
no_mig_size	Round_4_Replicate_8	-54262.75	108537.5	225419.48	29143.38	0.5234,3.0402,0.28,0.7729,0.0109,0.0481
no_mig_size	Round_4_Replicate_9	-51824.11	103660.22	233316.16	29092.68	0.7301,2.0604,0.3051,0.6722,0.0102,0.049
no_mig_size	Round_4_Replicate_10	-55177.21	110366.42	265611.68	27823.59	0.2833,2.9576,0.4244,0.8678,0.0102,0.0585
no_mig_size	Round_4_Replicate_11	-44803.86	89619.72	132832.22	29101.75	0.3835,2.5951,0.4885,0.3471,0.0103,0.0627
no_mig_size	Round_4_Replicate_12	-56221.65	112455.3	346446.92	28715.6	0.4066,1.6983,0.2975,0.9734,0.012,0.0413
no_mig_size	Round_4_Replicate_13	-50656.77	101325.54	203867.43	28290.55	0.6531,2.2445,0.4025,0.615,0.0125,0.0599
no_mig_size	Round_4_Replicate_14	-58475.9	116963.8	395184.12	27967.91	0.3909,4.4893,0.3471,1.1465,0.0113,0.0474
no_mig_size	Round_4_Replicate_15	-57394.44	114800.88	268725.79	28237.99	0.5627,1.9374,0.309,1.0973,0.0132,0.0515
no_mig_size	Round_4_Replicate_16	-54761.73	109535.46	296778.86	26826.12	0.4561,2.8015,0.539,0.8324,0.0101,0.0687
no_mig_size	Round_4_Replicate_17	-56112.97	112237.94	216934.23	27779.85	0.6539,2.8832,0.3682,0.9367,0.012,0.0655
no_mig_size	Round_4_Replicate_18	-58236.31	116484.62	332236.42	28885.83	0.3378,2.2428,0.266,1.1467,0.0117,0.0393
no_mig_size	Round_4_Replicate_19	-50613.76	101239.52	223729.61	28257.97	0.6285,6.4542,0.4114,0.6068,0.0107,0.0589
no_mig_size	Round_4_Replicate_20	-47311.76	94635.52	168822.18	29805.08	0.4489,4.4913,0.323,0.4379,0.0114,0.0485
no_mig_size	Round_4_Replicate_21	-59178.9	118369.8	356874.67	28832.94	0.7388,2.5423,0.2216,1.2513,0.0167,0.0352
no_mig_size	Round_4_Replicate_22	-48098.64	96209.28	220893.05	26900.59	0.4721,2.4276,0.7934,0.4092,0.0103,0.0645
no_mig_size	Round_4_Replicate_23	-56189.18	112390.36	288129.68	27518.44	0.8125,2.1964,0.3899,1.0038,0.0112,0.0614
no_mig_size	Round_4_Replicate_24	-47956.11	95924.22	183720.16	27748.71	0.5715,1.6742,0.5508,0.4546,0.0178,0.0609
no_mig_size	Round_4_Replicate_25	-55509.45	111030.9	265768.07	29006.09	0.4605,2.1165,0.2748,0.8797,0.0122,0.0438
no_mig_size	Round_4_Replicate_26	-50170.49	100352.98	171513.56	29264.5	0.7468,2.1615,0.3148,0.5584,0.0139,0.0538
no_mig_size	Round_4_Replicate_27	-58744.69	117501.38	284519.66	28682.12	0.2574,5.2363,0.2909,1.1376,0.0101,0.0456
no_mig_size	Round_4_Replicate_28	-55153.02	110318.04	255058.45	29185.92	0.3865,4.0766,0.2734,0.8127,0.0108,0.0439
no_mig_size	Round_4_Replicate_29	-44974.7	89961.4	181661.92	30060.94	0.459,3.613,0.3219,0.3604,0.0115,0.0417
no_mig_size	Round_4_Replicate_30	-58064.76	116141.52	246497.65	25302.88	0.5632,3.9306,0.6657,0.9402,0.0189,0.0883
no_mig_size	Round_4_Replicate_31	-52925.4	105862.8	226367.05	26527.77	0.2773,4.1541,0.762,0.6021,0.0148,0.0706
no_mig_size	Round_4_Replicate_32	-46979.34	93970.68	181288.77	30122.61	0.7325,4.3029,0.2693,0.4023,0.0148,0.0407
no_mig_size	Round_4_Replicate_33	-55204.56	110421.12	225275.07	28620.26	0.2726,5.5119,0.3535,0.7259,0.018,0.0457
no_mig_size	Round_4_Replicate_34	-57566.84	115145.68	366880.2	28154.64	0.8235,1.7653,0.3092,1.1639,0.0121,0.0471
no_mig_size	Round_4_Replicate_35	-53647.17	107306.34	276222.82	28086.49	0.4883,2.5103,0.3901,0.7885,0.0101,0.0558
no_mig_size	Round_4_Replicate_36	-57581.0	115174.0	315331.15	26593.2	0.8064,1.9744,0.4494,1.0713,0.0222,0.0612
no_mig_size	Round_4_Replicate_37	-52975.8	105963.6	181170.83	27290.29	0.6927,3.446,0.471,0.6729,0.0183,0.0736
no_mig_size	Round_4_Replicate_38	-57063.42	114138.84	362516.81	28775.93	0.4802,3.3731,0.2777,0.9998,0.0111,0.0408
no_mig_size	Round_4_Replicate_39	-43693.67	87399.34	175010.87	29350.42	0.7735,1.9997,0.3963,0.3336,0.014,0.0463
no_mig_size	Round_4_Replicate_40	-45460.49	90932.98	135902.44	28022.21	0.7598,2.9449,0.6006,0.3146,0.0191,0.0651
