chrom	start	end	nSites	recombRate	CI95LO	CI95HI
Chr10	0	304000	575	1.2443726016909884e-08	5.6709242308396794e-09	2.290976654003705e-08
Chr10	304000	608000	657	2.0482925002543013e-08	1.0584021683282103e-08	3.335787286593794e-08
Chr10	608000	912000	222	1.2243657948611896e-08	5.470856162541692e-09	2.2709698471739058e-08
Chr10	912000	1216000	477	1.2553433670077495e-08	5.780631884007291e-09	2.3019474193204656e-08
Chr10	1216000	1520000	1107	2.651726057191234e-08	1.4887109995987027e-08	3.75531804831632e-08
Chr10	1520000	1824000	761	2.513890690661321e-08	1.3109853864073893e-08	3.561742478222492e-08
Chr10	1824000	2128000	617	1.124297128368823e-08	4.7035779013339096e-09	2.1994466266884836e-08
Chr10	2128000	2432000	623	2.090220989414779e-08	1.0469885023512733e-08	3.313485670075697e-08
Chr10	2432000	2736000	617	1.2827677873607124e-08	5.617522956048626e-09	2.3646880740547838e-08
Chr10	2736000	3040000	900	1.554505811757182e-08	7.826720481884741e-09	2.7768406673123003e-08
Chr10	3040000	3344000	1052	3.258491117414856e-08	2.057836821429597e-08	4.042990631654057e-08
Chr10	3344000	3648000	793	1.439787215561054e-08	6.7178023754745176e-09	2.5657834007416644e-08
Chr10	3648000	3952000	1049	3.3846594703039015e-08	2.170779598128874e-08	4.082522659762205e-08
Chr10	3952000	4256000	882	1.2064569907728202e-08	5.291768121657998e-09	2.2530610430855365e-08
Chr10	4256000	4560000	837	1.7351629308717787e-08	8.919098634987944e-09	2.9692248857185443e-08
Chr10	4560000	4864000	165	5.624400524647774e-09	1.984260601825247e-09	1.1851221583422363e-08
Chr10	4864000	5168000	618	2.332493855160709e-08	1.185308024386376e-08	3.510825971485718e-08
Chr10	5168000	5472000	446	1.9344843389193734e-08	9.897950210360996e-09	3.309750852922588e-08
Chr10	5472000	5776000	783	2.918615924122458e-08	1.712175940652538e-08	3.816706832430293e-08
Chr10	5776000	6080000	448	1.9570061674129345e-08	1.0135454911625384e-08	3.1710487405517755e-08
Chr10	6080000	6384000	603	2.059575451738265e-08	1.0163429646747592e-08	3.282840132399183e-08
Chr10	6384000	6688000	642	6.745800837225074e-09	1.9187243653556555e-09	1.3181450628084159e-08
Chr10	6688000	6992000	536	3.691231944254737e-08	2.5382433996154376e-08	4.316530281807941e-08
Chr10	6992000	7296000	994	2.9408346838867496e-08	1.726052928699006e-08	3.8616783785162744e-08
Chr10	7296000	7600000	782	2.7242550098434162e-08	1.499217005472401e-08	3.7062141371875283e-08
Chr10	7600000	7904000	788	3.385321416532895e-08	2.1714415443578672e-08	4.083184605991198e-08
Chr10	7904000	8208000	670	2.97039012450568e-08	1.7556083693179364e-08	3.891233819135205e-08
Chr10	8208000	8512000	912	2.038961517693595e-08	9.957290306300894e-09	3.262226198354513e-08
Chr10	8512000	8816000	1755	1.619158998959932e-08	7.654290522228846e-09	2.7808554180207634e-08
Chr10	8816000	9120000	1670	1.959032995651227e-08	1.015572319400831e-08	3.1730755687900675e-08
Chr10	9120000	9424000	893	3.006261687462423e-08	1.7724723101317713e-08	3.837831114113836e-08
Chr10	9424000	9728000	1503	2.4463308422206598e-08	1.3169155609227078e-08	3.5452880341346557e-08
Chr10	9728000	10032000	909	4.918741992369751e-08	4.137728667245715e-08	5.303344333455589e-08
Chr10	10032000	10336000	851	5.363544725353492e-08	4.582531400229456e-08	5.7481470664393296e-08
Chr10	10336000	10640000	670	1.848320900973027e-08	9.97801519383051e-09	3.095007734739857e-08
Chr10	10640000	10944000	478	4.733764261681001e-08	3.82355837768385e-08	5.1071710249686767e-08
Chr10	10944000	11248000	799	3.298050473034011e-08	2.0096515565903998e-08	4.06396941019628e-08
Chr10	11248000	11552000	894	4.080786767674532e-08	2.941717932864457e-08	4.607476996882348e-08
Chr10	11552000	11856000	652	2.6912173141036837e-08	1.5282022565111525e-08	3.79480930522877e-08
Chr10	11856000	12160000	419	1.553641953248489e-08	7.81808189679781e-09	2.7759768088036072e-08
Chr10	12160000	12464000	882	4.638187680775514e-08	3.707590481475405e-08	5.064733332907918e-08
Chr10	12464000	12768000	1005	4.965948030499015e-08	4.1849347053749794e-08	5.350550371584853e-08
Chr10	12768000	13072000	939	3.9416152175952793e-08	2.7801951419270612e-08	4.5338632104652226e-08
Chr10	13072000	13376000	1472	2.9239689800322408e-08	1.709187224844497e-08	3.8448126746617656e-08
Chr10	13376000	13680000	648	1.9528522429641517e-08	1.0081629250808778e-08	3.3281187569673665e-08
Chr10	13680000	13984000	829	1.5672838005504657e-08	7.816309000358883e-09	2.7286768622720485e-08
Chr10	13984000	14288000	1683	1.7183578516462466e-08	8.751047842732622e-09	2.9524198064930122e-08
Chr10	14288000	14592000	1099	3.361211989979671e-08	2.1623568370511693e-08	4.123635349980879e-08
Chr10	14592000	14896000	1723	6.046533983825972e-08	5.265520658701936e-08	6.43113632491181e-08
Chr10	14896000	15200000	1526	3.087071635038359e-08	1.8648323830083374e-08	3.9271470487156136e-08
Chr10	15200000	15504000	571	2.4054937272823015e-08	1.323169061835525e-08	3.5782751104009055e-08
Chr10	15504000	15808000	1503	5.505633402337625e-08	4.7246200772135894e-08	5.890235743423463e-08
Chr10	15808000	16112000	648	1.2579181425220844e-08	5.369026507662346e-09	2.3398384292161558e-08
Chr10	16112000	16416000	1733	3.359363702971883e-08	2.160508550043381e-08	4.1217870629730903e-08
Chr10	16416000	16720000	885	2.721716332277914e-08	1.496678327906899e-08	3.7036754596220255e-08
Chr10	16720000	17024000	869	1.4484542449767077e-08	6.804472669631054e-09	2.574450430157318e-08
Chr10	17024000	17328000	1613	1.339535174804718e-08	6.656421223328213e-09	2.46767509406447e-08
Chr10	17328000	17632000	1065	2.2915936487565523e-08	1.1444078179822191e-08	3.469925765081561e-08
Chr10	17632000	17936000	367	1.018426369646638e-08	4.373518211686381e-09	1.8697968770730902e-08
Chr10	17936000	18240000	395	1.7297591876822513e-08	8.86506120309267e-09	2.963821142529017e-08
Chr10	18240000	18544000	829	2.7591497271487554e-08	1.5152751593575742e-08	3.7188781838551986e-08
Chr10	18544000	18848000	815	2.7001139684237287e-08	1.4750759640527135e-08	3.682073095767841e-08
Chr10	18848000	19152000	1092	1.718732849788928e-08	8.754797824159437e-09	2.9527948046356937e-08
Chr10	19152000	19456000	739	1.0516129697702793e-08	4.137804629590149e-09	1.9864833553196817e-08
Chr10	19456000	19760000	518	3.6448632622181235e-08	2.4411849984899873e-08	4.3343814469891555e-08
Chr10	20064000	20368000	463	1.7660684868865874e-08	9.213103656542843e-09	3.0121820991831276e-08
Chr10	20368000	20672000	682	2.4143649402785314e-08	1.3320402748317549e-08	3.5871463233971354e-08
Chr10	20672000	20976000	728	1.9434589704003278e-08	9.98769652517054e-09	3.318725484403543e-08
Chr10	21280000	21584000	479	1.6468480670725143e-08	7.931181203354669e-09	2.8085444861333456e-08
Chr10	22192000	22496000	585	2.1469001296989136e-08	1.0807146653388104e-08	3.3102717243135726e-08
Chr10	22496000	22800000	533	4.8910861234587514e-08	4.110072798334716e-08	5.275688464544589e-08
Chr10	22800000	23104000	337	2.7595647797594535e-09	0	6.9409695133314335e-09
Chr10	23104000	23408000	1105	1.169756185758807e-08	5.3802518047378805e-09	2.147295484155641e-08
Chr10	23408000	23712000	820	4.400216778875844e-08	3.4179841369873855e-08	4.8373014140278626e-08
Chr10	23712000	24016000	444	7.015583832508287e-09	2.1885073606388686e-09	1.3451233623367372e-08
Chr10	24016000	24320000	618	2.6715293809351193e-08	1.508514323342588e-08	3.7751213720602053e-08
Chr10	24320000	24624000	937	5.11773987464026e-08	4.336726549516224e-08	5.5023422157260975e-08
Chr10	24624000	24928000	859	1.7372951517161178e-08	8.940420843431334e-09	2.9713571065628834e-08
Chr10	24928000	25232000	347	5.38892733339373e-09	1.7487874105712025e-09	1.1615748392168319e-08
Chr10	25232000	25536000	834	1.9289148243200532e-08	9.854541480696571e-09	3.142957397458894e-08
Chr10	25536000	25840000	1015	1.720998504252926e-08	8.777454368799418e-09	2.9550604590996917e-08
Chr10	25840000	26144000	251	9.034079797316064e-09	3.2991179141523727e-09	1.83120595595616e-08
Chr10	26144000	26448000	117	3.5780340816915656e-09	3.852921471316084e-11	8.12880037882048e-09
Chr10	26448000	26752000	1139	3.169685826267344e-08	1.8346235166742168e-08	3.939295482271266e-08
Chr10	26752000	27056000	517	3.8395629605479e-08	2.6434533314276992e-08	4.389227159149263e-08
Chr10	27056000	27360000	511	2.958034502468181e-08	1.7432527472804374e-08	3.878878197097706e-08
Chr10	27360000	27664000	1213	5.20589046260853e-08	4.4248771374844946e-08	5.590492803694368e-08
Chr10	27664000	27968000	640	5.2650633270104703e-08	4.484050001886435e-08	5.649665668096308e-08
Chr10	27968000	28272000	880	3.6946978220281155e-08	2.541709277388816e-08	4.319996159581319e-08
Chr10	28272000	28576000	1000	1.3244944081359122e-08	6.506013556640155e-09	2.452634327395664e-08
Chr10	28576000	28880000	1036	2.729333532698471e-08	1.4854589649072898e-08	3.689061989404914e-08
Chr10	28880000	29184000	791	1.467373629364907e-08	6.993666513513047e-09	2.5933698145455173e-08
Chr10	29184000	29488000	483	1.0671627925072878e-08	4.403078156921491e-09	2.0554496048940048e-08
Chr10	29488000	29792000	636	3.588122862978275e-08	2.4624098379596486e-08	4.2553813425590985e-08
Chr10	29792000	30096000	495	2.7314810370627203e-08	1.487606469271539e-08	3.6912094937691635e-08
Chr10	30400000	30704000	260	1.5896833697848475e-08	8.040304692702701e-09	2.7510764315064302e-08
Chr10	30704000	31008000	981	3.64266141644975e-08	2.4389831527216138e-08	4.332179601220782e-08
Chr10	31008000	31312000	839	2.3936892459544477e-08	1.3113645805076712e-08	3.566470629073052e-08
Chr10	31312000	31616000	853	2.129214529373599e-08	1.1338826502346826e-08	3.339890879656423e-08
Chr10	31616000	31920000	625	2.0891102861392053e-08	1.0458777990756996e-08	3.3123749668001233e-08
Chr10	31920000	32224000	565	2.040002039787542e-08	1.0501117078614511e-08	3.327496826127035e-08
Chr10	32224000	32528000	698	2.155900387609606e-08	1.0897149232495027e-08	3.3192719822242647e-08
Chr10	32832000	33136000	145	1.042453895921966e-08	4.046213891107015e-09	1.9773242814713683e-08
Chr10	33136000	33440000	326	2.4441926565581337e-08	1.3147773752601817e-08	3.54314984847213e-08
Chr10	33440000	33744000	546	2.3845101169791227e-08	1.2432781458323283e-08	3.564761817795493e-08
Chr10	33744000	34048000	416	1.4646637184712742e-08	7.093807889391879e-09	2.6102833709474448e-08
Chr10	34048000	34352000	331	9.289102308703931e-09	3.5541404255402395e-09	1.8567082070949468e-08
Chr10	34352000	34656000	532	1.0447668019350192e-08	4.0693429512375474e-09	1.9796371874844215e-08
Chr10	34656000	34960000	601	2.1010856938959384e-08	1.105753814757022e-08	3.311762044178762e-08
Chr10	34960000	35264000	236	4.107114218108975e-09	2.578170260045022e-10	9.501738543136995e-09
Chr10	35264000	35568000	398	2.7752237446719243e-08	1.531349176880743e-08	3.7349522013783675e-08
Chr10	35568000	35872000	429	2.0185961752997557e-08	1.0287058433736647e-08	3.306090961639249e-08
Chr10	35872000	36176000	918	1.8380986035896383e-08	9.875792219996623e-09	3.0847854373564683e-08
Chr10	36176000	36480000	912	2.367759379157715e-08	1.2265274080109205e-08	3.548011079974085e-08
Chr10	36480000	36784000	1008	2.38951521502433e-08	1.2482832438775358e-08	3.5697669158407e-08
Chr10	36784000	37088000	616	7.2166868355603014e-09	2.3669463596840277e-09	1.4885985542773857e-08
Chr10	37088000	37392000	648	2.1606487755881023e-08	1.0944633112279991e-08	3.324020370202761e-08
Chr10	38304000	38608000	46	4.453623879678366e-09	6.043266875738934e-10	9.848248204706386e-09
