chrom	start	end	nSites	recombRate	CI95LO	CI95HI
Chr06	0	76000	116	0	0	2.7102821764657386e-09
Chr06	76000	152000	355	2.3396925963562378e-09	0	9.03226329398686e-09
Chr06	152000	228000	384	2.5057211862316666e-08	1.1116774901969807e-08	3.736412681611354e-08
Chr06	228000	304000	194	1.0299344149503708e-08	2.696251061055176e-09	2.3273769949897584e-08
Chr06	304000	380000	311	1.7941511092831763e-08	7.413879459714667e-09	3.3045462782186504e-08
Chr06	380000	456000	169	1.2128979104220102e-08	3.5873640889306074e-09	2.630859165501102e-08
Chr06	456000	532000	363	0	0	2.7102821764657386e-09
Chr06	532000	608000	605	0	0	2.7102821764657386e-09
Chr06	608000	684000	266	0	0	2.7102821764657386e-09
Chr06	684000	760000	118	0	0	2.7102821764657386e-09
Chr06	760000	836000	148	0	0	2.7102821764657386e-09
Chr06	988000	1064000	109	0	0	2.7102821764657386e-09
Chr06	1064000	1140000	253	0	0	2.7102821764657386e-09
Chr06	1140000	1216000	582	2.552681694303018e-09	0	9.245252391933641e-09
Chr06	1216000	1292000	300	2.3421467398339285e-08	1.109975656890661e-08	3.6827515314559414e-08
Chr06	1292000	1368000	245	1.349051836713981e-08	4.697376286008233e-09	2.707638835170682e-08
Chr06	1368000	1444000	272	2.4096755668374563e-08	1.0435767594281125e-08	3.7034055877278496e-08
Chr06	1444000	1520000	536	7.458989328292893e-09	1.7574257958808694e-09	1.820719263344825e-08
Chr06	1520000	1596000	600	0	0	2.7102821764657386e-09
Chr06	1596000	1672000	169	1.0386079448456373e-08	2.7829863600078405e-09	2.3360505248850247e-08
Chr06	1824000	1900000	197	3.090573914397072e-08	1.6845987469959194e-08	4.039970422473533e-08
Chr06	1900000	1976000	513	2.4549209375423973e-09	0	9.14749163517302e-09
Chr06	1976000	2052000	106	2.204494912041598e-09	0	8.16043076765875e-09
Chr06	2052000	2128000	489	2.7743349749771684e-09	0	9.196932184598186e-09
Chr06	2128000	2204000	277	2.7079700476231215e-09	0	9.400540745253744e-09
Chr06	2204000	2280000	300	1.4793863723043724e-08	5.096290756172376e-09	2.8669226359683183e-08
Chr06	2280000	2356000	568	0	0	2.7102821764657386e-09
Chr06	2356000	2432000	152	2.423779748398907e-09	0	9.11635044602953e-09
Chr06	2432000	2508000	697	2.4502204767771574e-09	0	9.14279117440778e-09
Chr06	2508000	2584000	520	2.0226877439600002e-09	0	7.978623599577153e-09
Chr06	2584000	2660000	309	2.8913083117352284e-08	1.4791518932675257e-08	4.009928938973671e-08
Chr06	2660000	2736000	179	1.3581794211307449e-08	4.274393050411216e-09	2.8036232568654945e-08
Chr06	2736000	2812000	100	1.3598283517370975e-08	4.8051414362393975e-09	2.7184153501937983e-08
Chr06	2812000	2888000	183	2.5008888281651428e-08	1.042940379529694e-08	3.7078715552628815e-08
Chr06	2888000	2964000	324	1.0985451794620618e-08	3.6452391791175126e-09	2.482799113162625e-08
Chr06	2964000	3040000	153	5.160250716934479e-09	4.720868598094741e-10	1.4594755671987078e-08
Chr06	3040000	3116000	280	5.069927646162431e-09	1.0023170866740879e-09	1.4371381786404958e-08
Chr06	3116000	3192000	156	9.303090644341519e-10	0	5.032675821842201e-09
Chr06	3192000	3268000	290	2.1223221386066052e-08	9.33939470779435e-09	3.4705411683575124e-08
Chr06	3268000	3344000	819	4.443655818924741e-09	6.773116934582381e-10	1.2937141689100472e-08
Chr06	3344000	3420000	557	7.766272826596316e-09	2.0647092941842922e-09	1.851447613175167e-08
Chr06	3420000	3496000	206	3.402455620920403e-11	0	2.7443067326749426e-09
Chr06	3496000	3572000	239	9.82800164784006e-09	2.885145580002549e-09	2.2179582028549546e-08
Chr06	3572000	3648000	159	4.37619597392271e-09	6.098518484562073e-10	1.2869681844098441e-08
Chr06	3648000	3724000	240	1.2814159776582554e-08	4.184652223600691e-09	2.6732316181750797e-08
Chr06	3724000	3800000	371	5.2383880260800145e-09	5.502241689550094e-10	1.4672892981132613e-08
Chr06	3800000	3876000	289	6.075310990441903e-09	1.2763230278687386e-09	1.590177028114904e-08
Chr06	3876000	3952000	379	8.894215799127506e-09	2.4440222642815122e-09	2.250809084862824e-08
Chr06	3952000	4028000	376	3.758638022316229e-08	2.336659980334043e-08	4.540337953767614e-08
Chr06	4028000	4104000	478	1.0030576398804267e-08	3.0877203309667564e-09	2.2382156779513756e-08
Chr06	4104000	4180000	238	1.624580566161598e-08	6.070666175081389e-09	3.207251662562243e-08
Chr06	4256000	4332000	384	9.889150924804975e-09	2.946294856967464e-09	2.2240731305514465e-08
Chr06	4332000	4408000	109	7.626667953597644e-09	1.92510442118562e-09	1.8374871258753e-08
Chr06	4408000	4484000	161	0	0	2.7102821764657386e-09
Chr06	4484000	4560000	275	4.077446836669325e-09	3.9718971539470373e-10	1.2180269982452912e-08
Chr06	4560000	4636000	48	1.2016261066103737e-08	3.628436098177843e-09	2.6508688102320517e-08
Chr06	4636000	4712000	137	1.3312755564451201e-08	4.519613483319624e-09	2.689862554901821e-08
Chr06	4712000	4788000	309	4.543319312882442e-08	3.345555704586399e-08	5.126197787257989e-08
Chr06	4788000	4864000	254	4.931587433066293e-09	8.639768735779491e-10	1.423304157330882e-08
Chr06	4940000	5016000	135	7.366682735648821e-09	1.6651192032367977e-09	1.8114886040804175e-08
Chr06	5016000	5092000	269	0	0	2.7102821764657386e-09
Chr06	5092000	5168000	177	1.1313554650473798e-08	3.9733420349706925e-09	2.515609398747943e-08
Chr06	5168000	5244000	202	2.960297696671375e-09	0	9.382894906292393e-09
Chr06	5244000	5320000	139	1.3967417850633085e-09	0	5.721258973855094e-09
Chr06	5396000	5472000	128	1.12304119057428e-08	3.2352568788241892e-09	2.4586942409570253e-08
Chr06	5472000	5548000	331	1.201862487672692e-08	3.6307999088010266e-09	2.65110519129437e-08
Chr06	5548000	5624000	334	8.210516782056354e-09	2.2702424651717574e-09	1.972000942988843e-08
Chr06	5624000	5700000	190	8.053318707406928e-09	2.1130443905223305e-09	1.9562811355239004e-08
Chr06	5700000	5776000	366	3.948434551310634e-09	2.681774300360127e-10	1.2051257697094221e-08
Chr06	5776000	5852000	406	1.7725907888762733e-08	6.945157640688833e-09	3.19168463575349e-08
Chr06	5852000	5928000	188	8.256165063182415e-09	2.315890746297818e-09	1.976565771101449e-08
Chr06	5928000	6004000	220	1.420730012013907e-08	4.664726588776507e-09	2.8778558808672884e-08
Chr06	6004000	6080000	446	1.0952185297828852e-08	3.611972682325746e-09	2.4794724634834484e-08
Chr06	6080000	6156000	647	2.567801594641041e-09	0	9.260372292271664e-09
Chr06	6156000	6232000	386	1.0907390874328256e-08	3.5671782588251506e-09	2.474993021133389e-08
Chr06	6232000	6308000	282	7.127611088168668e-09	1.4260475557566445e-09	1.7875814393324025e-08
Chr06	6308000	6384000	189	1.3543088828169771e-08	4.2356876672735375e-09	2.7997527185517267e-08
Chr06	6384000	6460000	167	1.9628784651173556e-08	8.473686672507904e-09	3.508529299106853e-08
Chr06	6460000	6536000	399	1.4461950001076279e-08	4.919376469713717e-09	2.9033208689610093e-08
Chr06	6916000	6992000	520	1.1924412221245569e-11	0	2.722206588686984e-09
Chr06	6992000	7068000	521	3.297463712027164e-09	0	1.135444947947334e-08
Chr06	7068000	7144000	156	1.3013083790983942e-08	4.219941709852365e-09	2.659895377555095e-08
Chr06	7144000	7220000	290	4.812016809959771e-09	7.444062504714271e-10	1.4113470950202298e-08
Chr06	7220000	7296000	577	1.0083712846002181e-08	2.480619757553649e-09	2.3058138646396056e-08
Chr06	7296000	7372000	139	1.8541121457898923e-08	6.938470839840049e-09	3.24998351095173e-08
Chr06	7448000	7524000	52	0	0	2.7102821764657386e-09
Chr06	7524000	7600000	956	0	0	2.7102821764657386e-09
Chr06	7600000	7676000	727	0	0	2.7102821764657386e-09
Chr06	7676000	7752000	419	3.134771534848372e-09	0	9.55736874446939e-09
Chr06	8132000	8208000	673	5.148114183680013e-09	1.0805036241916692e-09	1.444956832392254e-08
Chr06	8208000	8284000	240	4.439491777661782e-09	6.73147652195279e-10	1.2932977647837513e-08
Chr06	8436000	8512000	77	5.138961992320223e-09	4.5079813519521773e-10	1.4573466947372821e-08
Chr06	8512000	8588000	433	5.177046079452097e-09	4.88882222327092e-10	1.4611551034504696e-08
Chr06	8588000	8664000	302	6.950115932937002e-09	1.8289133598152382e-09	1.779425116715956e-08
Chr06	8664000	8740000	161	1.3807992639497899e-08	4.500591478601665e-09	2.8262430996845395e-08
Chr06	8816000	8892000	626	7.741933640445355e-09	2.040370108033331e-09	1.8490136945600708e-08
Chr06	8892000	8968000	241	1.0186336665483972e-08	3.2434805976464617e-09	2.253791704619346e-08
Chr06	9196000	9272000	100	1.9422417939185713e-09	0	7.898177649535724e-09
Chr06	9728000	9804000	270	4.487693144013891e-09	7.213490185473877e-10	1.2981179014189621e-08
Chr06	9804000	9880000	759	0	0	2.7102821764657386e-09
Chr06	9880000	9956000	436	1.2982377367684692e-08	4.3528698147028285e-09	2.6900533772852932e-08
Chr06	9956000	10032000	121	5.242307103056755e-10	0	4.2421950911172955e-09
Chr06	10032000	10108000	143	0	0	2.7102821764657386e-09
Chr06	10108000	10184000	538	0	0	2.7102821764657386e-09
Chr06	10184000	10260000	147	9.020766665883962e-09	2.570573131037968e-09	2.2634641715384696e-08
Chr06	10336000	10412000	48	0	0	2.7102821764657386e-09
Chr06	10412000	10488000	400	2.4336016573868722e-09	0	9.126172355017495e-09
Chr06	10488000	10564000	287	2.0326250849927607e-09	0	7.988560940609913e-09
Chr06	10564000	10640000	331	0	0	2.7102821764657386e-09
Chr06	10792000	10868000	599	7.823462614671766e-09	2.121899082259742e-09	1.8571665919827122e-08
Chr06	10868000	10944000	317	5.140103539277279e-09	1.0724929797889357e-09	1.4441557679519806e-08
Chr06	10944000	11020000	486	3.0518308851837664e-08	1.5854086526515278e-08	4.082785016137654e-08
Chr06	11020000	11096000	368	2.6708310837809522e-08	1.2463578532985041e-08	3.801708804137646e-08
Chr06	11096000	11172000	267	1.4106112050166089e-08	4.5635385188035264e-09	2.8677370738699903e-08
Chr06	11172000	11248000	153	6.908645273314464e-09	1.7874427001927002e-09	1.7752780507537023e-08
Chr06	11248000	11324000	211	1.1962921620132689e-08	3.4213066048431936e-09	2.6142534170923607e-08
Chr06	11324000	11400000	297	3.1207176833946276e-09	0	9.543314893015645e-09
Chr06	11400000	11476000	125	1.3745875770392793e-08	4.43847460949656e-09	2.820031412774029e-08
Chr06	11476000	11552000	204	2.8161917417600492e-08	1.4006376811247336e-08	3.9479688315845305e-08
Chr06	11552000	11628000	50	8.287084946540393e-10	0	4.931075252062088e-09
Chr06	11628000	11704000	118	5.18988870118517e-09	1.1222781416968266e-09	1.4491342841427697e-08
Chr06	11704000	11780000	525	1.0942056135898123e-08	3.601843520395017e-09	2.4784595472903755e-08
Chr06	11780000	11856000	370	1.6401566777060718e-08	6.226427290526128e-09	3.222827774106717e-08
Chr06	11856000	11932000	636	2.0390702847130235e-08	6.947740481634988e-09	3.3636762474067045e-08
Chr06	11932000	12008000	364	2.0054421934544683e-08	8.009301544552847e-09	3.3772522723195785e-08
Chr06	12008000	12084000	259	2.3205708249604323e-08	1.0883997420171649e-08	3.6611756165824446e-08
Chr06	12084000	12160000	252	3.060805217407527e-08	1.5943829848752886e-08	4.0917593483614145e-08
Chr06	12160000	12236000	280	2.7493812829406856e-09	0	9.171978492561703e-09
Chr06	12236000	12312000	315	1.1930725072145888e-08	3.5429001042199945e-09	2.6423152108362665e-08
Chr06	12312000	12388000	260	5.816267901682211e-09	1.0172799391090464e-09	1.5642727192389345e-08
Chr06	12388000	12464000	218	1.867157155122734e-08	7.068920933168465e-09	3.263028520284572e-08
Chr06	12464000	12540000	385	3.5438330412804343e-09	0	1.160081880872661e-08
Chr06	12540000	12616000	87	5.828274531870924e-09	1.0292865692977597e-09	1.565473382257806e-08
Chr06	13072000	13148000	965	0	0	2.7102821764657386e-09
Chr06	13148000	13224000	687	7.835338535045048e-09	2.133775002633024e-09	1.85835418402004e-08
Chr06	13908000	13984000	359	7.43443285829291e-09	1.732869325880886e-09	1.8182636163448263e-08
Chr06	13984000	14060000	312	1.7852994326256434e-08	7.0722440781825344e-09	3.20439327950286e-08
Chr06	14060000	14136000	651	0	0	2.7102821764657386e-09
Chr06	14136000	14212000	310	1.2044308001833177e-08	3.502692986543682e-09	2.6223920552624092e-08
Chr06	14212000	14288000	444	3.4089074428985877e-08	1.9126346039352237e-08	4.3267245363362214e-08
Chr06	14364000	14440000	365	2.094371043777457e-09	0	8.05030689939461e-09
Chr06	14440000	14516000	323	1.8180496166278322e-08	7.652864533161226e-09	3.328444785563306e-08
Chr06	14516000	14592000	501	7.793667566874191e-09	2.0921040344621673e-09	1.8541870872029544e-08
Chr06	14592000	14668000	1101	3.901742289191208e-09	2.2148516791658683e-10	1.2004565434974795e-08
Chr06	14668000	14744000	645	1.094813074725544e-08	3.607918131752335e-09	2.479067008426107e-08
Chr06	14744000	14820000	1152	8.825134077688993e-10	0	4.984880165176948e-09
Chr06	14820000	14896000	272	1.1375959831518322e-08	3.380804804599711e-09	2.4732490335345774e-08
Chr06	14896000	14972000	336	7.351960057347294e-09	1.6503965249352708e-09	1.810016336250265e-08
Chr06	14972000	15048000	252	1.6615889284877882e-08	6.440749798343292e-09	3.244260024888433e-08
Chr06	15048000	15124000	282	1.8990379560940425e-09	0	7.854973811711195e-09
Chr06	15124000	15200000	46	1.0350106239967178e-08	2.7470131515186455e-09	2.3324532040361052e-08
Chr06	15200000	15276000	150	1.649757815828156e-08	5.66952890105387e-09	3.0546272810328384e-08
Chr06	15276000	15352000	270	1.3885901630848948e-08	4.578500469952714e-09	2.8340339988196444e-08
Chr06	15352000	15428000	768	0	0	2.7102821764657386e-09
Chr06	15428000	15504000	496	8.08262152541604e-09	1.8693947923066166e-09	1.8521380049660952e-08
Chr06	15504000	15580000	1812	0	0	2.7102821764657386e-09
Chr06	15580000	15656000	378	7.286662574786555e-10	0	4.831033014886704e-09
Chr06	15656000	15732000	210	2.213329215819432e-08	9.205435572951227e-09	3.574532961095361e-08
Chr06	15732000	15808000	172	1.3507594323160464e-08	4.2001931622642305e-09	2.796203268050796e-08
Chr06	15808000	15884000	90	5.912563689991983e-09	1.1135757274188185e-09	1.573902298069912e-08
Chr06	15884000	15960000	240	1.9564751695001363e-08	8.409653716335711e-09	3.502126003489634e-08
Chr06	15960000	16036000	958	0	0	2.7102821764657386e-09
Chr06	16036000	16112000	170	1.0958379316883572e-08	2.963224289964961e-09	2.4314909820711025e-08
Chr06	16112000	16188000	322	1.4512763017441867e-08	4.970189486079305e-09	2.908402170597568e-08
Chr06	16188000	16264000	86	1.3402390244764293e-08	4.609248163632716e-09	2.6988260229331302e-08
Chr06	16264000	16340000	398	1.1510941481369961e-08	3.5157864544513505e-09	2.4867471985197416e-08
Chr06	16340000	16416000	155	9.886580864278225e-09	2.9437247964407143e-09	2.2238161244987715e-08
Chr06	16416000	16492000	355	9.449619930441687e-09	2.5353306115705176e-09	2.2837616730504437e-08
Chr06	16492000	16568000	152	2.4791537584527788e-08	1.0851100624180929e-08	3.709845253832466e-08
Chr06	16568000	16644000	455	4.648529077113106e-08	3.3839156053944166e-08	5.208722257845078e-08
Chr06	16644000	16720000	286	1.0994426367930832e-08	2.9992713410122216e-09	2.4350956871758286e-08
Chr06	16720000	16796000	222	2.648378254497898e-09	0	9.340948952128521e-09
Chr06	16796000	16872000	830	9.082586768716487e-09	2.1682974498453177e-09	2.2470583568779235e-08
Chr06	16872000	16948000	613	3.3352337560959917e-09	0	1.1392219523542168e-08
Chr06	16948000	17024000	242	1.634483956592948e-08	6.16970007939489e-09	3.2171550529935934e-08
Chr06	17024000	17100000	239	1.0909074555985634e-08	2.9139195290670238e-09	2.426560505981309e-08
Chr06	17100000	17176000	405	1.8517339604464554e-08	7.989707971347458e-09	3.3621291293819296e-08
Chr06	17176000	17252000	281	1.7012209013342424e-08	6.184159756114734e-09	3.1060903665389254e-08
Chr06	17252000	17328000	273	1.4494159785399156e-08	4.951586254036593e-09	2.906541847393297e-08
Chr06	17328000	17404000	236	2.6894754575049227e-09	0	9.382046155135546e-09
Chr06	17404000	17480000	596	1.644790248706322e-08	5.619853229835529e-09	3.0496597139110046e-08
Chr06	17480000	17556000	146	1.496952752980015e-08	5.2719545629288e-09	2.8844890166439608e-08
Chr06	17556000	17632000	321	1.4204477924979679e-09	0	5.7449649812897535e-09
Chr06	17632000	17708000	327	1.673321237817105e-08	6.558072891636461e-09	3.25599233421775e-08
Chr06	17708000	17784000	526	0	0	2.7102821764657386e-09
Chr06	17784000	17860000	317	1.3509300688604959e-08	4.7161586074733816e-09	2.7095170673171967e-08
Chr06	17860000	17936000	438	0	0	2.7102821764657386e-09
Chr06	17936000	18012000	118	1.4619288033062494e-08	4.921715066191146e-09	2.8494650669701953e-08
Chr06	18012000	18088000	272	7.720137354340019e-09	2.018573821927995e-09	1.8468340659495372e-08
Chr06	18088000	18164000	466	7.245898378541883e-09	1.544334846129859e-09	1.799410168369724e-08
Chr06	18164000	18240000	743	4.989109762817909e-08	3.7119443316274124e-08	5.499191801647205e-08
Chr06	18240000	18316000	407	2.0133649088127612e-09	0	7.969300764429914e-09
Chr06	18316000	18392000	355	1.2912983187167314e-08	4.283475634185451e-09	2.6831139592335555e-08
Chr06	18392000	18468000	488	1.4589732374481755e-09	0	5.783490426239961e-09
Chr06	18468000	18544000	652	1.3964906377860514e-08	4.6575052169642804e-09	2.841934473520801e-08
Chr06	18544000	18620000	269	2.4739383669223114e-09	0	9.166509064552934e-09
Chr06	18620000	18696000	327	2.513657627351192e-08	1.1196139313165062e-08	3.7443491227308796e-08
Chr06	18696000	18772000	172	3.472574123980601e-09	0	1.1529559891426778e-08
Chr06	18772000	18848000	497	3.0224188096016553e-09	0	9.445016019222673e-09
Chr06	18848000	18924000	98	1.406149926238304e-08	4.5189257310204775e-09	2.8632757950916854e-08
Chr06	18924000	19000000	338	1.1748271993872462e-08	3.360447025946568e-09	2.624069903008924e-08
Chr06	19000000	19076000	214	1.4510319422905367e-08	4.967745891542805e-09	2.908157811143918e-08
Chr06	19076000	19152000	193	2.4836376568192734e-08	1.0895939607845875e-08	3.714329152198961e-08
Chr06	19152000	19228000	343	3.669426665625133e-10	0	4.084907047374133e-09
Chr06	19228000	19304000	392	6.6350404054114065e-09	1.410876948026772e-09	1.714470114708688e-08
Chr06	19304000	19380000	168	0	0	2.7102821764657386e-09
Chr06	19380000	19456000	463	1.2005907830203702e-08	3.6180828622778076e-09	2.649833486642048e-08
Chr06	19456000	19532000	563	3.9389435149198434e-10	0	4.111858732303604e-09
Chr06	19532000	19608000	566	0	0	2.7102821764657386e-09
Chr06	19608000	19684000	276	1.0791434292741849e-08	3.4512216772387434e-09	2.4633973629747482e-08
Chr06	19684000	19760000	71	8.059867778418954e-09	2.1195934615343566e-09	1.956936042625103e-08
Chr06	20444000	20520000	199	1.0942642364364916e-08	2.9474873374463055e-09	2.429917286819237e-08
Chr06	20748000	20824000	97	1.2263014381057432e-08	3.7213993657679367e-09	2.644262693184835e-08
Chr06	20824000	20900000	296	2.4710475438922713e-08	1.0130990952568225e-08	3.67803027099001e-08
Chr06	20900000	20976000	281	8.928662079318278e-09	2.478468544472284e-09	2.254253712881901e-08
Chr06	20976000	21052000	41	6.080288148608635e-09	1.2813001860354705e-09	1.590674743931577e-08
Chr06	21052000	21128000	430	1.5095459639290406e-08	4.823647438477659e-09	3.018744863114589e-08
Chr06	21128000	21204000	373	4.880960296243428e-09	8.133497367550842e-10	1.4182414436485955e-08
Chr06	21204000	21280000	261	9.21023423989849e-09	2.295944921027321e-09	2.259823103996124e-08
Chr06	21280000	21356000	406	1.1788274667566896e-09	0	5.281194224164738e-09
Chr06	21356000	21432000	320	5.235301916411829e-09	5.471380592868238e-10	1.4669806871464427e-08
Chr06	21432000	21508000	45	8.754183148551067e-09	2.3039896137050736e-09	2.23680581980518e-08
Chr06	21508000	21584000	183	6.2888427277716366e-09	1.0646792703870022e-09	1.6798503469447107e-08
Chr06	21584000	21660000	204	9.368758085532985e-09	2.4544687666618152e-09	2.2756754885595734e-08
Chr06	21660000	21736000	222	1.1472148675433652e-08	3.476993648515041e-09	2.4828679179261107e-08
Chr06	21736000	21812000	196	5.163296085880972e-09	4.751322287559671e-10	1.459780104093357e-08
Chr06	21812000	21888000	412	3.3164149377343256e-09	0	1.1373400705180502e-08
Chr06	21888000	21964000	433	3.745620448606484e-09	6.536332733186278e-11	1.1848443594390071e-08
Chr06	21964000	22040000	279	2.8665156304259322e-08	1.4543592119582295e-08	3.9851362576643745e-08
Chr06	22040000	22116000	379	1.2058629719133574e-08	3.6708047512076804e-09	2.6551056755350354e-08
Chr06	22116000	22192000	246	5.450321260322937e-09	7.621574031979317e-10	1.4884826215375535e-08
Chr06	22192000	22268000	297	1.478174335834029e-08	5.084170391468941e-09	2.865710599497975e-08
Chr06	22268000	22344000	465	5.487918156324573e-09	7.997542991995679e-10	1.492242311137717e-08
Chr06	22344000	22420000	485	8.045119010290039e-10	0	4.906878658437053e-09
Chr06	22420000	22496000	196	4.135251130630303e-09	4.549940093556815e-10	1.223807427641389e-08
Chr06	22496000	22572000	493	6.380738669543008e-10	0	4.356038247765921e-09
Chr06	22572000	22648000	629	0	0	2.7102821764657386e-09
Chr06	22648000	22724000	191	1.2185664381960125e-08	3.797839414034231e-09	2.6678091418176905e-08
Chr06	22724000	22800000	221	5.629955589914281e-09	9.417917327892757e-10	1.506446054496688e-08
Chr06	22800000	22876000	304	9.85249106540226e-09	2.9096349975647492e-09	2.220407144611175e-08
Chr06	22876000	22952000	135	1.3602120784095362e-08	4.808978702963785e-09	2.718799076866237e-08
Chr06	23028000	23104000	462	1.362835101874487e-08	4.8352089376132925e-09	2.7214221003311878e-08
Chr06	23104000	23180000	819	3.7991367816093575e-09	1.1887966033473605e-10	1.1901959927392945e-08
Chr06	23180000	23256000	293	1.9796569026555674e-08	7.751448636563838e-09	3.351466981520677e-08
Chr06	23256000	23332000	565	3.797862019949782e-08	2.2970360231356676e-08	4.593236159833402e-08
Chr06	23332000	23408000	228	1.0284326100969915e-08	2.681233012521383e-09	2.325875190136379e-08
Chr06	23408000	23484000	127	5.774065606599285e-09	9.75077644026121e-10	1.560052489730642e-08
Chr06	23484000	23560000	517	3.4003231182085264e-08	1.9040502792451625e-08	4.31814021164616e-08
Chr06	23560000	23636000	708	2.2919585206299205e-08	1.059787437686653e-08	3.632563312251933e-08
Chr06	23636000	23712000	504	5.871320499398894e-09	1.0723325368257299e-09	1.5697779790106032e-08
Chr06	23712000	23788000	558	2.5769776493634374e-08	1.1551820858580248e-08	3.7557563506796555e-08
Chr06	23788000	23864000	570	8.038984817423532e-09	1.8257580843141094e-09	1.8477743341668447e-08
Chr06	23864000	23940000	706	1.9647200384973955e-08	7.602079994982119e-09	3.336530117362505e-08
Chr06	23940000	24016000	1120	6.0882682374701e-09	1.2892802748969354e-09	1.5914727528177237e-08
Chr06	24016000	24092000	283	2.3162518840785393e-08	1.0840808011352719e-08	3.656856675700552e-08
Chr06	24092000	24168000	375	3.3429425289457344e-08	1.8690647313592808e-08	4.232335781324757e-08
Chr06	24168000	24244000	931	3.914931912569667e-08	2.4516010471996847e-08	4.6536909753824e-08
Chr06	24244000	24320000	516	3.638672854251742e-08	2.1438113707653106e-08	4.4577576542373455e-08
Chr06	24320000	24396000	124	1.7255321848328244e-08	5.8464495125785245e-09	3.184179902999441e-08
Chr06	24396000	24472000	106	1.0856008917216483e-08	2.8608538902978726e-09	2.4212539421043937e-08
Chr06	24472000	24548000	164	1.1186576006139574e-08	3.846363390636469e-09	2.502911534314521e-08
Chr06	24548000	24624000	265	2.812367248949444e-08	1.3968131883141284e-08	3.944144338773925e-08
Chr06	24624000	24700000	197	7.369196777683242e-09	1.6676332452712187e-09	1.8117400082838596e-08
Chr06	24700000	24776000	262	2.8452645909792427e-08	1.43310817251154e-08	3.963885218217685e-08
Chr06	24776000	24852000	433	1.1087664055818581e-08	3.0925090288999707e-09	2.4444194559646036e-08
Chr06	24852000	24928000	158	7.770621898636958e-09	2.069058366224934e-09	1.851882520379231e-08
Chr06	25080000	25156000	310	1.2190338026148725e-08	3.64872301085923e-09	2.6369950576939642e-08
Chr06	25156000	25232000	94	8.709741811305139e-09	2.2595482764591453e-09	2.2323616860805874e-08
Chr06	25232000	25308000	553	3.0497678768890766e-08	1.583345644356838e-08	4.080722007842964e-08
Chr06	25308000	25384000	883	3.7248766311448653e-09	4.461950987024378e-11	1.1827699776928452e-08
Chr06	25384000	25460000	725	4.106416884852636e-09	4.2615976357801427e-10	1.2209240030636223e-08
Chr06	25460000	25536000	605	8.771560028663713e-10	0	4.97952276027442e-09
Chr06	25536000	25612000	419	8.963539532146959e-09	2.5133459973009653e-09	2.2577414581647692e-08
Chr06	25612000	25688000	152	3.8109481958399575e-09	1.3069107456533605e-10	1.1913771341623545e-08
Chr06	25764000	25840000	66	1.4021648895212802e-08	4.479075363850239e-09	2.8592907583746616e-08
Chr06	25840000	25916000	434	1.440913135293239e-08	4.8665578215698275e-09	2.8980390041466204e-08
Chr06	25916000	25992000	294	9.865138513192588e-09	2.9222824453550776e-09	2.2216718893902075e-08
Chr06	25992000	26068000	580	3.040015736387009e-08	1.5735935038547704e-08	4.070969867340896e-08
Chr06	26068000	26144000	310	2.5127419159737816e-08	1.1186982199390957e-08	3.743433411353469e-08
Chr06	26144000	26220000	573	3.565668370577392e-09	0	1.1622654138023569e-08
Chr06	26220000	26296000	725	5.895893944699584e-09	1.09690598212642e-09	1.572235323540672e-08
Chr06	26296000	26372000	560	1.9631271957109368e-08	8.476173978443716e-09	3.5087780297004346e-08
Chr06	26372000	26448000	199	5.5529912740474695e-09	8.648274169224645e-10	1.4987496229100068e-08
Chr06	26600000	26676000	324	2.4101857595001477e-08	1.044086952090804e-08	3.703915780390541e-08
Chr06	26676000	26752000	503	3.4172651992232735e-09	0	1.147425096666945e-08
Chr06	26752000	26828000	484	1.0060197810700454e-08	2.4571047222519215e-09	2.3034623611094328e-08
Chr06	26828000	26904000	605	2.6713355048414037e-08	1.2468622743589556e-08	3.802213225198097e-08
Chr06	26904000	26980000	738	0	0	2.7102821764657386e-09
Chr06	26980000	27056000	283	1.7965233316988426e-08	7.184483068914526e-09	3.2156171785760594e-08
Chr06	27056000	27132000	617	9.60779729199792e-10	0	5.063146486607841e-09
Chr06	27132000	27208000	384	1.3993115112257613e-08	4.45054158089505e-09	2.8564373800791427e-08
Chr06	27208000	27284000	589	0	0	2.7102821764657386e-09
Chr06	27360000	27436000	379	0	0	2.7102821764657386e-09
Chr06	27436000	27512000	508	0	0	2.7102821764657386e-09
Chr06	27512000	27588000	173	5.11816296311595e-09	1.0505524036276066e-09	1.4419617103358477e-08
Chr06	27588000	27664000	447	1.0052245370154316e-08	3.1093893023168054e-09	2.2403825750863805e-08
Chr06	27664000	27740000	259	1.642804902412358e-08	5.59999976689589e-09	3.047674367617041e-08
Chr06	27740000	27816000	233	7.984185097755373e-09	2.0439107808707755e-09	1.9493677745587446e-08
Chr06	27816000	27892000	295	6.748047045933805e-09	1.626844472812041e-09	1.7592182280156367e-08
Chr06	27892000	27968000	746	6.367667536595725e-09	1.143504079211091e-09	1.68773282782712e-08
Chr06	27968000	28044000	345	4.3228731593478764e-09	5.565290338813733e-10	1.2816359029523607e-08
Chr06	28044000	28120000	194	1.0259054703548726e-09	0	5.128272227762921e-09
Chr06	28120000	28196000	214	0	0	2.7102821764657386e-09
Chr06	28272000	28348000	114	2.369144743079571e-09	0	9.061715440710194e-09
Chr06	28348000	28424000	317	9.135731889909193e-09	2.685538355063199e-09	2.2749606939409926e-08
Chr06	28424000	28500000	150	2.342102418384744e-08	1.1099313354414764e-08	3.6827072100067565e-08
Chr06	28500000	28576000	274	1.8778185563879442e-08	7.175534945820568e-09	3.273689921549782e-08
Chr06	28576000	28652000	217	7.83688158987914e-09	2.1353180574671168e-09	1.8585084895034494e-08
Chr06	28652000	28728000	241	1.8145530441885976e-08	7.61789880876888e-09	3.324948213124072e-08
Chr06	28728000	28804000	162	2.3403120652480666e-08	1.1081409823047992e-08	3.680916856870079e-08
Chr06	28804000	28880000	258	1.6910523567058788e-08	6.082474309831098e-09	3.0959218219105615e-08
Chr06	28880000	28956000	326	1.6656736102199508e-08	6.481596615664918e-09	3.2483447066205955e-08
Chr06	28956000	29032000	88	8.366385690660573e-09	2.4261113737759754e-09	1.987587833849265e-08
Chr06	29032000	29108000	129	1.3963727443226544e-08	4.656326282330311e-09	2.841816580057404e-08
Chr06	29108000	29184000	239	1.7360876814407606e-08	5.952004478657887e-09	3.194735399607377e-08
Chr06	29184000	29260000	97	1.1292122484568585e-08	3.95190986906548e-09	2.5134661821574218e-08
Chr06	29260000	29336000	530	1.6528289872317212e-08	5.700240615089522e-09	3.0576984524364036e-08
Chr06	29336000	29412000	269	4.647386894005164e-08	3.382773422286474e-08	5.2075800747371353e-08
Chr06	29412000	29488000	155	5.317370705200662e-09	6.292068480756569e-10	1.475187566025326e-08
Chr06	29488000	29564000	260	5.110260960637729e-09	1.0426504011493857e-09	1.4411715100880256e-08
Chr06	29564000	29640000	59	0	0	2.7102821764657386e-09
Chr06	29640000	29716000	62	0	0	2.7102821764657386e-09
Chr06	29792000	29868000	180	1.0063059846399331e-08	2.459966757950799e-09	2.3037485646793206e-08
Chr06	29868000	29944000	212	7.2900511356758275e-09	1.5884876032638039e-09	1.8038254440831184e-08
Chr06	29944000	30020000	365	2.5081887583804104e-08	1.1141450623457246e-08	3.738880253760098e-08
Chr06	30020000	30096000	255	1.815605512832313e-08	7.628423495206035e-09	3.326000681767787e-08
Chr06	30096000	30172000	167	7.946404868506121e-09	2.006130551621524e-09	1.9455897516338198e-08
Chr06	30172000	30248000	260	1.0971038647384393e-08	2.9758836204657824e-09	2.4327569151211848e-08
Chr06	30248000	30324000	363	7.361627491098842e-09	1.6600639586868185e-09	1.8109830796254196e-08
Chr06	30324000	30400000	375	3.0055388915967114e-08	1.5307338712672274e-08	4.096026591736131e-08
Chr06	30400000	30476000	243	5.004498047124728e-09	9.368874876363846e-10	1.4305952187367255e-08
Chr06	30476000	30552000	359	1.964066226907691e-08	8.485564290411257e-09	3.5097170608971883e-08
Chr06	30552000	30628000	183	1.1177860037992545e-08	3.83764742248944e-09	2.5020399374998178e-08
Chr06	30628000	30704000	102	8.0221164071809e-09	2.081842090296303e-09	1.9531609055012974e-08
Chr06	31616000	31692000	41	7.352454038597812e-09	1.6508905061857882e-09	1.8100657343753165e-08
Chr06	31844000	31920000	307	9.952823580219701e-09	3.0099675123821904e-09	2.230440396092919e-08
Chr06	31920000	31996000	287	7.813718792067044e-09	2.112155259655021e-09	1.85619220972224e-08
Chr06	31996000	32072000	194	1.8116938094143354e-08	7.589306461026258e-09	3.3220889783498096e-08
Chr06	32148000	32224000	77	1.1190904707819373e-08	3.8506920923162675e-09	2.5033444044825006e-08
Chr06	32224000	32300000	380	7.632714555708799e-09	1.9311510232967754e-09	1.8380917860864156e-08
Chr06	32300000	32376000	234	1.2139365441956513e-08	3.5977504266670175e-09	2.631897799274743e-08
Chr06	32376000	32452000	497	1.1727961424161703e-09	0	5.275162899824219e-09
Chr06	32452000	32528000	165	2.4766303800029672e-08	1.0825866839682813e-08	3.707321875382655e-08
Chr06	32528000	32604000	238	3.310277219866111e-08	1.8266535559434826e-08	4.186418761405366e-08
Chr06	32604000	32680000	563	1.630540254733141e-08	6.130263060796821e-09	3.213211351133786e-08
Chr06	32680000	32756000	463	3.5538348884558734e-09	0	1.161082065590205e-08
Chr06	32756000	32832000	102	1.7902721118863117e-09	0	7.746207967503464e-09
Chr06	32832000	32908000	202	1.2253185681949184e-08	3.711570666659689e-09	2.64327982327401e-08
Chr06	32908000	32984000	340	1.110434653258651e-08	3.1091915056678992e-09	2.4460877036413963e-08
Chr06	32984000	33060000	380	5.316571168537451e-09	6.284073114124462e-10	1.475107612359005e-08
Chr06	33060000	33136000	336	1.9724762208696173e-08	8.243892997818076e-09	3.4299953396001056e-08
Chr06	33136000	33212000	314	3.951267728998314e-09	2.7101060772369233e-10	1.2054090874781901e-08
Chr06	33212000	33288000	168	9.689957747410562e-10	0	5.071362532149105e-09
Chr06	33288000	33364000	332	2.1189003532963163e-09	0	8.074836208913469e-09
Chr06	33364000	33440000	281	1.6378442102873093e-08	5.550392845645402e-09	3.0427136754919916e-08
Chr06	33440000	33516000	379	1.1190653473368938e-08	3.850440857865832e-09	2.503319281037457e-08
Chr06	33516000	33592000	123	1.7936231774312482e-08	7.4086001411953865e-09	3.3040183463667224e-08
Chr06	33592000	33668000	588	9.757674674548937e-09	2.8148186067114267e-09	2.2109255055258426e-08
Chr06	33668000	33744000	478	4.904705681911076e-08	3.627540250720579e-08	5.414787720740372e-08
Chr06	33744000	33820000	240	2.2089900743297e-08	9.162044158053908e-09	3.5701938196056295e-08
Chr06	33820000	33896000	254	1.4409903729114473e-08	4.867330197751911e-09	2.8981162417648288e-08
Chr06	33896000	33972000	268	1.9606971389767513e-08	8.451873411101862e-09	3.5063479729662495e-08
Chr06	33972000	34048000	398	1.7101916055856333e-08	5.693043720106614e-09	3.16883932375225e-08
Chr06	34048000	34124000	388	8.217349340590154e-09	2.2770750237055565e-09	1.972684198842223e-08
Chr06	34124000	34200000	455	4.3772314672657205e-09	6.108873417992174e-10	1.2870717337441451e-08
Chr06	34200000	34276000	310	1.6191728294924805e-08	6.016588808390215e-09	3.2018439258931255e-08
Chr06	34276000	34352000	238	2.462046580880335e-08	1.0680028848456491e-08	3.6927380762600226e-08
Chr06	34352000	34428000	487	2.3563075462916785e-08	1.124136463348411e-08	3.696912337913691e-08
Chr06	34428000	34504000	282	1.664485424047098e-08	6.469714753936391e-09	3.247156520447743e-08
Chr06	34504000	34580000	137	7.687347863498064e-09	1.9857843310860408e-09	1.8435551168653418e-08
Chr06	34580000	34656000	159	5.089700476423722e-09	1.0220899169353787e-09	1.439115461666625e-08
Chr06	34656000	34732000	247	1.7920920053076487e-08	7.3932884199593914e-09	3.302487174243123e-08
Chr06	34732000	34808000	215	9.315908881847825e-09	2.4016195629766557e-09	2.2703905681910573e-08
Chr06	34808000	34884000	487	1.9795240497084243e-08	7.750120107092407e-09	3.351334128573534e-08
Chr06	34884000	34960000	235	1.8747686041102604e-08	7.14503542304373e-09	3.270639969272098e-08
Chr06	34960000	35036000	144	1.3627778951111105e-08	4.834636869979528e-09	2.7213648935678113e-08
Chr06	35036000	35112000	293	1.4080270521452313e-08	4.77286936055608e-09	2.853470887879981e-08
Chr06	35112000	35188000	267	1.1022767481223017e-08	3.0276124543044068e-09	2.437929798505047e-08
Chr06	35264000	35340000	269	1.385238135331164e-08	4.544980192415406e-09	2.8306819710659136e-08
Chr06	35340000	35416000	290	3.2130980099388e-08	1.6844264117444354e-08	4.180850723459808e-08
Chr06	35720000	35796000	334	1.9748832995634147e-08	7.703712605642312e-09	3.346693378428525e-08
Chr06	35796000	35872000	241	8.238047324739871e-09	2.297773007855274e-09	1.9747539972571946e-08
Chr06	35872000	35948000	235	1.4019704374517035e-08	4.477130843154472e-09	2.859096306305085e-08
Chr06	35948000	36024000	257	1.7824686314800624e-08	7.043936066726724e-09	3.2015624783572795e-08
Chr06	36024000	36100000	297	7.987109942066862e-09	2.0468356251822645e-09	1.9496602589898935e-08
Chr06	36100000	36176000	566	3.780275379229379e-10	0	4.095991918734558e-09
Chr06	36176000	36252000	206	1.4071394985478657e-08	4.763993824582423e-09	2.8525833342826153e-08
Chr06	36252000	36328000	103	1.501927704357656e-08	5.3217040767052105e-09	2.8894639680216018e-08
Chr06	36328000	36404000	296	1.5790655749493445e-08	6.027748688931402e-09	3.113321710420768e-08
Chr06	36404000	36480000	761	0	0	2.7102821764657386e-09
Chr06	36480000	36556000	344	6.8820330943990896e-09	1.760830521277326e-09	1.772616832862165e-08
Chr06	36556000	36632000	201	1.6568721714338716e-08	6.393582227804126e-09	3.239543267834517e-08
Chr06	36632000	36708000	271	1.4408212989164242e-08	4.86563945780168e-09	2.8979471677698057e-08
Chr06	36708000	36784000	256	8.120819347062637e-09	1.907592613953214e-09	1.855957787130755e-08
Chr06	36784000	36860000	247	1.5382379566867996e-08	5.110567366055249e-09	3.047436855872348e-08
Chr06	36860000	36936000	128	1.1334123622338157e-08	3.993911006835051e-09	2.517666295934379e-08
Chr06	36936000	37012000	306	1.3440627958367545e-08	4.647485877235968e-09	2.7026497942934553e-08
Chr06	37012000	37088000	79	7.134036525956383e-09	2.0128339528346193e-09	1.7978171760178945e-08
Chr06	37088000	37164000	172	3.013978690091083e-09	0	9.4365758997121e-09
Chr06	37164000	37240000	138	1.567655711456921e-08	5.913650054007167e-09	3.101911846928344e-08
Chr06	37240000	37316000	320	3.745178391263665e-08	2.3232003492814794e-08	4.52687832271505e-08
Chr06	37316000	37392000	141	7.095229291014471e-09	1.9740267178927077e-09	1.7939364525237034e-08
Chr06	37392000	37468000	327	1.0115688371175326e-08	2.5125952827267937e-09	2.30901141715692e-08
Chr06	37468000	37544000	653	1.0074406137390615e-08	2.471313048942083e-09	2.304883193778449e-08
Chr06	37544000	37620000	158	1.4370789241229801e-08	4.8282157098672386e-09	2.8942047929763615e-08
Chr06	37620000	37696000	229	1.7879175332533896e-08	7.098425084459996e-09	3.207011380130607e-08
Chr06	37696000	37772000	270	7.324173187623132e-09	1.6226096552111083e-09	1.807237649277849e-08
Chr06	37772000	37848000	294	1.1198371874426975e-08	3.2032168475083643e-09	2.4554902378254427e-08
Chr06	37848000	37924000	238	1.3163071606658883e-08	4.369929525527306e-09	2.674894159122589e-08
Chr06	37924000	38000000	254	1.358835381522353e-08	4.795211734091953e-09	2.717422379979054e-08
Chr06	38000000	38076000	263	1.3535071741370393e-08	4.7419296602388154e-09	2.71209417259374e-08
Chr06	38076000	38152000	264	1.6210234767753495e-08	6.035095281218905e-09	3.2036945731759946e-08
Chr06	38152000	38228000	275	7.773163101152513e-09	2.071599568740489e-09	1.852136640630787e-08
Chr06	38228000	38304000	313	2.0600511834681172e-08	7.157549469185925e-09	3.384657146161798e-08
Chr06	38304000	38380000	321	9.04703085113488e-09	2.5968373162888856e-09	2.2660905900635614e-08
Chr06	38380000	38456000	264	2.4944109040970044e-08	1.1003672080623185e-08	3.725102399476692e-08
Chr06	38456000	38532000	324	1.8762731674500043e-08	7.160081056441169e-09	3.2721445326118423e-08
Chr06	38532000	38608000	162	1.4559026653218488e-08	5.0164531218559255e-09	2.9130285341752302e-08
Chr06	38608000	38684000	233	1.315356034567382e-08	4.360418264542243e-09	2.673943033024083e-08
Chr06	38684000	38760000	110	1.1510304907593521e-08	3.5151498806749104e-09	2.4866835411420973e-08
Chr06	38760000	38836000	167	6.702110184695759e-09	1.5809076115739952e-09	1.754624541891832e-08
Chr06	38836000	38912000	179	7.57266612699461e-09	1.871102594582586e-09	1.8320869432149966e-08
Chr06	38912000	38988000	190	1.961653980903168e-08	7.571419419039843e-09	3.333464059768278e-08
Chr06	38988000	39064000	146	1.233786187692632e-08	3.796246861636825e-09	2.6517474427717238e-08
Chr06	39064000	39140000	143	1.777788710828676e-08	6.997136860212859e-09	3.196882557705893e-08
Chr06	39140000	39216000	275	8.223231282284468e-09	2.2829569653998704e-09	1.9732723930116543e-08
Chr06	39216000	39292000	266	2.4708605813889358e-08	1.07681688535425e-08	3.7015520767686234e-08
Chr06	39292000	39368000	341	6.964049259755739e-09	1.842846686633975e-09	1.78081844939783e-08
Chr06	39368000	39444000	451	7.2634474444108066e-09	1.561883911998783e-09	1.801165074956616e-08
Chr06	39444000	39520000	339	9.912744046489946e-09	2.9698879786524356e-09	2.2264324427199437e-08
Chr06	39520000	39596000	316	1.644373936536741e-08	6.268599878832822e-09	3.227045032937386e-08
Chr06	39596000	39672000	357	1.788021931352726e-08	7.0994690654533595e-09	3.207115778229943e-08
Chr06	39672000	39748000	496	2.238529989334317e-09	0	8.93110068696494e-09
Chr06	39748000	39824000	470	1.6607646927620527e-08	6.4325074410859375e-09	3.243435789162698e-08
Chr06	39824000	39900000	272	4.436952272676301e-09	6.70608147209798e-10	1.2930438142852032e-08
Chr06	39900000	39976000	289	3.648104246446987e-08	2.1532427629605553e-08	4.46718904643259e-08
Chr06	39976000	40052000	425	1.9589194430486625e-08	8.434096451820973e-09	3.50457027703816e-08
Chr06	40052000	40128000	237	1.4321431856899678e-08	4.778858325537116e-09	2.8892690545433492e-08
Chr06	40128000	40204000	274	8.770175579345335e-09	2.319982044499341e-09	2.2384050628846068e-08
Chr06	40204000	40280000	97	1.3142292989830817e-08	4.34915090869924e-09	2.6728162974397826e-08
Chr06	40280000	40356000	286	1.650641896569089e-08	6.331279479156301e-09	3.233312992969734e-08
Chr06	40356000	40432000	85	5.790993376462402e-09	9.920054138892376e-10	1.5617452667169536e-08
Chr06	40432000	40508000	79	7.479682219852402e-09	1.7781186874403783e-09	1.822788552500776e-08
Chr06	40508000	40584000	150	1.191826520142835e-08	3.5304402335024565e-09	2.641069223764513e-08
Chr06	40584000	40660000	335	1.0141051655793001e-08	3.1981955879554903e-09	2.249263203650249e-08
Chr06	40660000	40736000	1274	0	0	2.7102821764657386e-09
Chr06	40736000	40812000	140	7.835062281389113e-12	0	2.7181172387471277e-09
Chr06	40888000	40964000	100	5.1254436695883635e-09	1.05783311010002e-09	1.442689780983089e-08
Chr06	40964000	41040000	328	4.2952328579659684e-08	2.859824279300992e-08	4.948644191894457e-08
Chr06	41040000	41116000	253	2.5042239018372946e-08	1.0462754532018458e-08	3.711206628935033e-08
Chr06	41116000	41192000	240	8.054067318168022e-09	2.1137930012834246e-09	1.95635599660001e-08
Chr06	41192000	41268000	301	4.0274559279925e-08	2.496866064251728e-08	4.7037898946018774e-08
Chr06	41268000	41344000	258	2.5676184021961887e-08	1.1458228386907762e-08	3.746397103512407e-08
Chr06	41344000	41420000	272	2.1148184403403042e-08	9.26435772513134e-09	3.463037470091212e-08
Chr06	41420000	41496000	346	1.4454891671043106e-08	4.912318139680544e-09	2.902615035957692e-08
Chr06	41496000	41572000	249	1.888616672481208e-08	7.283516106753206e-09	3.284488037643046e-08
Chr06	41572000	41648000	509	1.310608572033808e-08	4.476578167356216e-09	2.702424212550632e-08
Chr06	41648000	41724000	296	1.2852849881949598e-08	4.223342328967735e-09	2.677100628711784e-08
Chr06	41724000	41800000	161	1.8309892942197984e-08	7.782261309080888e-09	3.341384463155273e-08
Chr06	41800000	41876000	564	2.496284468035825e-08	1.1022407720011392e-08	3.7269759634155126e-08
Chr06	41876000	41952000	159	3.504577677606565e-08	2.0538710827544294e-08	4.3798716038345475e-08
Chr06	41952000	42028000	575	8.827728638855875e-09	2.377535104009882e-09	2.244160368835661e-08
Chr06	42028000	42104000	229	5.5347954492216815e-09	8.466315920966765e-10	1.496930040427428e-08
Chr06	42104000	42180000	510	1.3184734636653683e-08	4.391592555522106e-09	2.677060462122069e-08
Chr06	42180000	42256000	517	4.1868508064169977e-10	0	4.13664946145332e-09
Chr06	42256000	42332000	185	5.304681667923607e-09	6.165178107986022e-10	1.4739186622976206e-08
Chr06	42332000	42408000	268	3.0981195204369883e-08	1.692144353035836e-08	4.047516028513449e-08
Chr06	42408000	42484000	198	1.4967066959962945e-08	5.269493993091597e-09	2.8842429596602404e-08
Chr06	42484000	42560000	764	0	0	2.7102821764657386e-09
Chr06	42560000	42636000	427	9.669451584158807e-10	0	5.0693119158239295e-09
Chr06	42636000	42712000	306	4.4386425052173164e-08	3.076342374736541e-08	5.000764374269451e-08
Chr06	42712000	42788000	284	9.81816446108146e-09	2.8753083932439494e-09	2.216974484179095e-08
Chr06	42788000	42864000	172	7.34257271605738e-09	1.6410091836453564e-09	1.8090776021212737e-08
Chr06	42864000	42940000	197	2.98663582359196e-08	1.5179757544770133e-08	4.0308104903230836e-08
Chr06	42940000	43016000	195	4.6222784205940644e-09	8.559342951275613e-10	1.3115764290769795e-08
Chr06	43016000	43092000	244	8.235606276498479e-09	2.295331959613882e-09	1.9745098924330554e-08
Chr06	43092000	43168000	221	8.112796766017426e-09	2.172522449132829e-09	1.9622289413849503e-08
Chr06	43168000	43244000	222	1.3602289688337375e-08	4.809147607205798e-09	2.7188159672904383e-08
Chr06	43244000	43320000	224	7.377226094916753e-09	1.6756625625047296e-09	1.812542940007211e-08
Chr06	43320000	43396000	291	7.127993318905369e-09	2.0067907457836053e-09	1.797212855312793e-08
Chr06	43396000	43472000	244	1.0870124728517802e-08	2.874969701599191e-09	2.4226655232345255e-08
Chr06	43472000	43548000	278	3.1395449894066437e-09	0	9.562142199027661e-09
Chr06	43548000	43624000	776	4.1987844428126856e-10	0	4.1378428250928886e-09
Chr06	43624000	43700000	331	1.864746151139688e-09	0	7.82068200675684e-09
Chr06	43700000	43776000	475	0	0	2.7102821764657386e-09
Chr06	43776000	43852000	189	2.4765271002798383e-09	0	9.169097797910461e-09
Chr06	43852000	43928000	313	5.825527509381567e-10	0	4.300517131749777e-09
Chr06	43928000	44004000	373	7.671910525036853e-09	1.9703469926248297e-09	1.8420113830192207e-08
Chr06	44004000	44080000	408	5.223599950855413e-09	1.1559893913670696e-09	1.452505409109794e-08
Chr06	44080000	44156000	166	9.274893160284185e-09	2.3606038414130148e-09	2.2662889960346934e-08
Chr06	44156000	44232000	259	1.6414878737071536e-08	5.586829479843846e-09	3.046357338911836e-08
Chr06	44232000	44308000	76	1.3979163084157684e-08	4.671761923261451e-09	2.843360144150518e-08
Chr06	44308000	44384000	229	6.003929850976995e-09	1.2049418884038306e-09	1.5830389141684133e-08
Chr06	44384000	44460000	168	7.127122199508359e-09	1.4255586670963358e-09	1.7875325504663713e-08
Chr06	44460000	44536000	182	1.1049131820748096e-08	3.0539767938294854e-09	2.440566232457555e-08
Chr06	44536000	44612000	596	1.3055889756153125e-08	4.426382203171262e-09	2.6974046161321364e-08
Chr06	44612000	44688000	237	1.7835231371598626e-08	7.0544811235247264e-09	3.20261698403708e-08
Chr06	44688000	44764000	280	1.0128839985396596e-08	2.5257468969480635e-09	2.310326578579047e-08
Chr06	44764000	44840000	304	8.201324656724548e-09	2.2610503398399513e-09	1.9710817304556624e-08
Chr06	44840000	44916000	382	7.081304451846088e-09	1.960101878724324e-09	1.792543968606865e-08
Chr06	44916000	44992000	265	1.3762004852357733e-08	4.4546036914614995e-09	2.821644320970523e-08
Chr06	44992000	45068000	274	5.10521000192829e-09	4.170461448032853e-10	1.4539714956980889e-08
Chr06	45068000	45144000	412	7.722761735829026e-09	2.0211982034170027e-09	1.8470965040984383e-08
Chr06	45144000	45220000	243	2.514194725865501e-08	1.1201510298308152e-08	3.7448862212451886e-08
Chr06	45220000	45296000	156	1.799049086690753e-08	7.209740618833632e-09	3.21814293356797e-08
Chr06	45448000	45524000	202	2.335188633037071e-08	1.1030175500938034e-08	3.6757934246590835e-08
Chr06	45524000	45600000	328	2.1324943541437465e-08	9.441116863165762e-09	3.4807133838946543e-08
Chr06	45600000	45676000	241	2.3538471732753347e-08	1.0823817647609185e-08	3.588997297676564e-08
Chr06	45676000	45752000	253	6.2847703531324835e-09	1.060606895747849e-09	1.6794431094807954e-08
Chr06	45752000	45828000	315	1.9601286682715246e-09	0	7.916064523888677e-09
Chr06	45828000	45904000	211	6.909295427331466e-09	1.7880928542097023e-09	1.7753430661554025e-08
Chr06	45904000	45980000	202	3.458412487175058e-08	1.8940829146296827e-08	4.305543616863763e-08
Chr06	45980000	46056000	345	1.404123836377606e-08	4.733837202879827e-09	2.8495676721123556e-08
Chr06	46056000	46132000	381	1.7238852411584167e-08	5.829980075834448e-09	3.182532959325033e-08
Chr06	46132000	46208000	476	1.0248738231806726e-08	2.645645143358194e-09	2.32231640322006e-08
Chr06	46208000	46284000	527	1.4160473753144074e-08	4.617900221781512e-09	2.873173244167789e-08
Chr06	46284000	46360000	324	6.711222526114252e-09	1.5900199529924882e-09	1.7555357760336814e-08
Chr06	46360000	46436000	102	1.0066496983861275e-08	3.123640916023764e-09	2.2418077364570763e-08
Chr06	46436000	46512000	128	5.158388526447131e-09	4.702246693221259e-10	1.459289348149973e-08
Chr06	46512000	46588000	265	1.2072767093465263e-08	3.5311520781757685e-09	2.625237964425618e-08
Chr06	46588000	46664000	515	7.969189117112495e-09	2.028914800227898e-09	1.947868176494457e-08
Chr06	46664000	46740000	606	2.2193825974413048e-08	9.265969389169956e-09	3.5805863427172336e-08
Chr06	46740000	46816000	343	5.033116706583444e-09	9.655061470951004e-10	1.4334570846825971e-08
Chr06	46816000	46892000	270	2.417957497764582e-08	1.0518586903552382e-08	3.711687518654975e-08
Chr06	46892000	46968000	320	6.79307403105406e-09	1.671871457932296e-09	1.7637209265276622e-08
Chr06	46968000	47044000	161	7.633283228282419e-09	1.9317196958703954e-09	1.8381486533437773e-08
Chr06	47044000	47120000	427	1.4700879815901517e-08	5.003306849030168e-09	2.8576242452540976e-08
Chr06	47120000	47196000	342	6.810599331501998e-09	1.689396758380234e-09	1.765473456572456e-08
Chr06	47196000	47272000	607	7.067452606470733e-09	1.9462500333489692e-09	1.7911587840693295e-08
Chr06	47272000	47348000	513	8.905273510006803e-09	2.4550799751608094e-09	2.2519148559507536e-08
Chr06	47348000	47424000	150	1.3620396893875864e-08	4.31299573297963e-09	2.807483525122336e-08
Chr06	47424000	47500000	314	1.0883381857776011e-08	3.5431692422729056e-09	2.4725921194781642e-08
Chr06	47500000	47576000	331	2.4821205113230762e-08	1.0241720626876275e-08	3.689103238420814e-08
Chr06	47576000	47652000	73	1.877239972458636e-09	0	7.833175828075788e-09
Chr06	47652000	47728000	316	6.726109864832617e-09	1.6049072917108532e-09	1.7570245099055176e-08
Chr06	47728000	47804000	350	1.1147711903940304e-08	3.807499288437198e-09	2.4990251240945938e-08
Chr06	47804000	47880000	230	7.969874919260981e-09	2.029600602376384e-09	1.9479367567093058e-08
Chr06	47880000	47956000	153	1.0293786436052861e-08	2.690693347604329e-09	2.3268212236446734e-08
Chr06	47956000	48032000	340	7.626314867342978e-09	1.9247513349309547e-09	1.8374518172498335e-08
Chr06	48032000	48108000	261	9.968952662184644e-09	3.026096594347133e-09	2.232053304289413e-08
Chr06	48184000	48260000	57	2.5686333843755913e-09	0	9.261204082006214e-09
Chr06	48260000	48336000	46	5.1428569330516475e-09	1.075246373563304e-09	1.4444311073294175e-08
Chr06	48336000	48412000	326	2.4692778687937654e-08	1.0113294201583166e-08	3.6762605958915034e-08
Chr06	48716000	48792000	436	8.278312738012347e-09	2.3380384211277503e-09	1.9787805385844424e-08
Chr06	48792000	48868000	308	2.040082691647075e-08	6.9578645509755015e-09	3.364688654340756e-08
Chr06	48868000	48944000	383	8.974009897621859e-09	2.523816362775865e-09	2.2587884947122592e-08
Chr06	48944000	49020000	501	1.0222704910645398e-08	2.6196118221968656e-09	2.3197130711039274e-08
Chr06	49628000	49704000	120	0	0	2.7102821764657386e-09
Chr06	50008000	50084000	47	3.5383160685512803e-09	0	1.1595301835997457e-08
Chr06	50084000	50160000	269	1.0299310198902298e-08	2.696217110453766e-09	2.327373599929617e-08
Chr06	50160000	50236000	104	4.8315112452894955e-09	7.63900685801152e-10	1.4132965385532023e-08
Chr06	50312000	50388000	243	8.365711771222581e-09	2.425437454337984e-09	1.9875204419054658e-08
Chr06	50388000	50464000	241	1.9270790680983623e-08	7.789921470105526e-09	3.3845981868288506e-08
Chr06	50464000	50540000	378	1.6364308538308148e-08	6.189169051773558e-09	3.21910195023146e-08
Chr06	50540000	50616000	239	3.6136558481406167e-09	0	1.1670641615586793e-08
Chr06	50616000	50692000	193	4.007349029937721e-09	3.270919086630999e-10	1.2110172175721309e-08
Chr06	50692000	50768000	240	6.242162348362705e-09	1.017998890978071e-09	1.6751823090038176e-08
Chr06	50768000	50844000	192	2.6758417681665773e-08	1.2513685376841291e-08	3.806719488523271e-08
Chr06	50844000	50920000	224	4.8585817573239065e-09	7.90971197835563e-10	1.4160035897566434e-08
Chr06	50920000	50996000	231	1.0119930986655726e-08	3.177074918818215e-09	2.2471511367365214e-08
Chr06	50996000	51072000	372	1.9886178880491487e-08	7.841058490499651e-09	3.360427966914259e-08
Chr06	51072000	51148000	343	7.597246362415579e-09	1.8956828300035554e-09	1.8345449667570936e-08
Chr06	51148000	51224000	395	1.4375639881989118e-09	0	5.762081176990697e-09
Chr06	51224000	51300000	839	4.5161716400957677e-10	0	4.169581544821197e-09
Chr06	51300000	51376000	140	1.7010010080308902e-08	5.601137744559183e-09	3.159648726197507e-08
Chr06	51376000	51452000	106	7.951339642353077e-09	1.738112909243654e-09	1.8390098166597993e-08
Chr06	51604000	51680000	311	2.1031710396629772e-09	0	8.05910689528013e-09
Chr06	51680000	51756000	210	8.36964155333581e-09	2.4293672364512127e-09	1.9879134201167885e-08
Chr06	51756000	51832000	200	7.484835921146467e-09	1.783272388734443e-09	1.8233039226301823e-08
Chr06	51832000	51908000	366	9.291087597156841e-09	2.3767982782856716e-09	2.267908439721959e-08
Chr06	51908000	51984000	366	2.155838182260015e-08	8.453305731620044e-09	3.504720183910524e-08
Chr06	51984000	52060000	225	5.343779180507573e-09	6.556153233825679e-10	1.4778284135560172e-08
Chr06	52060000	52136000	300	5.550865966399191e-09	8.627021092741863e-10	1.498537092145179e-08
