chrom	start	end	nSites	recombRate	CI95LO	CI95HI
Chr09	512000	640000	363	2.3179613604198037e-08	1.132472402308923e-08	3.4861438622626104e-08
Chr09	640000	768000	356	1.2100184370644462e-08	4.094942212595475e-09	2.4156218630444185e-08
Chr09	768000	896000	872	1.1126206815397037e-08	3.1272436346861203e-09	2.2565649142129805e-08
Chr09	896000	1024000	430	2.4830208873269814e-08	1.2928869314963068e-08	3.721416477846284e-08
Chr09	1024000	1152000	419	2.093144037398937e-08	9.796307202908646e-09	3.425285270278217e-08
Chr09	1152000	1280000	320	1.7804478984138215e-08	8.151424672695628e-09	3.139910529770045e-08
Chr09	1408000	1536000	91	2.479867025807943e-09	1.9426598404526834e-10	7.800393711700387e-09
Chr09	1536000	1664000	135	0	0	2.7024852577994806e-09
Chr09	1664000	1792000	347	7.3340604619959916e-09	1.2148955982910956e-09	1.5872229122972443e-08
Chr09	1792000	1920000	393	1.744625681542479e-09	7.422985713424937e-10	6.414878710291494e-09
Chr09	1920000	2048000	537	6.035273121892839e-09	8.393216750137176e-10	1.3634711600393369e-08
Chr09	2048000	2176000	327	9.784415320388307e-09	3.657888390171438e-09	1.9962868867060322e-08
Chr09	2176000	2304000	328	8.87866741141055e-09	2.250656648955545e-09	1.8987237658935083e-08
Chr09	2304000	2432000	232	2.27069572784084e-09	0	7.591222413733284e-09
Chr09	2432000	2560000	475	1.60337867447307e-08	6.939424903353238e-09	2.9296614203235193e-08
Chr09	2560000	2688000	290	1.282348896887486e-08	4.683562413857363e-09	2.4617972980548345e-08
Chr09	2688000	2816000	212	1.117202447620097e-08	4.041747662773598e-09	2.3351948834181068e-08
Chr09	2816000	2944000	553	3.1180413159706455e-08	1.8197017423407424e-08	4.020135155598228e-08
Chr09	2944000	3072000	727	5.4417455656960946e-09	2.000778880160101e-10	1.3822244060860182e-08
Chr09	3072000	3200000	867	1.1505255446493484e-08	3.506292265782568e-09	2.2944697773226252e-08
Chr09	3200000	3328000	492	1.175482306853226e-08	3.749580910483273e-09	2.3810857328331985e-08
Chr09	3328000	3456000	782	4.552711569819375e-09	0	1.1664137329195661e-08
Chr09	3456000	3584000	947	8.465440070945057e-09	2.4411770713851197e-09	1.830091361766049e-08
Chr09	3584000	3712000	503	1.0544487991651246e-08	3.719044581188152e-09	2.2365115712744293e-08
Chr09	3712000	3840000	176	1.2860677899882024e-08	4.720751344864528e-09	2.465516191155551e-08
Chr09	3968000	4096000	615	2.335847211804294e-08	1.1503582536934133e-08	3.5040297136471004e-08
Chr09	4096000	4224000	518	2.455687943617815e-08	1.2655539877871405e-08	3.694083534137118e-08
Chr09	4224000	4352000	522	1.4740018429980815e-08	6.069443949362672e-09	2.749715439980168e-08
Chr09	4608000	4736000	145	3.2100050386883252e-09	5.21255371331665e-10	8.682622331356117e-09
Chr09	4736000	4864000	451	1.03554252393452e-08	3.5299818288821063e-09	2.2176052960438247e-08
Chr09	4864000	4992000	407	1.4495632559218098e-08	4.791554440374103e-09	2.7719686588810568e-08
Chr09	4992000	5120000	1265	1.6968151819925466e-08	6.826498258534727e-09	3.105546109458287e-08
Chr09	5120000	5248000	651	1.3269274153242659e-08	4.958995243780205e-09	2.633862975099279e-08
Chr09	5248000	5376000	794	3.0429019597004984e-08	1.6496213177301915e-08	3.982887080551859e-08
Chr09	5376000	5504000	401	2.2475202484430205e-08	1.1151727815396378e-08	3.505241224698448e-08
Chr09	5504000	5632000	555	1.6428093038453188e-08	6.431494822575349e-09	3.0589076268935496e-08
Chr09	5632000	5760000	380	2.844196435359475e-08	1.4266533213577013e-08	3.817135489126638e-08
Chr09	5760000	5888000	645	1.0979960714358926e-08	3.849683900931554e-09	2.3159885072339026e-08
Chr09	5888000	6016000	203	8.6135298734057e-09	1.9855191109506935e-09	1.872210012093023e-08
Chr09	6528000	6656000	231	1.680463300108708e-09	6.781361899087228e-10	6.350716328857723e-09
Chr09	6912000	7040000	909	2.4551690243551017e-08	1.2650350685244271e-08	3.693564614874405e-08
Chr09	7040000	7168000	1389	0	0	2.7024852577994806e-09
Chr09	7168000	7296000	578	8.539800963722539e-09	2.515537964162601e-09	1.8375274510437968e-08
Chr09	7296000	7424000	259	1.0785897127954726e-08	3.655620314527354e-09	2.2965821485934822e-08
Chr09	7424000	7552000	1123	1.2101202571369476e-08	4.163907350286259e-09	2.389988180499058e-08
Chr09	7552000	7680000	510	2.1565301735677723e-08	9.999943042722337e-09	3.496265722733993e-08
Chr09	7680000	7808000	622	2.1738467494792125e-08	1.0173108801836739e-08	3.513582298645433e-08
Chr09	7808000	7936000	713	8.56866902944287e-09	2.544406029882932e-09	1.84041425761583e-08
Chr09	7936000	8064000	1151	7.819955190352593e-09	1.772252318527271e-09	1.7515783863625492e-08
Chr09	8064000	8192000	488	1.5773975850171424e-08	6.679614008793961e-09	2.9036803308675916e-08
Chr09	8320000	8448000	134	1.0202838803037757e-09	5.528506770487347e-10	4.787308394848689e-09
Chr09	8448000	8576000	238	8.757718206359437e-09	2.733455206799499e-09	1.859319175307487e-08
Chr09	8576000	8704000	307	8.87980677468653e-09	2.8555437751265924e-09	1.8715280321401962e-08
Chr09	8704000	8832000	1570	3.7905104225683135e-08	2.4937983737200216e-08	4.466274285213653e-08
Chr09	8832000	8960000	633	4.4442221774511193e-08	3.2921839659573307e-08	5.0326776751142954e-08
Chr09	8960000	9088000	243	6.275568873299312e-09	6.793803385038243e-10	1.4393149347775285e-08
Chr09	9088000	9216000	521	1.4296898202867712e-08	5.6263237222495695e-09	2.7054034172688577e-08
Chr09	9216000	9344000	321	1.3987716103720327e-08	5.703470147828494e-09	2.6350675426662726e-08
Chr09	9344000	9472000	304	0	0	2.7024852577994806e-09
Chr09	9472000	9600000	817	2.52664612101793e-09	2.410450792552551e-10	7.847172806910374e-09
Chr09	9600000	9728000	247	5.089752280559086e-09	1.2648106431845844e-10	1.2201178039935372e-08
Chr09	9856000	9984000	314	1.2171840413583216e-08	4.234545192499998e-09	2.3970519647204318e-08
Chr09	9984000	10112000	850	1.8187464549172202e-08	7.62177915591212e-09	3.198884032472949e-08
Chr09	10112000	10240000	296	1.248585953524312e-08	4.548564314159903e-09	2.428453876886422e-08
Chr09	10240000	10368000	662	1.8521991417789934e-08	7.956306024529853e-09	3.232336719334722e-08
Chr09	10368000	10496000	999	5.859146018833561e-09	6.631945719544396e-10	1.3458584497334091e-08
Chr09	10624000	10752000	154	6.318849432653218e-09	1.1228979857740966e-09	1.3918287911153748e-08
Chr09	10752000	10880000	161	1.058347575470287e-09	5.909143722152459e-10	4.8253720900152e-09
Chr09	10880000	11008000	275	6.998877308143285e-09	8.797124444383887e-10	1.5537045969119737e-08
Chr09	11008000	11136000	556	8.778227226010032e-09	2.753964226450094e-09	1.861370077272546e-08
Chr09	11136000	11264000	320	4.7451579934007485e-09	4.882515216339518e-10	1.152054710982092e-08
Chr09	11264000	11392000	444	6.110200266399623e-09	5.140117316041353e-10	1.4227780740875596e-08
Chr09	11648000	11776000	418	8.20896872219683e-09	2.1847057226368925e-09	1.8044442268912263e-08
Chr09	11776000	11904000	95	2.3619987066841453e-09	7.639766492147048e-11	7.68252539257659e-09
Chr09	12928000	13056000	498	1.2037943801797687e-08	4.1006485807144696e-09	2.3836623035418788e-08
Chr09	13056000	13184000	409	8.227996327470875e-09	2.203733327910937e-09	1.8063469874186304e-08
Chr09	13184000	13312000	719	1.5196865686992138e-09	5.173594584992285e-10	6.189939597448229e-09
Chr09	13312000	13440000	827	5.125411434864694e-09	1.621402186240667e-10	1.223683719424098e-08
Chr09	13440000	13568000	715	1.7121318697071922e-08	6.979665135681183e-09	3.120862797172932e-08
Chr09	13568000	13696000	565	1.9363843817566663e-08	9.499700670823887e-09	3.288190888489721e-08
Chr09	13696000	13824000	310	1.0699920792556995e-08	3.5696439791296232e-09	2.2879845150537095e-08
Chr09	13952000	14080000	243	2.1533357783663818e-08	9.967999090708432e-09	3.493071327532602e-08
Chr09	14080000	14208000	1073	2.562185830657501e-08	1.2790522623713688e-08	3.730080589337677e-08
Chr09	14208000	14336000	1706	7.0484522690946e-09	1.4204005999458966e-09	1.517251822239121e-08
Chr09	14336000	14464000	573	1.6620433718400368e-08	7.04512068703787e-09	3.06420631759172e-08
Chr09	14464000	14592000	844	7.90275827846035e-09	1.8550554066350276e-09	1.7598586951733245e-08
Chr09	14592000	14720000	959	9.457851690390903e-09	3.331324760174034e-09	1.963630523706292e-08
Chr09	14720000	14848000	762	1.7018280642488613e-08	6.876627081097874e-09	3.110558991714601e-08
Chr09	14848000	14976000	488	7.503072364046253e-09	1.3839075003413572e-09	1.6041241025022702e-08
Chr09	14976000	15104000	497	2.4448713490335813e-08	1.2547373932029067e-08	3.6832669395528844e-08
Chr09	15104000	15232000	66	4.262094728140577e-09	5.188256373780157e-12	1.103748384456075e-08
Chr09	15232000	15360000	530	1.3904857017130982e-08	5.620611061239148e-09	2.626781634007338e-08
Chr09	15360000	15488000	298	5.403262730379517e-09	1.615950526994328e-10	1.3783761225543605e-08
Chr09	15488000	15616000	1204	0	0	2.7024852577994806e-09
Chr09	15616000	15744000	1273	2.2413550088532225e-08	9.866020495411226e-09	3.4694070777777345e-08
Chr09	15744000	15872000	691	8.18077433517924e-09	2.1565113356193026e-09	1.801624788189467e-08
Chr09	15872000	16000000	87	5.202194243005794e-09	0	1.3582692738169882e-08
Chr09	16000000	16128000	45	3.754235358515888e-09	0	1.0371964967264732e-08
Chr09	16128000	16256000	90	1.0533620136852923e-09	5.859288104302513e-10	4.8203865282302055e-09
Chr09	16256000	16384000	86	6.070173230530172e-09	4.739846957346844e-10	1.4187753705006145e-08
Chr09	16384000	16512000	1171	5.05076206506085e-09	8.749084882022242e-11	1.2162187824437136e-08
Chr09	16512000	16640000	50	1.4977419516115543e-09	4.954148414115689e-10	6.1679949803605694e-09
Chr09	16640000	16768000	329	8.228043841334042e-09	2.203780841774104e-09	1.8063517388049474e-08
Chr09	16768000	16896000	755	4.1452128114975326e-08	2.9781734352489085e-08	4.7460347725695614e-08
Chr09	16896000	17024000	694	2.6617965419339995e-08	1.2705442196980856e-08	3.6891642350744904e-08
Chr09	17024000	17152000	874	5.796300450178942e-09	6.003490032998212e-10	1.3395738928679473e-08
Chr09	17152000	17280000	396	1.1033689560518691e-08	3.903412747091319e-09	2.321361391849879e-08
Chr09	17280000	17408000	73	7.172382664110042e-09	1.053217800405146e-09	1.5710551325086494e-08
Chr09	17408000	17536000	449	2.0043568314315363e-08	8.638699242952297e-09	3.407695014868167e-08
Chr09	17536000	17664000	598	1.1359674666678486e-08	3.3607114859675693e-09	2.2799116993411254e-08
Chr09	17664000	17792000	645	1.1920127192331937e-08	3.914885034282951e-09	2.3976161452131663e-08
Chr09	17792000	17920000	260	4.3737624881212955e-09	1.1685601635449882e-10	1.1149151604541468e-08
Chr09	18048000	18176000	541	1.8178771209136624e-08	7.613085815876542e-09	3.1980146984693906e-08
Chr09	18176000	18304000	424	5.782041200458281e-09	5.8608975357916e-10	1.3381479678958811e-08
Chr09	18688000	18816000	68	0	0	2.7024852577994806e-09
Chr09	18816000	18944000	1233	0	0	2.7024852577994806e-09
Chr09	18944000	19072000	805	7.210233579325302e-09	1.5821819101765986e-09	1.533429953262191e-08
Chr09	19072000	19200000	732	9.442893884444284e-09	2.407738492867221e-09	1.9909131094682483e-08
Chr09	19200000	19328000	477	7.92318245192672e-09	1.8754795801013987e-09	1.7619011125199616e-08
Chr09	19328000	19456000	731	1.3922981010543044e-08	5.638735054651211e-09	2.6285940333485443e-08
Chr09	19456000	19584000	727	1.9869643586747406e-08	9.022281800166217e-09	3.213560427834053e-08
Chr09	19584000	19712000	285	4.082456034491182e-09	5.684507879764487e-11	1.0700185643240026e-08
Chr09	19712000	19840000	525	4.705623065399797e-09	4.48716593633e-10	1.1481012181819969e-08
Chr09	19840000	19968000	746	8.83635971010916e-09	2.208348947654155e-09	1.894492995763369e-08
Chr09	19968000	20096000	955	3.901273795775852e-09	0	1.0519003404524695e-08
Chr09	20096000	20224000	602	1.866260075329207e-08	8.56096231644854e-09	3.172290115000875e-08
Chr09	20224000	20352000	554	1.6329337490332224e-08	6.754024458969726e-09	3.035096694784906e-08
Chr09	20352000	20480000	399	2.846040362223199e-09	1.5729069486653883e-10	8.31865765489099e-09
Chr09	20480000	20608000	249	1.399395908595552e-08	5.7097131300636865e-09	2.635691840889792e-08
Chr09	20608000	20736000	407	2.227410249791059e-08	1.0950627828876763e-08	3.485131226046486e-08
Chr09	20736000	20864000	670	1.646258078649923e-08	6.887267755136731e-09	3.048421024401606e-08
Chr09	20864000	20992000	973	1.603866540032357e-08	6.944303558946108e-09	2.9301492858828063e-08
Chr09	20992000	21120000	569	2.0983175897329e-08	9.136071799589296e-09	3.428868814487017e-08
Chr09	21120000	21248000	256	1.4627027057030865e-08	4.92294893818687e-09	2.7851081086623335e-08
Chr09	21248000	21376000	201	9.701925891032385e-09	2.666770499455322e-09	2.0168163101270586e-08
Chr09	21376000	21504000	86	3.389405935507053e-09	7.777585423627526e-11	9.551886505789067e-09
Chr09	21504000	21632000	513	4.684408120047977e-09	0	1.1795833879424263e-08
Chr09	21632000	21760000	493	3.162966790807987e-08	1.8693100002282978e-08	4.078380819831496e-08
Chr09	21760000	21888000	317	9.624053486819669e-09	3.4975265566028002e-09	1.9802507033491683e-08
Chr09	21888000	22016000	649	2.6109210775879036e-08	1.2993438307781561e-08	3.725804694125458e-08
Chr09	22016000	22144000	1360	5.080575317273434e-09	1.173041010328066e-10	1.219200107664972e-08
Chr09	22144000	22272000	361	1.657413750266497e-08	6.577539286787131e-09	3.073512073314728e-08
Chr09	22272000	22400000	691	1.3045339619220603e-08	4.735060709758149e-09	2.6114695216970737e-08
Chr09	22400000	22528000	735	1.4757456005267166e-08	5.053377886423171e-09	2.7981510034859636e-08
Chr09	22528000	22656000	595	3.158373897163581e-08	1.8647171065838918e-08	4.07378792618709e-08
Chr09	22656000	22784000	501	2.4602342991301747e-08	1.2701003432995e-08	3.698629889649478e-08
Chr09	22784000	22912000	468	1.9367001368312555e-08	9.502858221569779e-09	3.288506643564311e-08
Chr09	22912000	23040000	537	2.905978518160178e-08	1.519516066646541e-08	3.9247181352692544e-08
Chr09	23040000	23168000	610	2.0113551992448734e-08	8.708682921085668e-09	3.414693382681504e-08
Chr09	23168000	23296000	715	1.4824572730835612e-08	5.120494611991617e-09	2.8048626760428082e-08
Chr09	23296000	23424000	537	2.803522128355534e-08	1.485656596097878e-08	3.844642793590518e-08
Chr09	23424000	23552000	562	2.8173956673227154e-08	1.4995301350650593e-08	3.8585163325577e-08
Chr09	23552000	23680000	620	2.2083831028943533e-08	9.536301435822534e-09	3.436435171818865e-08
Chr09	23680000	23808000	584	1.4552986895325088e-08	5.8824124147069455e-09	2.7310122865145953e-08
Chr09	23808000	23936000	377	6.096864143163315e-09	5.006756083678267e-10	1.4214444617639288e-08
Chr09	23936000	24064000	422	3.179148145986058e-08	1.8854913554063687e-08	4.094562175009567e-08
Chr09	24064000	24192000	605	7.269948323782063e-09	1.6418966546333596e-09	1.5394014277078675e-08
Chr09	24192000	24320000	316	1.3154007218127164e-08	4.84372830866471e-09	2.6223362815877294e-08
Chr09	24320000	24448000	445	6.344314645604859e-09	7.481261108093712e-10	1.4461895120080832e-08
Chr09	24448000	24576000	546	2.006883550797723e-08	8.663966436614162e-09	3.4102217342343536e-08
Chr09	24576000	24704000	298	3.41789929488278e-08	2.1446138888823118e-08	4.199856540504136e-08
Chr09	24704000	24832000	488	2.1274532589649764e-08	9.709173896694378e-09	3.467188808131197e-08
Chr09	24832000	24960000	661	3.4425023466027055e-08	2.1487121915924064e-08	4.23563685578321e-08
Chr09	24960000	25088000	401	1.2359717016233812e-08	4.422421795150594e-09	2.4158396249854914e-08
Chr09	25088000	25216000	632	1.300334924264821e-08	4.693070333185755e-09	2.607270484039834e-08
Chr09	25216000	25344000	540	1.9811773398335676e-08	8.964411611754487e-09	3.20777340899288e-08
Chr09	25344000	25472000	648	2.451016397560633e-08	1.2608824417299583e-08	3.689411988079936e-08
Chr09	25472000	25600000	576	2.255533219862179e-08	1.0007802605500792e-08	3.483585288786691e-08
Chr09	25600000	25728000	655	3.6821162660173656e-08	2.3758172948019963e-08	4.436805625911566e-08
Chr09	25728000	25856000	264	1.2126932978682877e-08	4.121690820633891e-09	2.41829672384826e-08
Chr09	25856000	25984000	386	1.3302678095971596e-08	4.992399186509142e-09	2.6372033693721728e-08
Chr09	26112000	26240000	661	3.975756244472677e-08	2.740408269446675e-08	4.6204659700783844e-08
Chr09	26240000	26368000	586	2.4480914738403376e-08	1.257957518009663e-08	3.686487064359641e-08
Chr09	26368000	26496000	434	1.9788919866499515e-08	8.941558079918326e-09	3.205488055809264e-08
Chr09	26496000	26624000	570	1.6128331789134828e-08	6.553018757772329e-09	3.014996124665166e-08
Chr09	26624000	26752000	381	1.931952144362088e-08	9.455378296878104e-09	3.283758651095143e-08
Chr09	26752000	26880000	595	4.637458203300413e-08	3.542441037469588e-08	5.143420106785699e-08
Chr09	26880000	27008000	496	8.8687581045769e-09	2.8444951050169624e-09	1.8704231651292333e-08
Chr09	27008000	27136000	555	2.6385027903092145e-08	1.326925543499467e-08	3.753386406846769e-08
Chr09	27136000	27264000	497	7.028732983447979e-09	9.095681197430832e-10	1.5566901644424428e-08
Chr09	27264000	27392000	231	9.816663385958323e-09	2.781507994381259e-09	2.028290059619652e-08
Chr09	27392000	27520000	587	7.168593433522603e-09	1.0494285698177074e-09	1.5706762094499052e-08
Chr09	27520000	27648000	1481	2.6592681680672205e-08	1.2680158458313066e-08	3.686635861207711e-08
Chr09	27648000	27776000	659	8.579221470352935e-09	1.9512107078979293e-09	1.8687791717877467e-08
Chr09	27776000	27904000	593	1.0484797852587912e-08	3.6593544421248182e-09	2.2305425573680956e-08
Chr09	27904000	28032000	431	1.8014224266541595e-08	8.361169955099008e-09	3.160885058010383e-08
Chr09	28032000	28160000	348	1.5839641705989646e-08	6.745279864612183e-09	2.9102469164494138e-08
Chr09	28160000	28288000	389	2.668577406554079e-08	1.2773250843181652e-08	3.6959450996945694e-08
Chr09	28288000	28416000	862	2.4128185432310944e-08	1.1796591774988884e-08	3.613213162491786e-08
Chr09	28416000	28544000	258	6.1127309003944925e-09	9.167794535153712e-10	1.3712169378895023e-08
Chr09	28544000	28672000	702	2.2647991549777642e-08	1.0100461956656644e-08	3.492851223902277e-08
Chr09	28672000	28800000	812	2.280099438535323e-08	1.1477519716319403e-08	3.5378204147907503e-08
Chr09	28800000	28928000	546	2.001728061383707e-08	9.169918827255882e-09	3.2283241305430194e-08
Chr09	28928000	29056000	258	1.0701108108495612e-08	3.875664698032518e-09	2.2521735829588657e-08
Chr09	29312000	29440000	519	3.264917583642998e-08	1.900963016574494e-08	4.169043637667343e-08
Chr09	29440000	29568000	287	1.4016132787740585e-08	5.7318868318487514e-09	2.6379092110682983e-08
Chr09	29568000	29696000	422	4.342696030039001e-08	3.1757249813562044e-08	4.912006548766662e-08
Chr09	29696000	29824000	362	1.3011206909160957e-08	4.8712803541434605e-09	2.4805690920834443e-08
Chr09	29952000	30080000	562	5.102086125110771e-08	4.037804386816345e-08	5.605095874519305e-08
Chr09	30080000	30208000	688	3.592964577270571e-08	2.3702670740257967e-08	4.34955015368191e-08
Chr09	30208000	30336000	426	1.9361554243285384e-08	9.497411096542608e-09	3.287961931061594e-08
Chr09	30336000	30464000	934	1.7757900974384838e-08	8.10484666294225e-09	3.135252728794707e-08
Chr09	30464000	30592000	444	4.2963318603985925e-09	3.942538863179578e-11	1.1071720976818765e-08
Chr09	30592000	30720000	488	1.144576978673413e-08	3.446806606023214e-09	2.2885212113466897e-08
Chr09	30720000	30848000	443	1.6355021278758632e-08	6.779708247396134e-09	3.037665073627547e-08
Chr09	30848000	30976000	608	2.522538736001003e-08	1.2394051677148709e-08	3.690433494681179e-08
Chr09	30976000	31104000	460	1.4069394979887119e-08	5.785149023995285e-09	2.6432354302829517e-08
Chr09	31104000	31232000	618	2.459124320136612e-08	1.2689903643059375e-08	3.697519910655915e-08
Chr09	31232000	31360000	568	1.913809484789498e-08	9.273951701152205e-09	3.265615991522553e-08
Chr09	31360000	31488000	926	2.4460008426495156e-08	1.255866886818841e-08	3.6843964331688187e-08
Chr09	31488000	31616000	541	1.4361217549742301e-08	5.690643069124158e-09	2.7118353519563166e-08
Chr09	31744000	31872000	605	6.786762880016607e-09	1.1587112108679038e-09	1.4910828833313216e-08
Chr09	31872000	32000000	186	1.4009597993081748e-08	5.339023512463605e-09	2.6766733962902612e-08
Chr09	32000000	32128000	1073	1.63539640953032e-08	6.778651063940703e-09	3.0375593552820036e-08
Chr09	32128000	32256000	603	2.0939169363303986e-08	9.092065265564283e-09	3.424468161084516e-08
Chr09	32256000	32384000	304	1.3995199595618958e-08	5.3246251150008155e-09	2.6752335565439823e-08
Chr09	32384000	32512000	514	1.3361093845347884e-08	5.05081493588543e-09	2.6430449443098016e-08
Chr09	32512000	32640000	371	1.4103867194525516e-08	5.433292713907373e-09	2.686100316434638e-08
Chr09	32640000	32768000	373	2.2254958441248698e-08	1.093148377221487e-08	3.4832168203802974e-08
Chr09	32768000	32896000	585	2.0872305267249067e-08	9.025201169509364e-09	3.4177817514790244e-08
Chr09	32896000	33024000	388	1.9956524401804635e-08	8.551655330441569e-09	3.398990623617094e-08
Chr09	33024000	33152000	705	2.6511279827296905e-08	1.2598756604937766e-08	3.678495675870181e-08
Chr09	33152000	33280000	884	3.6463228906489163e-09	0	1.026405249939776e-08
Chr09	33280000	33408000	743	1.8569087107118814e-08	8.467448670275284e-09	3.16293875038355e-08
Chr09	33408000	33536000	526	4.493346058866858e-08	3.179272173605578e-08	4.993719579262527e-08
Chr09	33536000	33664000	550	2.427710024293502e-08	1.194550658561296e-08	3.628104643554193e-08
Chr09	33664000	33792000	410	1.7139185182314864e-08	6.997531620924125e-09	3.1226494456972266e-08
Chr09	33792000	33920000	744	1.2994329306195146e-08	4.854402751177649e-09	2.478881331786863e-08
Chr09	33920000	34048000	628	1.9953959058088955e-08	9.106597271507766e-09	3.221991974968208e-08
Chr09	34048000	34176000	977	1.332282397395371e-08	5.012545064491256e-09	2.6392179571703842e-08
Chr09	34176000	34304000	445	1.799154410402626e-08	7.425858710766179e-09	3.1792919879583546e-08
Chr09	34304000	34432000	755	9.521308151571934e-09	3.394781221355065e-09	1.969976169824395e-08
Chr09	34432000	34560000	510	1.6457398381566837e-08	6.882085350204338e-09	3.047902783908367e-08
Chr09	34560000	34688000	635	2.6977364736187116e-08	1.4099495609560866e-08	3.720534097991341e-08
Chr09	34688000	34816000	369	2.4202134821094943e-08	1.1870541163772882e-08	3.620608101370186e-08
Chr09	35456000	35584000	54	8.209954658750691e-10	3.535622626200281e-10	4.588019980419982e-09
Chr09	35584000	35712000	302	1.2099240927590221e-08	4.1619457065070034e-09	2.389792016121132e-08
Chr09	35712000	35840000	608	1.9876116521477517e-08	8.471247450114451e-09	3.3909498355843825e-08
Chr09	35840000	35968000	488	1.9580571576519384e-08	8.733209789938195e-09	3.184653226811251e-08
Chr09	35968000	36096000	588	2.619200113705916e-08	1.3076228668961685e-08	3.73408373024347e-08
Chr09	36096000	36224000	278	2.201798929327374e-09	0	7.522325615219818e-09
Chr09	36224000	36352000	408	3.750486234380324e-08	2.3931196019540753e-08	4.5173216117996077e-08
Chr09	36352000	36480000	252	1.1427598279458904e-08	3.4286350987479876e-09	2.286704060619167e-08
Chr09	36480000	36608000	594	1.0534100803957236e-08	3.4038239905298643e-09	2.2714025161937333e-08
Chr09	36608000	36736000	793	2.4423147001759096e-08	1.252180744345235e-08	3.680710290695213e-08
Chr09	36736000	36864000	341	2.921404445337012e-08	1.534941993823375e-08	3.9401440624460884e-08
Chr09	36864000	36992000	291	1.1580544556526376e-08	3.58158137581546e-09	2.3019986883259143e-08
Chr09	36992000	37120000	566	5.2409109426607596e-08	4.1766292043663336e-08	5.743920692069293e-08
Chr09	37120000	37248000	344	1.9369161552162896e-08	9.50501840542012e-09	3.288722661949345e-08
Chr09	37248000	37376000	469	4.488177908093414e-08	3.174104022832134e-08	4.9885514284890835e-08
Chr09	37376000	37504000	355	1.9653056520163676e-08	8.805694733582487e-09	3.19190172117568e-08
Chr09	37504000	37632000	291	2.2762504497197587e-08	1.143902982816376e-08	3.533971425975186e-08
Chr09	37632000	37760000	64	4.140181984389734e-09	1.1457102869619687e-10	1.0757911593138578e-08
Chr09	37760000	37888000	199	1.9929627293608156e-08	9.082265507026967e-09	3.219558798520128e-08
Chr09	37888000	38016000	273	2.261974720956909e-08	1.007221761644809e-08	3.490026789881421e-08
Chr09	38016000	38144000	532	2.217154477878772e-08	1.0848070109753892e-08	3.4748754541341996e-08
Chr09	38144000	38272000	493	2.4121789514828688e-08	1.1790195857506628e-08	3.6125735707435605e-08
Chr09	38272000	38300324	81	1.2459560641787363e-09	7.785228609236953e-10	5.0129805787236494e-09
