Model	Replicate	log-likelihood	AIC	chi-squared	theta	optimized_params(nu1, nu2, m, T1, T2)
sec_contact_sym_mig	Round_1_Replicate_1	-226591.43	453192.86	1132628.89	13830.58	0.1881,7.0749,0.6405,0.3333,0.9102
sec_contact_sym_mig	Round_1_Replicate_2	-51721.06	103452.12	144358.05	9320.12	2.1898,0.9512,0.6616,2.2799,2.6072
sec_contact_sym_mig	Round_1_Replicate_3	-69820.84	139651.68	220652.32	15166.32	2.6871,0.2365,2.2156,1.4476,2.2162
sec_contact_sym_mig	Round_1_Replicate_4	-140312.93	280635.86	15051683.93	12295.18	5.7343,7.9837,0.1675,0.1339,0.2092
sec_contact_sym_mig	Round_1_Replicate_5	-108292.78	216595.56	537171.4	11375.0	3.0225,3.1003,0.5625,0.4827,0.1805
sec_contact_sym_mig	Round_1_Replicate_6	-134444.46	268898.92	930361.32	6426.44	4.1789,6.0142,1.2276,1.6301,0.1675
sec_contact_sym_mig	Round_1_Replicate_7	-116329.47	232668.94	485389.94	19612.35	0.7023,0.7447,0.4148,0.8057,0.597
sec_contact_sym_mig	Round_1_Replicate_8	-80662.42	161334.84	347043.81	6384.27	3.53,2.7296,0.5725,2.6853,0.8313
sec_contact_sym_mig	Round_1_Replicate_9	-162900.99	325811.98	723799242.73	11557.2	4.3183,1.822,6.465,0.3327,0.3309
sec_contact_sym_mig	Round_1_Replicate_10	-180915.23	361840.46	1022356.24	23038.83	0.3451,0.2717,0.3672,2.5402,0.8809
sec_contact_sym_mig	Round_2_Replicate_1	-51777.87	103565.74	353713.38	5433.91	3.0559,2.4942,0.7761,0.7674,8.9255
sec_contact_sym_mig	Round_2_Replicate_2	-74989.77	149989.54	814433.72	8279.83	6.9203,0.5758,2.4091,0.9919,10.2175
sec_contact_sym_mig	Round_2_Replicate_3	-41822.9	83655.8	97894.24	9170.16	1.2769,1.1566,0.836,5.5074,1.7414
sec_contact_sym_mig	Round_2_Replicate_4	-46576.27	93162.54	333214.06	9524.52	1.7706,1.1609,1.5614,1.3926,7.8181
sec_contact_sym_mig	Round_2_Replicate_5	-218192.17	436394.34	1954290.68	19899.19	0.5531,0.2348,0.205,4.4997,9.8919
sec_contact_sym_mig	Round_2_Replicate_6	-60217.69	120445.38	236412.93	5721.31	3.3846,2.6062,0.5065,0.8856,5.0669
sec_contact_sym_mig	Round_2_Replicate_7	-80035.35	160080.7	244605.38	5493.7	2.5319,2.2311,0.213,7.0729,1.95
sec_contact_sym_mig	Round_2_Replicate_8	-111055.11	222120.22	139398855.31	3818.18	6.0222,3.7335,2.3717,6.6746,0.9309
sec_contact_sym_mig	Round_2_Replicate_9	-73957.95	147925.9	187633.26	13124.55	0.835,1.381,0.655,1.9805,0.9462
sec_contact_sym_mig	Round_2_Replicate_10	-66322.43	132654.86	215165.06	8230.38	3.1278,0.73,0.5138,0.647,5.695
sec_contact_sym_mig	Round_2_Replicate_11	-70243.22	140496.44	221193.76	14653.4	0.6512,1.7396,1.3255,0.5693,1.9164
sec_contact_sym_mig	Round_2_Replicate_12	-109947.27	219904.54	490650.97	17805.71	1.0008,0.3332,0.4317,0.6175,3.9796
sec_contact_sym_mig	Round_2_Replicate_13	-58673.57	117357.14	754893.11	9240.46	2.2755,1.28,1.6471,2.0788,1.4919
sec_contact_sym_mig	Round_2_Replicate_14	-44174.83	88359.66	224885.31	12972.59	1.4848,0.7062,1.9402,1.8673,6.2054
sec_contact_sym_mig	Round_2_Replicate_15	-142803.26	285616.52	469563.09	7532.36	0.8024,3.4622,0.2097,1.0424,6.7995
sec_contact_sym_mig	Round_2_Replicate_16	-121782.42	243574.84	18896869.59	7519.67	4.683,2.1172,1.8747,0.941,1.0665
sec_contact_sym_mig	Round_2_Replicate_17	-141067.3	282144.6	1051457.98	5398.95	5.9521,2.9134,0.205,2.3821,0.7571
sec_contact_sym_mig	Round_2_Replicate_18	-83360.69	166731.38	317866.17	14512.87	1.6746,0.2808,0.7464,4.09,6.4175
sec_contact_sym_mig	Round_2_Replicate_19	-98635.43	197280.86	263515.65	10972.38	0.7498,2.1019,0.4434,1.4122,3.168
sec_contact_sym_mig	Round_2_Replicate_20	-69801.55	139613.1	884077.49	9487.44	2.3347,1.5584,1.396,0.8128,1.7721
sec_contact_sym_mig	Round_3_Replicate_1	-102671.69	205353.38	381668.19	25025.78	0.5301,0.3601,0.5985,2.952,7.011
sec_contact_sym_mig	Round_3_Replicate_2	-96181.51	192373.02	387429.03	11904.05	1.5696,0.5901,0.3873,2.7087,0.8441
sec_contact_sym_mig	Round_3_Replicate_3	-44262.95	88535.9	142017.03	5387.47	3.6573,1.6714,0.5888,5.7901,4.2067
sec_contact_sym_mig	Round_3_Replicate_4	-67240.91	134491.82	2295641.01	5758.63	2.9554,2.7,1.3532,4.4941,1.7075
sec_contact_sym_mig	Round_3_Replicate_5	-35784.8	71579.6	159068.78	9464.74	1.0163,0.9589,1.8408,9.0926,2.046
sec_contact_sym_mig	Round_3_Replicate_6	-76156.77	152323.54	174995.74	4883.44	1.5066,2.596,0.6545,13.2246,0.6114
sec_contact_sym_mig	Round_3_Replicate_7	-70510.24	141030.48	236718.87	5584.0	2.7966,2.0801,0.5646,7.4601,0.611
sec_contact_sym_mig	Round_3_Replicate_8	-95283.01	190576.02	232134.48	5128.14	0.6602,2.7915,0.5878,28.1961,4.2309
sec_contact_sym_mig	Round_3_Replicate_9	-43374.66	86759.32	184561.27	9731.12	2.8569,0.3172,2.797,7.035,1.5533
sec_contact_sym_mig	Round_3_Replicate_10	-58601.19	117212.38	174372.59	7224.09	3.1939,1.1378,0.4594,2.8709,2.5979
sec_contact_sym_mig	Round_3_Replicate_11	-64699.99	129409.98	1185880.45	11820.33	0.6813,1.9599,3.1109,3.9463,2.7978
sec_contact_sym_mig	Round_3_Replicate_12	-106738.65	213487.3	257500.85	8182.72	0.5239,1.6029,0.6185,8.497,0.6367
sec_contact_sym_mig	Round_3_Replicate_13	-39443.59	78897.18	101553.4	6890.21	2.1017,1.3541,0.6785,7.5639,3.6901
sec_contact_sym_mig	Round_3_Replicate_14	-55639.15	111288.3	450985.81	6142.53	0.6929,1.8942,2.1745,13.6435,1.0565
sec_contact_sym_mig	Round_3_Replicate_15	-141241.27	282492.54	545382.3	17513.82	0.3752,0.3746,0.445,6.5976,1.8791
sec_contact_sym_mig	Round_3_Replicate_16	-68228.7	136467.4	2986264.64	6251.57	2.7443,2.3185,1.639,2.7724,4.0418
sec_contact_sym_mig	Round_3_Replicate_17	-27220.33	54450.66	80512.81	3485.82	3.3766,1.4229,0.9765,20.7817,1.0094
sec_contact_sym_mig	Round_3_Replicate_18	-62120.28	124250.56	183201.32	6300.8	2.6002,1.9343,0.5189,5.7726,0.7907
sec_contact_sym_mig	Round_3_Replicate_19	-38509.1	77028.2	94110.08	7657.94	1.9894,0.9411,0.7096,7.103,2.4292
sec_contact_sym_mig	Round_3_Replicate_20	-51890.2	103790.4	151342.09	7730.34	2.7365,1.2752,0.6142,2.697,2.3684
sec_contact_sym_mig	Round_3_Replicate_21	-48551.24	97112.48	149659.69	7242.36	1.4515,2.1313,0.8022,5.8183,1.6504
sec_contact_sym_mig	Round_3_Replicate_22	-69456.62	138923.24	153945.51	5988.46	0.7766,1.942,0.6833,19.4462,3.0466
sec_contact_sym_mig	Round_3_Replicate_23	-29805.29	59620.58	175384.35	4451.79	1.3965,1.0092,1.8404,28.2165,2.0364
sec_contact_sym_mig	Round_3_Replicate_24	-52396.73	104803.46	141435.79	11046.66	1.6698,0.9236,0.7087,2.1728,1.3719
sec_contact_sym_mig	Round_3_Replicate_25	-57034.14	114078.28	118391.47	5836.94	1.4394,1.7738,0.7059,11.1278,0.7118
sec_contact_sym_mig	Round_3_Replicate_26	-65559.71	131129.42	1659840.67	10184.73	0.9981,2.1862,2.6787,3.0309,0.4722
sec_contact_sym_mig	Round_3_Replicate_27	-37181.1	74372.2	83346.12	4709.95	1.8033,1.7437,0.5919,26.3203,5.015
sec_contact_sym_mig	Round_3_Replicate_28	-81875.06	163760.12	222060.64	12373.14	0.6458,0.5619,0.5469,11.0057,2.6043
sec_contact_sym_mig	Round_3_Replicate_29	-23719.62	47449.24	55748.02	10327.6	0.6517,0.3155,2.8273,29.5841,1.7735
sec_contact_sym_mig	Round_3_Replicate_30	-125965.88	251941.76	383848.36	19424.86	0.3466,0.9459,0.5427,5.0707,8.1877
sec_contact_sym_mig	Round_4_Replicate_1	-22986.26	45982.52	64240.91	11688.5	0.5742,0.2705,3.8414,19.1689,1.2318
sec_contact_sym_mig	Round_4_Replicate_2	-25734.11	51478.22	53190.09	6880.61	0.6463,0.3825,2.2333,20.8537,0.9625
sec_contact_sym_mig	Round_4_Replicate_3	-24000.05	48010.1	88325.75	13557.38	0.6567,0.2533,4.4514,28.3322,1.7785
sec_contact_sym_mig	Round_4_Replicate_4	-21652.33	43314.66	60620.63	6257.3	0.9639,0.3398,2.8047,21.7728,1.0019
sec_contact_sym_mig	Round_4_Replicate_5	-30793.52	61597.04	148123.26	13768.69	1.1533,0.2612,4.1606,29.8544,2.5555
sec_contact_sym_mig	Round_4_Replicate_6	-23404.44	46818.88	95141.36	11675.74	0.618,0.25,4.8861,28.0679,1.4834
sec_contact_sym_mig	Round_4_Replicate_7	-23756.03	47522.06	54793.41	6168.24	0.9273,0.4944,1.9248,19.772,1.0991
sec_contact_sym_mig	Round_4_Replicate_8	-24316.8	48643.6	74761.95	16325.01	0.5132,0.2452,4.4776,22.9797,1.6049
sec_contact_sym_mig	Round_4_Replicate_9	-26416.2	52842.4	72110.97	12294.0	0.6802,0.408,2.6895,25.0143,2.2926
sec_contact_sym_mig	Round_4_Replicate_10	-22777.78	45565.56	78516.72	6990.59	1.1172,0.3186,3.0965,23.9727,1.3531
sec_contact_sym_mig	Round_4_Replicate_11	-26996.94	54003.88	68335.9	9835.64	1.0388,0.517,1.7861,21.3301,2.7656
sec_contact_sym_mig	Round_4_Replicate_12	-24777.26	49564.52	77067.43	9973.43	1.0006,0.2353,3.6308,29.9095,1.7457
sec_contact_sym_mig	Round_4_Replicate_13	-24574.86	49159.72	70897.38	13473.94	0.6793,0.3042,3.3421,22.6029,1.9015
sec_contact_sym_mig	Round_4_Replicate_14	-23202.16	46414.32	62163.55	12926.53	0.5655,0.257,3.8269,29.4682,1.6665
sec_contact_sym_mig	Round_4_Replicate_15	-28496.61	57003.22	121757.15	14563.41	0.9599,0.2486,4.2664,25.4837,2.1956
sec_contact_sym_mig	Round_4_Replicate_16	-24567.05	49144.1	111236.2	7535.49	0.7928,0.3957,3.5781,19.6578,1.1081
sec_contact_sym_mig	Round_4_Replicate_17	-24610.96	49231.92	52588.66	8255.32	0.6324,0.3379,2.4758,27.228,1.422
sec_contact_sym_mig	Round_4_Replicate_18	-24056.93	48123.86	54402.41	5271.12	0.8082,0.4546,2.1466,25.411,0.9949
sec_contact_sym_mig	Round_4_Replicate_19	-22276.44	44562.88	54229.25	5810.85	1.1149,0.458,1.9996,19.3297,1.0012
sec_contact_sym_mig	Round_4_Replicate_20	-25548.36	51106.72	96324.98	9929.5	1.1111,0.3767,2.8758,18.8217,1.9681
sec_contact_sym_mig	Round_4_Replicate_21	-26291.61	52593.22	75982.42	13830.9	0.7569,0.3535,2.8876,21.4625,2.3108
sec_contact_sym_mig	Round_4_Replicate_22	-21633.58	43277.16	68217.64	6746.59	0.8379,0.2881,3.5318,24.4033,1.0289
sec_contact_sym_mig	Round_4_Replicate_23	-22375.25	44760.5	73800.64	4818.37	1.2313,0.2949,3.1349,29.9818,1.0218
sec_contact_sym_mig	Round_4_Replicate_24	-25797.4	51604.8	126700.48	8920.23	1.1721,0.2723,4.0599,24.4723,1.5983
sec_contact_sym_mig	Round_4_Replicate_25	-26711.91	53433.82	66842.91	11967.34	0.9491,0.3002,2.4799,23.8399,2.2591
sec_contact_sym_mig	Round_4_Replicate_26	-22266.19	44542.38	70761.01	6441.56	1.1036,0.3869,2.6167,29.8385,1.6964
sec_contact_sym_mig	Round_4_Replicate_27	-30450.95	60911.9	69092.64	15528.27	0.6358,0.3834,2.1815,17.8433,2.3631
sec_contact_sym_mig	Round_4_Replicate_28	-33758.22	67526.44	163401.41	15453.77	0.7436,0.5178,3.0936,14.7857,2.9472
sec_contact_sym_mig	Round_4_Replicate_29	-24176.29	48362.58	59340.24	7528.2	1.0119,0.4953,1.8742,23.9833,2.0129
sec_contact_sym_mig	Round_4_Replicate_30	-33128.4	66266.8	144733.72	18412.17	0.8995,0.3042,3.8039,23.0683,3.1131
sec_contact_sym_mig	Round_4_Replicate_31	-35332.12	70674.24	84719.31	26039.35	0.469,0.3054,2.8745,13.8839,2.5047
sec_contact_sym_mig	Round_4_Replicate_32	-25964.46	51938.92	149438.9	7878.75	0.769,0.3823,4.1252,18.4274,1.0387
sec_contact_sym_mig	Round_4_Replicate_33	-25736.73	51483.46	78715.27	15156.2	0.6671,0.3066,3.4651,20.3064,1.9977
sec_contact_sym_mig	Round_4_Replicate_34	-23453.68	46917.36	89055.12	5594.88	1.4268,0.5696,2.0673,22.1458,1.5724
sec_contact_sym_mig	Round_4_Replicate_35	-22967.39	45944.78	90321.19	5875.89	1.2557,0.4477,2.5657,28.6447,1.7166
sec_contact_sym_mig	Round_4_Replicate_36	-35290.32	70590.64	70755.53	11813.17	0.491,0.3646,1.8772,29.4321,1.9719
sec_contact_sym_mig	Round_4_Replicate_37	-24506.59	49023.18	79724.95	14328.65	0.5395,0.2797,4.2229,22.9942,1.6161
sec_contact_sym_mig	Round_4_Replicate_38	-22261.66	44533.32	68944.8	11917.41	0.583,0.2172,4.6876,28.8422,1.3788
sec_contact_sym_mig	Round_4_Replicate_39	-28586.88	57183.76	59152.69	10429.58	0.5604,0.3733,2.224,24.2775,1.6668
sec_contact_sym_mig	Round_4_Replicate_40	-22344.66	44699.32	64054.02	7058.49	0.9416,0.4,2.5965,16.8659,0.9669
