Model	Replicate	log-likelihood	AIC	chi-squared	theta	optimized_params(nu1, nu2, m, T1, T2)
sec_contact_sym_mig	Round_1_Replicate_1	-57805.38	115620.76	155645.18	10399.39	0.7702,1.6278,1.088,6.5926,3.3626
sec_contact_sym_mig	Round_1_Replicate_2	-108115.14	216240.28	618909.9	12298.01	2.6447,4.1579,0.4269,0.3779,0.1476
sec_contact_sym_mig	Round_1_Replicate_3	-26997.31	54004.62	56216.52	28242.55	0.4216,0.1449,4.9966,1.7627,0.1875
sec_contact_sym_mig	Round_1_Replicate_4	-62366.76	124743.52	872073.29	16316.19	0.7151,1.1837,5.2371,1.5301,0.1426
sec_contact_sym_mig	Round_1_Replicate_5	-128623.29	257256.58	916593.34	9186.0	4.228,5.385,0.2037,0.1848,0.6117
sec_contact_sym_mig	Round_1_Replicate_6	-277443.21	554896.42	2377425.11	21665.07	0.1602,0.6503,0.2127,0.7354,8.4343
sec_contact_sym_mig	Round_1_Replicate_7	-105925.99	211861.98	10612210.9	11213.27	1.087,3.6023,3.5855,1.1349,0.2962
sec_contact_sym_mig	Round_1_Replicate_8	-80767.61	161545.22	474690.78	13240.48	4.0435,0.4139,2.5635,0.1779,1.2389
sec_contact_sym_mig	Round_1_Replicate_9	-148710.65	297431.3	875608.93	4769.44	6.4041,7.4205,0.1349,0.5457,2.0225
sec_contact_sym_mig	Round_1_Replicate_10	-142593.59	285197.18	504082.39	17117.77	0.4056,1.7631,0.4467,0.4391,1.1417
sec_contact_sym_mig	Round_2_Replicate_1	-144379.06	288768.12	743444.89	24927.64	0.465,0.1083,1.8481,2.2578,0.0989
sec_contact_sym_mig	Round_2_Replicate_2	-60142.09	120294.18	304595.08	26225.39	0.172,0.5563,6.4205,2.4496,0.4121
sec_contact_sym_mig	Round_2_Replicate_3	-73919.04	147848.08	207342.6	35091.17	0.2222,0.1095,2.1709,2.7518,0.4813
sec_contact_sym_mig	Round_2_Replicate_4	-90024.07	180058.14	207248.96	30111.41	0.1552,0.5576,2.4704,1.6889,0.5836
sec_contact_sym_mig	Round_2_Replicate_5	-66127.68	132265.36	220146.51	17511.23	1.3336,0.1137,2.5109,2.0128,0.1626
sec_contact_sym_mig	Round_2_Replicate_6	-28248.93	56507.86	76697.13	32163.91	0.4625,0.1636,5.541,1.0576,0.259
sec_contact_sym_mig	Round_2_Replicate_7	-64199.96	128409.92	838227.08	37190.54	1.4566,0.0989,14.6165,0.7185,0.6461
sec_contact_sym_mig	Round_2_Replicate_8	-91309.1	182628.2	369181.32	27891.86	0.8203,0.1097,1.5244,0.5353,0.2744
sec_contact_sym_mig	Round_2_Replicate_9	-48854.58	97719.16	128766.57	14087.6	1.161,0.0596,5.3737,4.5501,0.1177
sec_contact_sym_mig	Round_2_Replicate_10	-211229.52	422469.04	1712082.08	48888.92	0.1971,0.0468,1.6751,0.778,0.069
sec_contact_sym_mig	Round_2_Replicate_11	-35512.96	71035.92	492437.12	13069.97	0.5057,0.3024,8.2115,7.0615,0.4034
sec_contact_sym_mig	Round_2_Replicate_12	-48016.82	96043.64	107990.24	58993.65	0.1519,0.1025,4.7042,0.4812,0.2048
sec_contact_sym_mig	Round_2_Replicate_13	-65411.33	130832.66	193092.86	14824.04	0.4857,0.0602,3.2855,7.2764,0.3347
sec_contact_sym_mig	Round_2_Replicate_14	-24493.38	48996.76	57251.96	41213.41	0.2466,0.1065,8.8484,1.0316,0.1402
sec_contact_sym_mig	Round_2_Replicate_15	-117244.1	234498.2	375034.8	26435.34	0.2198,0.558,3.2047,1.6204,0.085
sec_contact_sym_mig	Round_2_Replicate_16	-29232.46	58474.92	94843.18	34977.26	0.3861,0.1564,6.6145,2.613,0.6858
sec_contact_sym_mig	Round_2_Replicate_17	-32450.23	64910.46	76842.59	18972.29	0.4824,0.4089,2.8915,3.0149,0.4009
sec_contact_sym_mig	Round_2_Replicate_18	-156386.0	312782.0	987507.38	39159.58	0.2328,0.2266,2.4113,0.8265,0.0663
sec_contact_sym_mig	Round_2_Replicate_19	-52483.38	104976.76	148595.23	36957.05	0.3405,0.0505,5.5025,2.2639,0.3273
sec_contact_sym_mig	Round_2_Replicate_20	-54579.78	109169.56	483456.55	32389.03	0.1783,0.4571,9.104,1.5533,0.3739
sec_contact_sym_mig	Round_3_Replicate_1	-54638.38	109286.76	254436.65	21208.87	0.155,0.3698,7.7426,3.8453,0.2291
sec_contact_sym_mig	Round_3_Replicate_2	-22865.2	45740.4	53225.06	31913.58	0.2586,0.096,9.0003,2.1078,0.1696
sec_contact_sym_mig	Round_3_Replicate_3	-35192.61	70395.22	89680.63	88709.33	0.1187,0.0979,11.3955,0.412,0.3539
sec_contact_sym_mig	Round_3_Replicate_4	-26147.51	52305.02	65070.43	48136.95	0.2417,0.0955,8.8953,0.7801,0.2028
sec_contact_sym_mig	Round_3_Replicate_5	-37326.83	74663.66	97419.82	33283.91	0.495,0.2245,3.6799,0.2232,0.2665
sec_contact_sym_mig	Round_3_Replicate_6	-34946.36	69902.72	248116.94	27940.77	0.4403,0.2896,6.5621,1.3417,0.3103
sec_contact_sym_mig	Round_3_Replicate_7	-27330.2	54670.4	81744.2	50664.34	0.2382,0.1125,9.5617,0.4258,0.1782
sec_contact_sym_mig	Round_3_Replicate_8	-21559.08	43128.16	51894.75	37715.47	0.0884,0.0326,27.3605,3.3519,0.0986
sec_contact_sym_mig	Round_3_Replicate_9	-23351.91	46713.82	66596.84	65640.24	0.1299,0.0527,18.7203,0.9643,0.1567
sec_contact_sym_mig	Round_3_Replicate_10	-43062.93	86135.86	107254.83	34305.8	0.1871,0.0434,7.3808,3.597,0.2298
sec_contact_sym_mig	Round_3_Replicate_11	-72211.02	144432.04	154227.15	51147.75	0.1152,0.2528,4.0571,0.2564,0.1988
sec_contact_sym_mig	Round_3_Replicate_12	-28475.8	56961.6	110779.16	94225.3	0.1284,0.0583,20.8408,0.3754,0.2286
sec_contact_sym_mig	Round_3_Replicate_13	-26682.09	53374.18	71602.65	22382.3	0.5545,0.2528,4.8123,2.1899,0.2097
sec_contact_sym_mig	Round_3_Replicate_14	-35052.65	70115.3	242060.18	32534.82	0.2864,0.2385,8.6392,1.8665,0.4241
sec_contact_sym_mig	Round_3_Replicate_15	-35121.9	70253.8	113515.13	40993.39	0.2239,0.2201,8.3204,0.6964,0.1144
sec_contact_sym_mig	Round_3_Replicate_16	-30448.1	60906.2	107107.97	36746.89	0.3995,0.1835,8.3978,0.4185,0.097
sec_contact_sym_mig	Round_3_Replicate_17	-41198.92	82407.84	274276.75	44495.27	0.1789,0.227,12.2707,0.5665,0.0957
sec_contact_sym_mig	Round_3_Replicate_18	-34728.28	69466.56	75189.04	30672.07	0.4,0.2165,3.2428,1.2045,0.279
sec_contact_sym_mig	Round_3_Replicate_19	-31100.62	62211.24	77611.35	46380.43	0.238,0.1574,6.747,0.2195,0.1586
sec_contact_sym_mig	Round_3_Replicate_20	-25833.69	51677.38	68614.52	32987.98	0.4431,0.133,7.1631,1.0819,0.1587
sec_contact_sym_mig	Round_3_Replicate_21	-34122.18	68254.36	97126.08	33172.11	0.2374,0.2282,7.1902,1.4048,0.1405
sec_contact_sym_mig	Round_3_Replicate_22	-23479.94	46969.88	64860.28	52607.61	0.1138,0.0607,18.1963,1.539,0.1432
sec_contact_sym_mig	Round_3_Replicate_23	-43434.99	86879.98	113682.36	28747.08	0.8245,0.0692,7.0665,1.0807,0.2001
sec_contact_sym_mig	Round_3_Replicate_24	-50896.53	101803.06	991952.19	35849.23	0.2427,0.3614,11.7943,0.6582,0.1314
sec_contact_sym_mig	Round_3_Replicate_25	-58117.14	116244.28	127595.15	39597.5	0.2007,0.3514,3.3281,0.4178,0.2677
sec_contact_sym_mig	Round_3_Replicate_26	-54815.83	109641.66	115956.96	20297.65	0.2888,0.1546,2.923,3.9239,0.1993
sec_contact_sym_mig	Round_3_Replicate_27	-26361.19	52732.38	59107.46	18266.1	0.681,0.2806,3.2014,3.0063,0.3231
sec_contact_sym_mig	Round_3_Replicate_28	-21685.86	43381.72	65826.41	27603.79	0.2063,0.0659,14.9919,3.7552,0.17
sec_contact_sym_mig	Round_3_Replicate_29	-41898.63	83807.26	104252.55	37826.11	0.4066,0.1716,3.1078,0.3661,0.3109
sec_contact_sym_mig	Round_3_Replicate_30	-44113.28	88236.56	97112.07	56951.29	0.1755,0.1397,4.598,0.3878,0.2952
sec_contact_sym_mig	Round_4_Replicate_1	-21616.78	43243.56	59249.28	26059.4	0.1178,0.0341,26.5395,5.2844,0.1099
sec_contact_sym_mig	Round_4_Replicate_2	-22141.13	44292.26	60377.26	19142.04	0.1267,0.0319,26.8386,7.9867,0.113
sec_contact_sym_mig	Round_4_Replicate_3	-21870.12	43750.24	59304.08	40050.0	0.0961,0.0354,28.1913,2.392,0.0811
sec_contact_sym_mig	Round_4_Replicate_4	-21308.11	42626.22	57034.12	34440.13	0.1071,0.0396,24.2685,4.3499,0.1372
sec_contact_sym_mig	Round_4_Replicate_5	-22779.01	45568.02	49300.58	41404.67	0.0732,0.0298,28.8001,2.3796,0.0676
sec_contact_sym_mig	Round_4_Replicate_6	-21626.13	43262.26	69824.22	30025.78	0.1497,0.0454,22.2126,4.0034,0.135
sec_contact_sym_mig	Round_4_Replicate_7	-21301.58	42613.16	58897.74	46960.43	0.0965,0.0322,29.0681,2.5876,0.1096
sec_contact_sym_mig	Round_4_Replicate_8	-21182.9	42375.8	57469.82	38694.2	0.0959,0.0319,28.9797,5.6432,0.1549
sec_contact_sym_mig	Round_4_Replicate_9	-21442.79	42895.58	55921.42	25481.45	0.107,0.0373,25.1542,6.0391,0.1228
sec_contact_sym_mig	Round_4_Replicate_10	-22638.48	45286.96	49525.24	22333.16	0.0894,0.0318,25.9673,6.0079,0.0861
sec_contact_sym_mig	Round_4_Replicate_11	-22110.69	44231.38	65588.39	68274.65	0.0927,0.0374,27.4433,2.2592,0.1671
sec_contact_sym_mig	Round_4_Replicate_12	-21352.34	42714.68	55530.64	39366.81	0.1017,0.0331,27.0292,3.1268,0.1069
sec_contact_sym_mig	Round_4_Replicate_13	-21315.71	42641.42	56321.65	31328.87	0.1083,0.0362,25.4822,4.5567,0.1211
sec_contact_sym_mig	Round_4_Replicate_14	-22122.77	44255.54	50527.31	63335.21	0.078,0.0309,26.7585,2.0464,0.1201
sec_contact_sym_mig	Round_4_Replicate_15	-21266.08	42542.16	60981.12	28844.45	0.1204,0.0389,24.6495,5.6473,0.1455
sec_contact_sym_mig	Round_4_Replicate_16	-22230.13	44470.26	48787.31	44603.55	0.0787,0.0271,27.7591,5.0792,0.1402
sec_contact_sym_mig	Round_4_Replicate_17	-21504.38	43018.76	51863.6	35498.85	0.0945,0.0339,25.9845,3.7377,0.1072
sec_contact_sym_mig	Round_4_Replicate_18	-21465.82	42941.64	53540.81	27067.43	0.0918,0.0318,28.3331,6.2364,0.1153
sec_contact_sym_mig	Round_4_Replicate_19	-24742.21	49494.42	54248.61	23385.28	0.084,0.0387,24.469,4.8721,0.0723
sec_contact_sym_mig	Round_4_Replicate_20	-21249.3	42508.6	57707.13	36787.59	0.1021,0.0319,28.3114,5.0968,0.1427
sec_contact_sym_mig	Round_4_Replicate_21	-23683.64	47377.28	74808.04	22972.01	0.1439,0.039,26.1475,4.5719,0.0818
sec_contact_sym_mig	Round_4_Replicate_22	-21786.19	43582.38	53924.74	41062.82	0.127,0.0416,21.1158,2.0528,0.0968
sec_contact_sym_mig	Round_4_Replicate_23	-21283.75	42577.5	59195.39	40441.13	0.1045,0.0373,25.9141,3.4379,0.1303
sec_contact_sym_mig	Round_4_Replicate_24	-21456.55	42923.1	66442.81	34291.62	0.1084,0.0356,28.5496,3.8538,0.1131
sec_contact_sym_mig	Round_4_Replicate_25	-21530.84	43071.68	62493.98	32219.33	0.1445,0.0417,22.0929,3.8254,0.1357
sec_contact_sym_mig	Round_4_Replicate_26	-24535.98	49081.96	71135.02	28998.74	0.1363,0.034,28.197,3.1524,0.0654
sec_contact_sym_mig	Round_4_Replicate_27	-23698.27	47406.54	51845.99	35804.1	0.0791,0.0344,26.5819,2.6884,0.0657
sec_contact_sym_mig	Round_4_Replicate_28	-21267.86	42545.72	54381.28	35517.75	0.0986,0.0334,26.7711,4.6556,0.1308
sec_contact_sym_mig	Round_4_Replicate_29	-22691.79	45393.58	54842.8	19737.21	0.0872,0.032,29.3453,6.7731,0.0792
sec_contact_sym_mig	Round_4_Replicate_30	-21422.2	42854.4	60913.71	41764.1	0.1185,0.0392,24.3921,2.5174,0.1145
sec_contact_sym_mig	Round_4_Replicate_31	-21515.44	43040.88	52906.18	46525.66	0.0899,0.0298,29.0101,2.2286,0.0877
sec_contact_sym_mig	Round_4_Replicate_32	-23669.57	47349.14	51016.2	32063.96	0.0624,0.0318,28.6295,5.7642,0.1076
sec_contact_sym_mig	Round_4_Replicate_33	-21570.23	43150.46	60443.97	37623.94	0.0965,0.0378,27.0619,3.3373,0.11
sec_contact_sym_mig	Round_4_Replicate_34	-21284.49	42578.98	57167.04	35253.73	0.1267,0.0442,21.0267,4.2482,0.1637
sec_contact_sym_mig	Round_4_Replicate_35	-22280.15	44570.3	58922.14	16360.99	0.1077,0.032,28.6044,8.8271,0.0931
sec_contact_sym_mig	Round_4_Replicate_36	-21789.93	43589.86	57788.59	51423.99	0.1197,0.0441,20.9296,1.9452,0.1412
sec_contact_sym_mig	Round_4_Replicate_37	-21335.48	42680.96	53429.94	34597.24	0.1037,0.0374,24.1063,4.4579,0.1352
sec_contact_sym_mig	Round_4_Replicate_38	-21700.69	43411.38	57619.5	25482.4	0.1153,0.0309,27.3363,7.0732,0.1327
sec_contact_sym_mig	Round_4_Replicate_39	-21619.71	43249.42	51837.96	50027.33	0.0878,0.0286,28.7069,2.3922,0.1011
sec_contact_sym_mig	Round_4_Replicate_40	-21231.38	42472.76	60852.15	33230.52	0.1006,0.0321,29.6745,5.6985,0.138
