Model	Replicate	log-likelihood	AIC	chi-squared	theta	optimized_params(nu, T)
growth	Round_1_Replicate_1	-35047.28	70098.56	63355.1	400757.71	0.3923,1.5006
growth	Round_1_Replicate_2	-77265.61	154535.22	138508.59	172833.57	1.3354,0.9965
growth	Round_1_Replicate_3	-33129.16	66262.32	60126.84	389441.28	0.392,1.3289
growth	Round_1_Replicate_4	-104389.76	208783.52	186045.82	176886.25	2.4682,0.1173
growth	Round_1_Replicate_5	-88860.91	177725.82	160732.2	94189.02	2.5891,6.0191
growth	Round_1_Replicate_6	-56334.86	112673.72	100283.06	205181.6	0.9559,0.9371
growth	Round_1_Replicate_7	-36544.23	73092.46	65835.79	304339.94	0.5253,1.2215
growth	Round_1_Replicate_8	-42910.3	85824.6	76730.98	294679.72	0.5875,1.7606
growth	Round_1_Replicate_9	-52554.05	105112.1	93565.81	851386.29	0.2236,5.2223
growth	Round_1_Replicate_10	-84641.06	169286.12	152627.2	97834.55	2.433,6.3118
growth	Round_1_Replicate_11	-81863.34	163730.68	145761.73	186769.64	1.5596,0.1249
growth	Round_1_Replicate_12	-51438.0	102880.0	91595.63	270291.3	0.6974,3.2412
growth	Round_1_Replicate_13	-41371.68	82747.36	74005.83	240931.34	0.6985,0.7895
growth	Round_1_Replicate_14	-67758.72	135521.44	120976.58	156867.29	1.3641,3.9036
growth	Round_1_Replicate_15	-43172.92	86349.84	77203.67	923600.6	0.1886,2.2413
growth	Round_2_Replicate_1	-66946.08	133896.16	119347.86	193111.18	1.1326,0.3068
growth	Round_2_Replicate_2	-31522.98	63049.96	57506.01	665627.04	0.2243,1.3818
growth	Round_2_Replicate_3	-19088.82	38181.64	37547.44	614061.8	0.16,0.599
growth	Round_2_Replicate_4	-20764.37	41532.74	40071.0	624829.88	0.1783,0.7388
growth	Round_2_Replicate_5	-26314.9	52633.8	48962.38	740473.66	0.1818,1.0632
growth	Round_2_Replicate_6	-41107.29	82218.58	73656.88	588552.21	0.2891,2.221
growth	Round_2_Replicate_7	-32730.51	65465.02	59527.76	897974.93	0.1697,1.3829
growth	Round_2_Replicate_8	-28295.62	56595.24	52109.35	436214.01	0.3213,1.0931
growth	Round_2_Replicate_9	-25375.12	50754.24	47425.75	672260.32	0.1955,1.0168
growth	Round_2_Replicate_10	-22189.99	44383.98	42334.94	690835.46	0.172,0.8333
growth	Round_2_Replicate_11	-60075.89	120155.78	106994.06	190703.61	1.061,4.4137
growth	Round_2_Replicate_12	-59003.15	118010.3	105062.89	198314.68	1.0119,5.6218
growth	Round_2_Replicate_13	-39703.69	79411.38	71218.48	292975.36	0.5687,1.3964
growth	Round_2_Replicate_14	-15696.36	31396.72	30956.17	347248.59	0.2348,0.2894
growth	Round_2_Replicate_15	-40164.57	80333.14	71812.86	228374.99	0.7118,0.432
growth	Round_2_Replicate_16	-45467.64	90939.28	81162.64	452980.79	0.3935,2.8651
growth	Round_2_Replicate_17	-17338.89	34681.78	34353.78	412356.6	0.2075,0.3919
growth	Round_2_Replicate_18	-34298.08	68600.16	62148.04	1065216.75	0.1466,1.4037
growth	Round_2_Replicate_19	-46551.45	93106.9	82983.71	222061.93	0.7998,0.6499
growth	Round_2_Replicate_20	-38726.49	77456.98	69598.74	597101.85	0.2771,1.9609
growth	Round_2_Replicate_21	-16266.85	32537.7	31729.68	330992.11	0.2691,0.308
growth	Round_2_Replicate_22	-32753.39	65510.78	59562.83	833535.88	0.1828,1.41
growth	Round_2_Replicate_23	-30177.66	60359.32	55153.49	347841.67	0.4162,1.0122
growth	Round_2_Replicate_24	-25445.14	50894.28	46929.95	286385.35	0.4504,0.5006
growth	Round_2_Replicate_25	-24551.36	49106.72	45766.24	340398.17	0.3747,0.6864
growth	Round_2_Replicate_26	-33765.11	67534.22	61226.37	522780.67	0.2956,1.5316
growth	Round_2_Replicate_27	-36902.82	73809.64	66503.7	510474.52	0.3165,1.7838
growth	Round_2_Replicate_28	-39496.65	78997.3	70898.41	418492.35	0.3986,1.9501
growth	Round_2_Replicate_29	-37199.72	74403.44	67006.44	518641.39	0.3127,1.8136
growth	Round_2_Replicate_30	-59388.41	118780.82	105752.87	199735.16	1.0091,0.4087
growth	Round_3_Replicate_1	-7846.49	15696.98	15377.22	287201.71	0.1391,0.0713
growth	Round_3_Replicate_2	-18718.04	37440.08	35479.95	297090.66	0.3496,0.3248
growth	Round_3_Replicate_3	-17511.09	35026.18	34858.26	439240.42	0.1844,0.3815
growth	Round_3_Replicate_4	-13707.57	27419.14	27177.31	332911.32	0.2019,0.1998
growth	Round_3_Replicate_5	-16910.6	33825.2	33063.59	348797.0	0.2613,0.3516
growth	Round_3_Replicate_6	-12433.97	24871.94	23829.04	279735.75	0.258,0.1415
growth	Round_3_Replicate_7	-8682.44	17368.88	16949.85	285372.79	0.1656,0.0851
growth	Round_3_Replicate_8	-14101.13	28206.26	27933.57	335052.56	0.2098,0.2158
growth	Round_3_Replicate_9	-9197.98	18399.96	17905.97	284188.18	0.1806,0.093
growth	Round_3_Replicate_10	-6260.78	12525.56	12149.24	274722.97	0.1017,0.0417
growth	Round_3_Replicate_11	-13624.04	27252.08	26860.45	321648.53	0.2234,0.2051
growth	Round_3_Replicate_12	-15250.9	30505.8	29809.71	322312.09	0.2598,0.2626
growth	Round_3_Replicate_13	-6969.96	13943.92	13509.97	275096.6	0.1245,0.0519
growth	Round_3_Replicate_14	-10247.24	20498.48	20037.95	292013.5	0.1958,0.1162
growth	Round_3_Replicate_15	-9986.14	19976.28	19261.61	278275.96	0.205,0.0994
growth	Round_3_Replicate_16	-19258.39	38520.78	38385.13	1476297.42	0.0598,0.4674
growth	Round_3_Replicate_17	-16349.52	32703.04	31533.07	309080.04	0.2977,0.2822
growth	Round_3_Replicate_18	-16286.11	32576.22	30757.71	277360.7	0.3315,0.2072
growth	Round_3_Replicate_19	-6474.34	12952.68	12675.91	283753.33	0.1016,0.0481
growth	Round_3_Replicate_20	-21351.23	42706.46	41101.4	976254.74	0.1172,0.7509
growth	Round_3_Replicate_21	-20551.5	41107.0	39656.45	529342.75	0.2087,0.7028
growth	Round_3_Replicate_22	-17899.99	35803.98	35500.25	460040.67	0.1897,0.4429
growth	Round_3_Replicate_23	-6980.84	13965.68	13346.61	264401.83	0.109,0.0371
growth	Round_3_Replicate_24	-13868.76	27741.52	26724.49	291218.29	0.2747,0.1891
growth	Round_3_Replicate_25	-7964.83	15933.66	15398.97	275172.04	0.1537,0.0659
growth	Round_3_Replicate_26	-14527.33	29058.66	28551.88	324625.48	0.2404,0.2376
growth	Round_3_Replicate_27	-10234.97	20473.94	20101.39	296916.14	0.1866,0.117
growth	Round_3_Replicate_28	-6669.01	13342.02	12940.53	275393.89	0.1151,0.048
growth	Round_3_Replicate_29	-45491.56	90987.12	81113.38	220953.09	0.7902,0.5213
growth	Round_3_Replicate_30	-9011.53	18027.06	17688.9	292101.18	0.1633,0.0925
growth	Round_3_Replicate_31	-15332.91	30669.82	30182.41	337338.71	0.2401,0.2719
growth	Round_3_Replicate_32	-18909.61	37823.22	37419.23	696453.78	0.1348,0.5679
growth	Round_3_Replicate_33	-20244.21	40492.42	39321.43	704715.84	0.153,0.7045
growth	Round_3_Replicate_34	-10083.55	20171.1	19970.42	312502.09	0.1362,0.0968
growth	Round_3_Replicate_35	-31582.08	63168.16	57148.97	255034.25	0.567,0.4887
growth	Round_3_Replicate_36	-25236.14	50476.28	47201.21	672998.59	0.1946,1.0089
growth	Round_3_Replicate_37	-24628.73	49261.46	46244.72	776646.77	0.1659,0.9657
growth	Round_3_Replicate_38	-10930.41	21864.82	21565.45	306003.61	0.1852,0.1306
growth	Round_3_Replicate_39	-16159.24	32322.48	30466.9	274841.87	0.3312,0.197
growth	Round_3_Replicate_40	-18052.13	36108.26	35665.13	452202.84	0.2013,0.4673
growth	Round_3_Replicate_41	-20139.43	40282.86	39167.82	712977.91	0.1502,0.6963
growth	Round_3_Replicate_42	-13220.6	26445.2	25568.58	292396.19	0.2607,0.1769
growth	Round_3_Replicate_43	-15626.18	31256.36	30761.71	341880.04	0.2407,0.286
growth	Round_3_Replicate_44	-9539.32	19082.64	18797.2	298768.59	0.1634,0.1014
growth	Round_3_Replicate_45	-16459.59	32923.18	30345.4	249317.32	0.3171,0.1008
growth	Round_3_Replicate_46	-14629.6	29263.2	28648.86	319304.43	0.2509,0.2393
growth	Round_3_Replicate_47	-26450.09	52904.18	49183.51	750237.04	0.18,1.0692
growth	Round_3_Replicate_48	-4734.54	9473.08	9154.28	269607.13	0.0403,0.0156
growth	Round_3_Replicate_49	-9387.54	18779.08	18391.23	291084.58	0.1754,0.0995
growth	Round_3_Replicate_50	-51071.23	102146.46	90929.29	211453.59	0.8777,0.5329
growth	Round_4_Replicate_1	-4244.48	8492.96	8253.78	276444.79	0.0231,0.0104
growth	Round_4_Replicate_2	-4239.76	8483.52	8244.16	276376.77	0.0229,0.0103
growth	Round_4_Replicate_3	-4240.05	8484.1	8246.71	276853.27	0.0225,0.0102
growth	Round_4_Replicate_4	-4231.69	8467.38	8226.49	275997.49	0.0225,0.01
growth	Round_4_Replicate_5	-4234.08	8472.16	8227.69	275296.5	0.0228,0.01
growth	Round_4_Replicate_6	-4235.77	8475.54	8234.69	276025.06	0.0228,0.0102
growth	Round_4_Replicate_7	-4243.37	8490.74	8245.62	275230.17	0.0234,0.0103
growth	Round_4_Replicate_8	-4239.23	8482.46	8244.56	276721.27	0.0226,0.0102
growth	Round_4_Replicate_9	-4244.42	8492.84	8251.06	275880.58	0.0235,0.0104
growth	Round_4_Replicate_10	-4233.28	8470.56	8230.88	276271.34	0.0225,0.0101
growth	Round_4_Replicate_11	-4235.47	8474.94	8233.35	275870.19	0.0228,0.0101
growth	Round_4_Replicate_12	-4252.65	8509.3	8263.42	275145.36	0.0241,0.0106
growth	Round_4_Replicate_13	-4238.79	8481.58	8245.6	277223.04	0.022,0.01
growth	Round_4_Replicate_14	-4232.77	8469.54	8227.85	275834.22	0.0226,0.01
growth	Round_4_Replicate_15	-4232.23	8468.46	8228.34	276167.54	0.0224,0.01
growth	Round_4_Replicate_16	-4236.61	8477.22	8238.75	276564.77	0.0225,0.0101
growth	Round_4_Replicate_17	-4232.55	8469.1	8229.52	276287.19	0.0224,0.01
growth	Round_4_Replicate_18	-4240.5	8485.0	8239.97	275229.77	0.0232,0.0102
growth	Round_4_Replicate_19	-4247.56	8499.12	8257.38	275909.38	0.0236,0.0105
growth	Round_4_Replicate_20	-4235.23	8474.46	8235.58	276462.6	0.0225,0.0101
growth	Round_4_Replicate_21	-4234.47	8472.94	8235.36	276772.32	0.0222,0.01
growth	Round_4_Replicate_22	-4237.71	8479.42	8238.72	276071.71	0.0229,0.0102
growth	Round_4_Replicate_23	-4252.33	8508.66	8269.73	276551.22	0.0235,0.0106
growth	Round_4_Replicate_24	-4237.37	8478.74	8231.74	274854.76	0.023,0.01
growth	Round_4_Replicate_25	-4237.1	8478.2	8241.29	276960.33	0.0222,0.0101
growth	Round_4_Replicate_26	-4249.19	8502.38	8262.4	276293.66	0.0235,0.0105
growth	Round_4_Replicate_27	-4231.77	8467.54	8226.84	276035.26	0.0225,0.01
growth	Round_4_Replicate_28	-4248.73	8501.46	8259.91	275957.52	0.0237,0.0106
growth	Round_4_Replicate_29	-4254.39	8512.78	8261.99	274317.77	0.0239,0.0103
growth	Round_4_Replicate_30	-4235.41	8474.82	8236.13	276509.11	0.0225,0.0101
growth	Round_4_Replicate_31	-4248.56	8501.12	8260.2	276089.25	0.0236,0.0105
growth	Round_4_Replicate_32	-4234.93	8473.86	8233.61	276152.76	0.0227,0.0101
growth	Round_4_Replicate_33	-4234.1	8472.2	8230.16	275768.65	0.0227,0.0101
growth	Round_4_Replicate_34	-4243.18	8490.36	8248.73	275905.79	0.0234,0.0104
growth	Round_4_Replicate_35	-4232.71	8469.42	8227.54	275794.74	0.0226,0.01
growth	Round_4_Replicate_36	-4235.76	8475.52	8232.09	275506.18	0.0229,0.0101
growth	Round_4_Replicate_37	-4244.98	8493.96	8252.4	275931.35	0.0235,0.0104
growth	Round_4_Replicate_38	-4243.48	8490.96	8254.21	277040.13	0.0225,0.0102
growth	Round_4_Replicate_39	-4240.02	8484.04	8236.11	274705.24	0.0231,0.0101
growth	Round_4_Replicate_40	-4235.43	8474.86	8235.52	276359.04	0.0226,0.0101
growth	Round_4_Replicate_41	-4237.48	8478.96	8232.24	274902.67	0.023,0.01
growth	Round_4_Replicate_42	-4247.54	8499.08	8258.03	276056.34	0.0236,0.0105
growth	Round_4_Replicate_43	-4249.9	8503.8	8266.31	276886.56	0.0231,0.0105
growth	Round_4_Replicate_44	-4245.32	8494.64	8258.21	277136.91	0.0225,0.0103
growth	Round_4_Replicate_45	-4232.9	8469.8	8227.48	275708.84	0.0226,0.01
growth	Round_4_Replicate_46	-4241.1	8486.2	8249.71	277090.54	0.0223,0.0101
growth	Round_4_Replicate_47	-4242.62	8489.24	8248.7	276132.41	0.0232,0.0104
growth	Round_4_Replicate_48	-4241.07	8486.14	8248.12	276700.01	0.0227,0.0103
growth	Round_4_Replicate_49	-4233.81	8471.62	8229.83	275819.03	0.0227,0.0101
growth	Round_4_Replicate_50	-4248.04	8500.08	8261.83	276686.72	0.0232,0.0105
growth	Round_4_Replicate_51	-4233.73	8471.46	8230.67	276027.37	0.0226,0.0101
growth	Round_4_Replicate_52	-4236.67	8477.34	8236.11	275951.51	0.0229,0.0102
growth	Round_4_Replicate_53	-4232.0	8468.0	8226.58	275886.89	0.0225,0.01
growth	Round_4_Replicate_54	-4235.13	8474.26	8233.83	276113.02	0.0227,0.0101
growth	Round_4_Replicate_55	-4232.92	8469.84	8227.19	275640.76	0.0226,0.01
growth	Round_4_Replicate_56	-4246.56	8497.12	8256.6	276161.24	0.0235,0.0105
growth	Round_4_Replicate_57	-4263.22	8530.44	8289.1	276093.58	0.0244,0.0109
growth	Round_4_Replicate_58	-4234.7	8473.4	8234.57	276470.33	0.0225,0.0101
growth	Round_4_Replicate_59	-4231.72	8467.44	8226.81	276051.06	0.0225,0.01
growth	Round_4_Replicate_60	-4233.83	8471.66	8232.07	276292.92	0.0225,0.0101
growth	Round_4_Replicate_61	-4286.47	8576.94	8330.38	275246.09	0.026,0.0114
growth	Round_4_Replicate_62	-4244.18	8492.36	8244.93	274818.61	0.0234,0.0102
growth	Round_4_Replicate_63	-4268.47	8540.94	8292.61	274815.41	0.025,0.0109
growth	Round_4_Replicate_64	-4232.25	8468.5	8229.54	276426.27	0.0223,0.01
growth	Round_4_Replicate_65	-4234.02	8472.04	8231.2	276020.08	0.0227,0.0101
growth	Round_4_Replicate_66	-4232.94	8469.88	8228.13	275823.93	0.0226,0.01
growth	Round_4_Replicate_67	-4232.39	8468.78	8228.23	276073.38	0.0225,0.01
growth	Round_4_Replicate_68	-4239.42	8482.84	8239.31	275504.64	0.0232,0.0102
growth	Round_4_Replicate_69	-4235.61	8475.22	8232.96	275733.3	0.0229,0.0101
growth	Round_4_Replicate_70	-4232.55	8469.1	8227.35	275822.84	0.0226,0.01
growth	Round_4_Replicate_71	-4243.0	8490.0	8242.98	274884.58	0.0234,0.0102
growth	Round_4_Replicate_72	-4233.06	8470.12	8227.4	275628.48	0.0227,0.01
growth	Round_4_Replicate_73	-4236.01	8476.02	8236.63	276350.84	0.0226,0.0102
growth	Round_4_Replicate_74	-4232.25	8468.5	8227.01	275872.58	0.0226,0.01
growth	Round_4_Replicate_75	-4249.43	8502.86	8267.08	277341.06	0.0225,0.0103
growth	Round_4_Replicate_76	-4238.48	8480.96	8236.28	275281.54	0.0231,0.0101
growth	Round_4_Replicate_77	-4233.53	8471.06	8229.17	275798.0	0.0227,0.0101
growth	Round_4_Replicate_78	-4232.97	8469.94	8231.55	276563.75	0.0223,0.01
growth	Round_4_Replicate_79	-4244.03	8492.06	8250.92	276014.39	0.0234,0.0104
growth	Round_4_Replicate_80	-4233.86	8471.72	8227.07	275259.53	0.0228,0.01
growth	Round_4_Replicate_81	-4239.58	8483.16	8242.09	276002.58	0.0231,0.0103
growth	Round_4_Replicate_82	-4232.8	8469.6	8228.12	275877.09	0.0226,0.01
growth	Round_4_Replicate_83	-4235.79	8475.58	8233.61	275792.87	0.0229,0.0101
growth	Round_4_Replicate_84	-4237.39	8478.78	8236.54	275750.15	0.023,0.0102
growth	Round_4_Replicate_85	-4234.65	8473.3	8231.18	275758.94	0.0228,0.0101
growth	Round_4_Replicate_86	-4234.75	8473.5	8230.61	275605.83	0.0228,0.0101
growth	Round_4_Replicate_87	-4239.6	8483.2	8237.16	275039.01	0.0232,0.0101
growth	Round_4_Replicate_88	-4247.83	8499.66	8254.67	275278.41	0.0238,0.0105
growth	Round_4_Replicate_89	-4252.72	8509.44	8257.47	274117.23	0.0237,0.0102
growth	Round_4_Replicate_90	-4233.07	8470.14	8226.43	275431.57	0.0227,0.01
growth	Round_4_Replicate_91	-4245.13	8494.26	8248.98	275211.28	0.0236,0.0104
growth	Round_4_Replicate_92	-4231.85	8467.7	8227.34	276110.33	0.0224,0.01
growth	Round_4_Replicate_93	-4241.05	8486.1	8237.88	274664.12	0.0232,0.0101
growth	Round_4_Replicate_94	-4244.16	8492.32	8249.47	275666.35	0.0235,0.0104
growth	Round_4_Replicate_95	-4261.09	8526.18	8280.78	275286.17	0.0246,0.0108
growth	Round_4_Replicate_96	-4232.92	8469.84	8229.2	276056.03	0.0226,0.0101
growth	Round_4_Replicate_97	-4232.45	8468.9	8227.87	275970.7	0.0225,0.01
growth	Round_4_Replicate_98	-4237.46	8478.92	8232.39	274936.85	0.023,0.01
growth	Round_4_Replicate_99	-4235.86	8475.72	8232.97	275639.33	0.0229,0.0101
growth	Round_4_Replicate_100	-4233.59	8471.18	8233.29	276690.08	0.0222,0.01
