Model	Replicate	log-likelihood	AIC	chi-squared	theta	optimized_params(nu1a, nu2a, nu1b, nu2b, m12, m21, T1, T2)
sec_contact_asym_mig_size	Round_1_Replicate_1	-135925.05	271866.1	657648086.07	5526.2	0.2267,2.924,4.4341,4.1829,6.1313,1.861,0.1998,4.4978
sec_contact_asym_mig_size	Round_1_Replicate_2	-201733.82	403483.64	1596171.57	22894.82	3.2151,0.4038,4.8754,0.1642,3.3156,0.2766,0.1347,1.7373
sec_contact_asym_mig_size	Round_1_Replicate_3	-77399.33	154814.66	331551.22	25882.09	0.1946,3.1318,1.7494,0.2659,4.6813,2.1819,1.8862,6.3344
sec_contact_asym_mig_size	Round_1_Replicate_4	-62182.15	124380.3	194539.04	27232.58	2.3293,0.5516,0.4897,0.2105,2.3119,0.9862,5.2008,1.3243
sec_contact_asym_mig_size	Round_1_Replicate_5	-85407.22	170830.44	291424.52	9326.93	0.7322,1.0191,2.6906,0.6569,0.9736,0.9465,5.756,0.3459
sec_contact_asym_mig_size	Round_1_Replicate_6	-312045.72	624107.44	8372319.67	14643.62	0.1834,5.8059,5.0421,0.2946,0.1612,0.5015,1.8197,0.2643
sec_contact_asym_mig_size	Round_1_Replicate_7	-119706.22	239428.44	643253.39	12055.37	0.1757,2.5566,3.4274,0.6334,0.4969,0.2931,0.3882,1.1185
sec_contact_asym_mig_size	Round_1_Replicate_8	-55330.43	110676.86	126807.88	35098.16	0.7481,0.9747,0.3311,0.2523,1.4254,3.6176,2.8763,1.1474
sec_contact_asym_mig_size	Round_1_Replicate_9	-32438.36	64892.72	73371.67	13712.49	1.4488,4.341,0.306,0.7497,5.8674,0.4986,3.1115,0.3724
sec_contact_asym_mig_size	Round_1_Replicate_10	-191438.15	382892.3	1191759.33	12652.58	1.8546,4.2311,0.5323,0.1793,0.3021,0.3489,7.5192,1.1477
sec_contact_asym_mig_size	Round_2_Replicate_1	-85782.85	171581.7	197081.06	13667.91	1.8707,8.808,0.1262,2.2634,5.6834,0.2363,1.5423,1.06
sec_contact_asym_mig_size	Round_2_Replicate_2	-42639.77	85295.54	264278.6	18006.53	4.5367,2.1071,0.5895,0.6543,5.4403,1.6758,1.0346,0.3621
sec_contact_asym_mig_size	Round_2_Replicate_3	-69731.9	139479.8	174998.42	49955.74	1.8587,1.1363,0.1251,0.3226,5.0793,0.4302,9.4513,1.1952
sec_contact_asym_mig_size	Round_2_Replicate_4	-27930.69	55877.38	56941.58	12779.25	0.4102,5.6108,0.2611,0.4982,6.3274,0.1317,5.4686,0.3735
sec_contact_asym_mig_size	Round_2_Replicate_5	-53148.92	106313.84	159057.43	5945.22	2.4711,6.9075,0.287,2.1595,10.566,0.1959,4.9782,0.1174
sec_contact_asym_mig_size	Round_2_Replicate_6	-76509.89	153035.78	311785.7	3301.35	3.6099,9.2871,0.515,2.8449,4.2208,0.9355,11.8056,0.1191
sec_contact_asym_mig_size	Round_2_Replicate_7	-44295.43	88606.86	1168192.69	27081.22	3.5028,15.5204,0.5189,0.4039,14.9453,1.0145,1.2466,0.5281
sec_contact_asym_mig_size	Round_2_Replicate_8	-61753.46	123522.92	1339079.31	18129.37	1.0806,1.4025,0.6114,1.3066,8.2758,0.3585,0.9547,0.3406
sec_contact_asym_mig_size	Round_2_Replicate_9	-55044.2	110104.4	469836.72	16167.49	0.6641,1.1112,0.5986,1.4243,5.2816,1.3548,1.4721,0.4455
sec_contact_asym_mig_size	Round_2_Replicate_10	-36557.61	73131.22	108768.45	6669.75	0.3591,4.3893,0.4192,1.4335,6.5207,1.1132,7.943,0.2253
sec_contact_asym_mig_size	Round_2_Replicate_11	-68246.39	136508.78	1057851.97	7865.79	1.4549,16.0787,0.5651,2.6396,5.9159,1.4221,2.8056,0.7398
sec_contact_asym_mig_size	Round_2_Replicate_12	-47340.39	94696.78	189652.38	19834.96	1.4884,10.7179,0.9799,0.5954,4.5239,0.3139,1.6748,1.1961
sec_contact_asym_mig_size	Round_2_Replicate_13	-66489.62	132995.24	148410.91	7558.96	1.3735,1.6975,0.6827,0.6856,2.0974,1.9529,9.2768,0.1929
sec_contact_asym_mig_size	Round_2_Replicate_14	-57185.4	114386.8	3694344.75	5380.78	2.2367,4.5316,0.5076,1.3809,13.4788,1.7864,10.1803,0.1727
sec_contact_asym_mig_size	Round_2_Replicate_15	-58256.1	116528.2	164028.7	50792.81	0.5937,1.3505,0.2998,0.3126,5.9656,0.2823,5.5403,1.4927
sec_contact_asym_mig_size	Round_2_Replicate_16	-101361.89	202739.78	273347.15	8561.09	0.8445,3.9956,0.2044,0.7657,1.8635,0.1626,10.8533,0.5276
sec_contact_asym_mig_size	Round_2_Replicate_17	-24033.12	48082.24	79670.54	8177.88	2.1825,16.3357,0.7846,0.7169,4.4236,0.2162,7.6932,0.7285
sec_contact_asym_mig_size	Round_2_Replicate_18	-53619.23	107254.46	1838414.23	8996.07	4.5714,3.8638,0.3349,1.5243,14.7809,0.8831,9.7629,0.5698
sec_contact_asym_mig_size	Round_2_Replicate_19	-35246.21	70508.42	139710.82	21830.76	1.1529,11.9137,0.1088,0.4066,22.7222,1.2852,2.4401,0.3468
sec_contact_asym_mig_size	Round_2_Replicate_20	-57376.87	114769.74	374162.87	9680.77	3.1523,1.7187,0.472,2.6256,7.2696,0.5437,5.7299,0.3603
sec_contact_asym_mig_size	Round_3_Replicate_1	-58549.97	117115.94	145117.83	11311.63	2.9359,11.6845,0.2074,0.2545,4.3143,0.2303,9.1047,0.4174
sec_contact_asym_mig_size	Round_3_Replicate_2	-74939.74	149895.48	1302052.11	20134.09	3.3423,27.8703,2.7569,0.2748,10.2907,0.3488,9.7521,0.8671
sec_contact_asym_mig_size	Round_3_Replicate_3	-80893.97	161803.94	823391.39	3891.39	1.9274,20.1471,1.7735,1.9039,3.9798,0.2022,5.8149,0.2827
sec_contact_asym_mig_size	Round_3_Replicate_4	-45254.98	90525.96	882733.93	14531.36	3.7181,27.8703,0.3633,1.1906,12.8352,0.1425,10.6714,2.6153
sec_contact_asym_mig_size	Round_3_Replicate_5	-45116.7	90249.4	244403.98	10591.89	0.7273,16.0061,0.998,1.6738,3.4457,0.066,1.949,0.9679
sec_contact_asym_mig_size	Round_3_Replicate_6	-33357.12	66730.24	96467.78	3913.95	1.9593,27.4992,1.8394,0.8449,2.5009,0.0783,17.3068,0.9873
sec_contact_asym_mig_size	Round_3_Replicate_7	-47544.13	95104.26	138566.36	10116.8	2.3457,16.6748,0.3096,1.5484,6.7874,0.0802,2.5197,0.4615
sec_contact_asym_mig_size	Round_3_Replicate_8	-82912.88	165841.76	280970.66	13887.4	1.2569,5.9753,0.491,0.5093,1.8574,0.0627,11.6904,1.3731
sec_contact_asym_mig_size	Round_3_Replicate_9	-48126.95	96269.9	658964.24	8892.27	3.0149,4.6499,1.1046,0.983,5.9861,0.0718,3.5011,0.3041
sec_contact_asym_mig_size	Round_3_Replicate_10	-82998.04	166012.08	573694.73	22244.9	0.8046,27.8703,2.0745,0.458,5.4994,0.0682,5.6738,1.7365
sec_contact_asym_mig_size	Round_3_Replicate_11	-128863.02	257742.04	660883.94	22658.61	1.3628,27.8703,1.7048,0.2858,2.5,0.1733,2.7779,2.138
sec_contact_asym_mig_size	Round_3_Replicate_12	-51623.2	103262.4	2076139.75	9623.68	2.0923,5.3902,1.1435,0.9245,7.3989,0.4965,3.6218,0.387
sec_contact_asym_mig_size	Round_3_Replicate_13	-58403.4	116822.8	11231471.33	3548.04	5.9091,16.007,2.7357,1.2858,12.1398,0.1369,9.3508,0.2559
sec_contact_asym_mig_size	Round_3_Replicate_14	-49052.24	98120.48	176775.97	3721.06	8.0008,17.4338,2.3487,1.9123,1.1904,0.27,8.2007,0.8043
sec_contact_asym_mig_size	Round_3_Replicate_15	-32849.77	65715.54	83912.09	18111.01	2.9142,5.1757,0.6041,0.3883,4.6856,0.6552,8.1776,1.0485
sec_contact_asym_mig_size	Round_3_Replicate_16	-66060.59	132137.18	155832.86	6080.12	0.9045,6.9769,0.3504,0.6028,1.922,0.3014,13.915,0.4956
sec_contact_asym_mig_size	Round_3_Replicate_17	-31978.67	63973.34	71749.53	15388.51	0.6483,9.2911,0.4992,0.6103,3.9197,0.1192,5.5214,1.0068
sec_contact_asym_mig_size	Round_3_Replicate_18	-101473.66	202963.32	350491.31	14676.94	8.3179,4.4942,0.2583,0.3186,2.3845,0.0926,8.5707,0.6737
sec_contact_asym_mig_size	Round_3_Replicate_19	-91895.34	183806.68	326898.47	4566.53	6.1195,27.8703,1.0895,0.3343,1.2435,0.1789,17.1815,0.8516
sec_contact_asym_mig_size	Round_3_Replicate_20	-55840.19	111696.38	237051.23	70035.27	3.8735,9.5801,0.2601,0.2675,13.9985,0.3443,17.6722,2.1774
sec_contact_asym_mig_size	Round_3_Replicate_21	-45602.58	91221.16	124942.0	13371.83	1.372,22.8137,1.2015,0.5633,3.2423,0.0957,2.4405,0.7781
sec_contact_asym_mig_size	Round_3_Replicate_22	-26855.12	53726.24	67600.17	17425.02	4.5134,5.0604,0.441,0.5164,5.4132,0.7181,4.5427,0.826
sec_contact_asym_mig_size	Round_3_Replicate_23	-26318.29	52652.58	78630.99	8417.07	4.0782,26.3355,0.5974,0.9163,3.9971,0.7085,9.5616,1.3421
sec_contact_asym_mig_size	Round_3_Replicate_24	-100659.08	201334.16	55617402.43	6888.89	0.9485,23.9871,0.9715,2.2151,10.9951,0.5239,2.92,0.4909
sec_contact_asym_mig_size	Round_3_Replicate_25	-29511.57	59039.14	69467.41	4633.19	7.9567,13.9183,0.8075,0.5749,3.2559,0.2035,13.5385,0.4934
sec_contact_asym_mig_size	Round_3_Replicate_26	-90071.63	180159.26	5497187.87	24479.92	0.7363,11.2415,2.7079,0.5085,9.4615,0.7386,3.0345,1.8492
sec_contact_asym_mig_size	Round_3_Replicate_27	-44229.81	88475.62	119259.08	6184.23	5.5438,28.8422,1.8408,0.4342,1.9522,0.6761,29.2715,2.1789
sec_contact_asym_mig_size	Round_3_Replicate_28	-56864.31	113744.62	3313154.37	14202.36	2.5745,27.8703,2.1619,0.402,11.2893,0.3227,14.8595,0.9839
sec_contact_asym_mig_size	Round_3_Replicate_29	-58562.84	117141.68	203920.62	3224.76	2.0246,5.7597,2.6065,1.8152,3.1653,0.1622,18.5524,0.253
sec_contact_asym_mig_size	Round_3_Replicate_30	-42629.63	85275.26	138481.91	17650.76	2.6122,27.4308,0.3194,1.3113,7.1153,0.1715,2.2486,2.4997
sec_contact_asym_mig_size	Round_4_Replicate_1	-33262.96	66541.92	157575.34	5890.96	2.0079,17.0918,0.8407,1.0079,4.4328,0.1208,6.3238,0.427
sec_contact_asym_mig_size	Round_4_Replicate_2	-27172.51	54361.02	80401.41	3644.98	3.4338,12.4218,1.2226,0.9891,3.2419,0.1378,14.8106,0.454
sec_contact_asym_mig_size	Round_4_Replicate_3	-26778.49	53572.98	73379.25	8078.17	1.8021,21.0654,0.5189,1.1365,4.5384,0.2018,7.9317,1.0154
sec_contact_asym_mig_size	Round_4_Replicate_4	-22392.79	44801.58	76636.52	6594.82	1.564,11.7137,0.7918,0.7211,4.3972,0.3082,14.3378,0.7972
sec_contact_asym_mig_size	Round_4_Replicate_5	-33054.73	66125.46	83410.16	6907.41	2.0476,16.5841,1.0359,0.5298,2.9598,0.2076,6.4468,0.4656
sec_contact_asym_mig_size	Round_4_Replicate_6	-28067.27	56150.54	95121.7	2848.87	2.5225,21.1555,1.5181,0.7417,3.6212,0.1575,18.0325,0.3851
sec_contact_asym_mig_size	Round_4_Replicate_7	-24200.19	48416.38	81279.98	6520.26	1.6204,24.6199,0.7686,0.5068,5.2431,0.2993,8.8595,0.4817
sec_contact_asym_mig_size	Round_4_Replicate_8	-35313.87	70643.74	241500.09	8940.6	4.444,16.9496,1.3543,0.6129,4.9981,0.2066,9.7518,0.9463
sec_contact_asym_mig_size	Round_4_Replicate_9	-34059.61	68135.22	359671.39	6315.87	4.8163,12.317,1.4744,1.32,3.7229,0.1392,8.105,0.9223
sec_contact_asym_mig_size	Round_4_Replicate_10	-31584.75	63185.5	68354.12	15038.67	2.4694,21.8813,0.4866,0.7539,3.7458,0.1426,4.8867,1.2885
sec_contact_asym_mig_size	Round_4_Replicate_11	-39078.51	78173.02	95615.17	6619.87	3.2743,16.9165,0.9082,0.5194,2.8151,0.1812,15.5616,0.9639
sec_contact_asym_mig_size	Round_4_Replicate_12	-22647.86	45311.72	57007.17	6600.41	3.6296,21.3164,0.555,0.9105,4.3791,0.1806,10.4072,0.7778
sec_contact_asym_mig_size	Round_4_Replicate_13	-22952.83	45921.66	72402.74	3443.05	3.863,10.3648,0.6956,1.0177,4.4325,0.385,21.3492,0.4336
sec_contact_asym_mig_size	Round_4_Replicate_14	-24163.24	48342.48	103500.6	10580.28	2.0621,20.3263,0.6169,0.5906,6.4378,0.1192,6.165,0.6347
sec_contact_asym_mig_size	Round_4_Replicate_15	-28360.55	56737.1	67723.37	3942.96	3.7238,17.3148,0.8807,0.6916,3.0883,0.1346,13.7974,0.4302
sec_contact_asym_mig_size	Round_4_Replicate_16	-33648.35	67312.7	134025.94	6262.63	1.7967,21.2958,1.4264,1.1236,2.8239,0.0906,5.8045,0.7215
sec_contact_asym_mig_size	Round_4_Replicate_17	-23183.9	46383.8	68636.69	9293.27	3.29,10.6803,0.5442,0.8549,5.1262,0.1661,18.3286,1.2078
sec_contact_asym_mig_size	Round_4_Replicate_18	-26097.08	52210.16	86842.77	6321.01	1.7094,23.8304,1.0805,0.9257,3.27,0.149,7.8591,0.7774
sec_contact_asym_mig_size	Round_4_Replicate_19	-26502.32	53020.64	76205.29	3494.0	1.8693,25.7165,1.3678,0.6562,3.2595,0.2255,16.8756,0.566
sec_contact_asym_mig_size	Round_4_Replicate_20	-40021.93	80059.86	99491.43	14602.78	2.9762,18.4432,0.5764,0.5065,3.0422,0.2322,9.3964,1.3794
sec_contact_asym_mig_size	Round_4_Replicate_21	-31280.66	62577.32	69616.34	4923.72	1.4216,28.8769,0.6928,0.5606,2.6452,0.2155,13.3448,0.6011
sec_contact_asym_mig_size	Round_4_Replicate_22	-28158.18	56332.36	83270.19	10889.13	1.1226,13.9978,0.8328,0.7146,4.1113,0.1263,12.5545,1.3473
sec_contact_asym_mig_size	Round_4_Replicate_23	-25091.01	50198.02	91155.37	7819.31	1.4189,17.9961,0.9048,0.8456,3.873,0.2642,7.1451,0.8189
sec_contact_asym_mig_size	Round_4_Replicate_24	-29538.0	59092.0	62698.75	6631.79	3.5248,10.2288,0.5252,1.2617,3.2518,0.2864,12.9412,1.0779
sec_contact_asym_mig_size	Round_4_Replicate_25	-22534.88	45085.76	55037.57	9366.35	3.9442,14.7242,0.5436,0.5553,4.7729,0.4383,7.4458,0.6446
sec_contact_asym_mig_size	Round_4_Replicate_26	-37378.64	74773.28	90654.22	10624.16	2.9896,24.7219,0.6775,0.5274,2.7343,0.1749,5.0885,0.742
sec_contact_asym_mig_size	Round_4_Replicate_27	-28516.85	57049.7	176103.32	8858.87	4.0228,25.2731,0.8361,0.4929,6.911,0.1235,8.2728,0.5946
sec_contact_asym_mig_size	Round_4_Replicate_28	-23179.18	46374.36	70722.47	10283.4	1.6388,16.9401,0.5924,0.5534,5.7897,0.1549,16.3418,0.9964
sec_contact_asym_mig_size	Round_4_Replicate_29	-22224.25	44464.5	65659.29	13373.35	1.1027,12.2967,0.412,0.5142,7.4277,0.1272,8.3496,0.7218
sec_contact_asym_mig_size	Round_4_Replicate_30	-24199.52	48415.04	75286.77	6449.14	4.3483,15.0328,0.5087,0.8172,5.2834,0.2931,8.4835,0.4822
sec_contact_asym_mig_size	Round_4_Replicate_31	-36776.83	73569.66	100298.97	6652.62	1.2901,16.8794,1.4884,0.5006,3.3367,0.1304,6.0005,0.409
sec_contact_asym_mig_size	Round_4_Replicate_32	-25653.66	51323.32	68126.31	2848.83	2.0107,27.5241,1.3645,0.5762,3.3953,0.3085,19.8589,0.4262
sec_contact_asym_mig_size	Round_4_Replicate_33	-24618.4	49252.8	73704.48	7404.18	1.9645,13.0284,0.9402,0.8883,3.4277,0.1929,10.1975,1.0051
sec_contact_asym_mig_size	Round_4_Replicate_34	-30150.1	60316.2	63561.32	10647.89	2.5591,22.0818,0.4707,0.6464,3.2757,0.4059,4.9358,0.692
sec_contact_asym_mig_size	Round_4_Replicate_35	-30589.49	61194.98	69368.28	5404.51	2.1891,25.8171,0.6456,0.5835,3.0674,0.1171,10.3265,0.4933
sec_contact_asym_mig_size	Round_4_Replicate_36	-28112.55	56241.1	92172.91	4026.81	1.9708,28.8114,1.297,0.6067,3.8398,0.1751,12.5183,0.4721
sec_contact_asym_mig_size	Round_4_Replicate_37	-29000.65	58017.3	158899.99	7503.74	1.4567,11.5969,0.9548,0.9431,4.3064,0.2162,6.0841,0.6027
sec_contact_asym_mig_size	Round_4_Replicate_38	-47292.65	94601.3	335087.26	15565.58	2.2451,21.8233,1.3291,0.5218,5.7419,0.151,5.3362,1.0964
sec_contact_asym_mig_size	Round_4_Replicate_39	-26102.59	52221.18	78359.97	5663.83	1.6463,20.7018,0.9033,0.5598,4.4077,0.2102,15.7918,0.7244
sec_contact_asym_mig_size	Round_4_Replicate_40	-23082.22	46180.44	64602.21	4298.95	1.3465,17.0166,1.4529,0.9841,2.193,0.3792,19.7647,1.3113
