Model	Replicate	log-likelihood	AIC	chi-squared	theta	optimized_params(nu1a, nu2a, nu1b, nu2b, m12, m21, T1, T2, T3)
sec_contact_asym_mig_size_three_epoch	Round_1_Replicate_1	-142036.51	284091.02	435612.28	9305.6	2.4543,3.8248,0.5316,2.6902,1.9608,0.8009,3.241,0.4587,0.3554
sec_contact_asym_mig_size_three_epoch	Round_1_Replicate_2	-558464.31	1116946.62	8233153772959267.0	12747.1	0.393,0.3677,0.418,0.1586,0.466,0.2993,0.5603,1.6607,2.8225
sec_contact_asym_mig_size_three_epoch	Round_1_Replicate_3	-398246.74	796511.48	17944829.57	4110.0	3.8438,0.7149,2.9519,6.9754,6.5827,2.642,0.9923,0.4653,6.2415
sec_contact_asym_mig_size_three_epoch	Round_1_Replicate_4	-425651.87	851321.74	19659255.64	6646.59	6.3991,3.5397,1.0426,4.308,7.7051,0.368,2.8213,0.2125,3.4517
sec_contact_asym_mig_size_three_epoch	Round_1_Replicate_5	-56155.2	112328.4	327187.43	6685.53	0.1582,0.8198,3.5747,1.68,2.2483,1.9586,0.6892,5.8018,0.163
sec_contact_asym_mig_size_three_epoch	Round_1_Replicate_6	-227606.3	455230.6	2074441.25	4463.61	0.244,2.0443,4.819,8.0522,0.3775,3.2027,2.6603,0.9517,2.5847
sec_contact_asym_mig_size_three_epoch	Round_1_Replicate_7	-106218.41	212454.82	400975.34	6285.0	1.0037,0.8262,3.5467,1.5024,0.6673,1.0684,3.4427,3.1757,0.8429
sec_contact_asym_mig_size_three_epoch	Round_1_Replicate_8	-185910.08	371838.16	1156479.49	5665.26	0.4454,2.3744,3.9838,5.3089,0.2877,0.8537,0.1783,1.3137,1.5456
sec_contact_asym_mig_size_three_epoch	Round_1_Replicate_9	-291202.11	582422.22	3449678.81	7572.49	5.1696,0.1622,0.9483,5.8402,4.8868,3.173,1.3183,1.0113,1.8336
sec_contact_asym_mig_size_three_epoch	Round_1_Replicate_10	-185569.94	371157.88	1406881.68	12500.41	0.2667,0.1467,2.9937,0.4134,0.242,6.4193,6.4425,0.9508,0.4831
sec_contact_asym_mig_size_three_epoch	Round_2_Replicate_1	-53735.18	107488.36	139954.14	5442.62	0.1558,0.2378,4.609,0.7737,0.6919,6.7369,0.3079,16.5591,0.3188
sec_contact_asym_mig_size_three_epoch	Round_2_Replicate_2	-85789.68	171597.36	4114993.25	7143.69	0.2577,0.6316,4.4444,1.3002,0.718,6.8982,0.1697,3.7695,0.0575
sec_contact_asym_mig_size_three_epoch	Round_2_Replicate_3	-49666.13	99350.26	252045.17	18609.29	0.1705,0.5778,1.112,0.5937,7.4965,6.742,0.7308,1.5166,0.0646
sec_contact_asym_mig_size_three_epoch	Round_2_Replicate_4	-55166.57	110351.14	127978.3	9315.62	0.3928,1.5131,1.1904,1.7272,0.9464,0.8575,0.2926,22.5317,0.0752
sec_contact_asym_mig_size_three_epoch	Round_2_Replicate_5	-52161.36	104340.72	259032.55	6458.73	0.2045,0.2186,1.2436,3.3296,2.1084,0.9521,1.1324,14.3896,0.0569
sec_contact_asym_mig_size_three_epoch	Round_2_Replicate_6	-87724.52	175467.04	268640.96	6828.92	0.0821,2.9492,7.5795,1.349,6.1008,2.9974,1.1488,3.5171,0.4972
sec_contact_asym_mig_size_three_epoch	Round_2_Replicate_7	-52909.97	105837.94	315793.4	15430.56	0.0483,0.2269,1.6693,0.6005,5.3194,4.8176,0.2101,2.9872,0.0573
sec_contact_asym_mig_size_three_epoch	Round_2_Replicate_8	-69976.53	139971.06	2460788.45	3928.88	0.5909,0.8061,6.4269,2.2997,1.8997,5.9232,1.3708,9.2566,0.1548
sec_contact_asym_mig_size_three_epoch	Round_2_Replicate_9	-57755.16	115528.32	176331.29	11279.27	0.4732,1.3952,1.2114,1.7139,2.8485,2.5512,1.2767,2.0705,0.1438
sec_contact_asym_mig_size_three_epoch	Round_2_Replicate_10	-59867.69	119753.38	736664.93	9155.49	0.058,1.3193,1.744,2.1382,2.8474,7.4659,0.3523,7.2445,0.119
sec_contact_asym_mig_size_three_epoch	Round_2_Replicate_11	-79564.15	159146.3	1835792.3	8152.59	0.244,0.3353,2.427,2.8424,1.5954,4.1432,0.1729,3.3696,0.1031
sec_contact_asym_mig_size_three_epoch	Round_2_Replicate_12	-134499.38	269016.76	82185570.2	6172.28	0.4233,0.6115,10.9427,3.4667,4.5476,0.9266,2.5646,2.5167,0.0584
sec_contact_asym_mig_size_three_epoch	Round_2_Replicate_13	-135773.97	271565.94	712753.21	8479.43	0.6106,0.9828,3.3561,0.4665,0.955,1.571,1.3691,8.2463,0.4518
sec_contact_asym_mig_size_three_epoch	Round_2_Replicate_14	-144296.64	288611.28	36804954.55	7231.39	0.161,2.0721,3.5791,5.5541,4.3128,5.8122,0.3657,1.505,0.1239
sec_contact_asym_mig_size_three_epoch	Round_2_Replicate_15	-88186.75	176391.5	13475637.0	4008.93	0.041,0.544,3.4679,6.0299,1.7436,2.0194,0.6369,9.6388,0.0446
sec_contact_asym_mig_size_three_epoch	Round_2_Replicate_16	-77040.78	154099.56	195852.47	6612.6	0.0393,1.4033,1.6503,4.6088,1.4781,0.6592,2.6484,2.6563,0.2941
sec_contact_asym_mig_size_three_epoch	Round_2_Replicate_17	-96879.61	193777.22	5943361.22	4491.54	0.6035,2.5885,4.4149,6.868,3.7712,6.6166,1.7554,4.2199,0.2431
sec_contact_asym_mig_size_three_epoch	Round_2_Replicate_18	-70294.24	140606.48	381750.95	12194.38	0.1438,1.4617,1.3006,2.0197,2.8781,3.5262,0.5773,1.5297,0.1131
sec_contact_asym_mig_size_three_epoch	Round_2_Replicate_19	-74524.58	149067.16	580182.39	10861.06	0.0588,0.9909,1.3781,4.1096,1.3793,6.1611,1.2984,22.517,0.1439
sec_contact_asym_mig_size_three_epoch	Round_2_Replicate_20	-64557.07	129132.14	456374.35	15636.83	0.6177,2.6563,1.2163,1.3281,0.8716,7.1572,0.4399,4.7334,0.077
sec_contact_asym_mig_size_three_epoch	Round_3_Replicate_1	-54398.82	108815.64	221144.03	8748.75	0.0747,0.6906,2.71,1.2035,2.159,13.0244,1.073,4.9962,0.2119
sec_contact_asym_mig_size_three_epoch	Round_3_Replicate_2	-50189.75	100397.5	163615.94	16981.67	0.2308,0.5768,0.6003,1.1274,16.6078,5.4654,2.7989,3.8875,0.0947
sec_contact_asym_mig_size_three_epoch	Round_3_Replicate_3	-57114.17	114246.34	170842.66	14687.03	0.3169,1.876,2.8164,0.5499,28.7274,20.0456,1.3396,1.0915,0.1547
sec_contact_asym_mig_size_three_epoch	Round_3_Replicate_4	-58987.32	117992.64	192645.18	12174.03	0.1484,0.3015,2.8672,0.5426,3.3885,3.0712,0.3416,5.3235,0.0842
sec_contact_asym_mig_size_three_epoch	Round_3_Replicate_5	-109668.32	219354.64	394285.6	38958.99	0.5544,0.2289,0.3837,0.3012,6.7195,6.739,0.6106,2.7002,0.171
sec_contact_asym_mig_size_three_epoch	Round_3_Replicate_6	-61981.89	123981.78	2543088.56	16698.42	0.1244,1.3373,1.0374,0.7018,6.8784,16.9774,2.1958,3.1819,0.0283
sec_contact_asym_mig_size_three_epoch	Round_3_Replicate_7	-74246.39	148510.78	245867.56	21886.03	0.2866,0.3643,4.3817,0.2246,14.7025,14.1844,0.3962,1.0251,0.0533
sec_contact_asym_mig_size_three_epoch	Round_3_Replicate_8	-59055.12	118128.24	171676.02	26319.34	0.0814,0.2078,1.4014,0.3535,18.8971,6.5444,1.3274,0.4653,0.0851
sec_contact_asym_mig_size_three_epoch	Round_3_Replicate_9	-151835.49	303688.98	701621.66	33666.13	0.0404,0.1856,2.4963,0.2205,23.1024,1.7834,2.8293,0.5813,0.1468
sec_contact_asym_mig_size_three_epoch	Round_3_Replicate_10	-77397.61	154813.22	219006.41	19738.5	0.1451,0.8955,2.8731,0.4824,22.6758,5.2502,0.5952,0.4542,0.1619
sec_contact_asym_mig_size_three_epoch	Round_3_Replicate_11	-53129.69	106277.38	297090.5	17615.18	0.051,0.3385,1.5036,0.6858,2.2601,3.3835,1.3751,0.5505,0.0223
sec_contact_asym_mig_size_three_epoch	Round_3_Replicate_12	-98130.1	196278.2	352049.49	26926.03	0.0949,0.1898,1.3505,0.2052,2.2682,6.8365,0.21,0.3902,0.097
sec_contact_asym_mig_size_three_epoch	Round_3_Replicate_13	-62663.08	125344.16	380873.89	12883.18	0.4844,0.8972,0.6601,2.0094,2.7867,3.053,2.9957,2.2562,0.0321
sec_contact_asym_mig_size_three_epoch	Round_3_Replicate_14	-50070.64	100159.28	117847.53	32483.61	0.2957,0.415,0.3284,0.5006,12.5627,6.5068,0.2937,0.4349,0.0537
sec_contact_asym_mig_size_three_epoch	Round_3_Replicate_15	-65149.15	130316.3	158458.67	14317.49	0.0665,0.5177,0.4409,1.9409,6.1661,2.1385,0.3287,3.3756,0.0754
sec_contact_asym_mig_size_three_epoch	Round_3_Replicate_16	-60564.39	121146.78	235947.94	17057.43	0.1112,0.8672,0.5577,1.5429,8.0443,4.2957,0.3237,1.4552,0.0692
sec_contact_asym_mig_size_three_epoch	Round_3_Replicate_17	-49476.15	98970.3	165926.51	18305.4	0.3912,1.4079,1.1435,0.5675,5.134,5.273,0.7069,0.8767,0.0774
sec_contact_asym_mig_size_three_epoch	Round_3_Replicate_18	-77436.28	154890.56	271253.1	15337.92	0.1053,0.7698,3.8277,0.1582,3.9885,14.4653,1.2016,0.9637,0.0298
sec_contact_asym_mig_size_three_epoch	Round_3_Replicate_19	-69614.9	139247.8	366019.29	23142.78	0.2187,0.1999,2.4412,0.2917,9.2701,6.8949,0.3966,0.5914,0.0344
sec_contact_asym_mig_size_three_epoch	Round_3_Replicate_20	-93088.62	186195.24	312473.84	13438.41	0.287,0.3308,2.8785,0.5261,2.8352,2.1341,0.3015,1.5842,0.1913
sec_contact_asym_mig_size_three_epoch	Round_3_Replicate_21	-101797.27	203612.54	348028.05	22806.77	0.3322,1.3085,1.841,0.4315,17.3646,4.113,0.1866,1.2574,0.2203
sec_contact_asym_mig_size_three_epoch	Round_3_Replicate_22	-51239.62	102497.24	131436.39	45577.61	0.6119,1.0974,0.3547,0.2904,6.0966,2.3854,0.6996,4.8324,0.0183
sec_contact_asym_mig_size_three_epoch	Round_3_Replicate_23	-69145.76	138309.52	808690.12	20679.32	0.0881,0.545,0.4345,1.7607,8.0938,8.4301,0.6579,1.2555,0.03
sec_contact_asym_mig_size_three_epoch	Round_3_Replicate_24	-56006.43	112030.86	684068.63	18352.89	0.3202,0.4201,2.1547,0.337,21.7787,26.6628,0.281,5.7688,0.0414
sec_contact_asym_mig_size_three_epoch	Round_3_Replicate_25	-62284.59	124587.18	208020.03	12996.54	0.1056,0.5161,1.0029,1.866,3.4187,2.2164,1.3681,1.2859,0.1122
sec_contact_asym_mig_size_three_epoch	Round_3_Replicate_26	-51276.23	102570.46	129111.53	36102.42	0.3639,0.1467,0.4068,0.3446,3.4236,1.8164,0.8221,2.7514,0.0138
sec_contact_asym_mig_size_three_epoch	Round_3_Replicate_27	-46925.58	93869.16	164760.84	22598.27	0.1049,1.6313,0.7024,0.5173,2.3764,4.9305,1.2994,2.0643,0.0277
sec_contact_asym_mig_size_three_epoch	Round_3_Replicate_28	-46857.23	93732.46	140220.27	20658.96	0.0974,1.1711,0.7374,0.6493,9.8506,6.2142,0.9583,1.2322,0.0853
sec_contact_asym_mig_size_three_epoch	Round_3_Replicate_29	-65333.74	130685.48	1971003.86	10138.47	0.3294,0.1545,1.1809,2.0721,10.3627,8.6676,1.1667,4.0539,0.0702
sec_contact_asym_mig_size_three_epoch	Round_3_Replicate_30	-69983.54	139985.08	2999464.18	13319.12	0.0865,0.1342,1.4307,1.3247,2.9878,12.7628,0.8357,4.4497,0.0481
sec_contact_asym_mig_size_three_epoch	Round_4_Replicate_1	-52232.91	104483.82	209187.24	15393.05	0.046,2.2453,0.9702,1.0694,5.8244,4.0009,0.7384,1.4985,0.092
sec_contact_asym_mig_size_three_epoch	Round_4_Replicate_2	-59647.77	119313.54	138183.72	25411.88	0.0743,0.9419,0.5363,0.6084,17.0508,7.0854,0.515,0.6379,0.1299
sec_contact_asym_mig_size_three_epoch	Round_4_Replicate_3	-46880.43	93778.86	126603.42	23467.11	0.1471,0.6765,0.8282,0.3852,11.262,15.9381,0.7435,2.0042,0.0862
sec_contact_asym_mig_size_three_epoch	Round_4_Replicate_4	-44436.58	88891.16	118665.57	25043.87	0.0584,0.8683,0.7047,0.3666,5.4502,10.5191,1.514,2.1476,0.0634
sec_contact_asym_mig_size_three_epoch	Round_4_Replicate_5	-48073.11	96164.22	220167.09	19519.69	0.0686,0.5996,0.5472,0.8893,10.9184,6.1115,1.6997,1.624,0.0565
sec_contact_asym_mig_size_three_epoch	Round_4_Replicate_6	-42419.29	84856.58	142949.86	20472.86	0.0815,1.4561,0.876,0.489,6.8383,5.8914,1.1407,0.7886,0.0598
sec_contact_asym_mig_size_three_epoch	Round_4_Replicate_7	-43349.59	86717.18	188072.65	24803.85	0.1541,0.9985,0.5443,0.5431,10.9135,6.259,1.0491,1.1675,0.0429
sec_contact_asym_mig_size_three_epoch	Round_4_Replicate_8	-57032.69	114083.38	148978.23	24328.83	0.0589,0.5996,0.9547,0.3446,9.8154,10.9929,0.6208,0.8043,0.1071
sec_contact_asym_mig_size_three_epoch	Round_4_Replicate_9	-58426.41	116870.82	138280.43	25809.35	0.1372,1.3601,0.557,0.5758,9.4638,3.842,0.7395,2.136,0.1103
sec_contact_asym_mig_size_three_epoch	Round_4_Replicate_10	-50645.98	101309.96	197693.43	23891.9	0.0587,0.6684,0.6103,0.7178,14.5058,5.6072,0.4996,0.6827,0.0678
sec_contact_asym_mig_size_three_epoch	Round_4_Replicate_11	-46825.2	93668.4	136968.77	18979.23	0.1046,1.1055,1.086,0.5305,9.3984,7.1935,1.1991,0.788,0.0975
sec_contact_asym_mig_size_three_epoch	Round_4_Replicate_12	-49060.74	98139.48	126722.29	23034.29	0.2027,2.1856,0.8039,0.4439,10.3783,10.5662,0.5802,1.1064,0.0974
sec_contact_asym_mig_size_three_epoch	Round_4_Replicate_13	-52214.61	104447.22	182814.7	14309.34	0.1035,1.3538,1.1563,1.039,7.7438,5.9143,1.046,1.6214,0.1321
sec_contact_asym_mig_size_three_epoch	Round_4_Replicate_14	-51447.28	102912.56	161738.83	21012.0	0.1487,1.5016,0.5594,0.8962,12.7561,4.6993,0.5501,0.7973,0.0789
sec_contact_asym_mig_size_three_epoch	Round_4_Replicate_15	-43009.26	86036.52	106599.12	26632.34	0.0996,1.9865,0.6666,0.3326,14.0633,9.5055,0.9746,0.6898,0.0738
sec_contact_asym_mig_size_three_epoch	Round_4_Replicate_16	-50589.87	101197.74	154708.38	19865.06	0.1662,0.7674,0.7762,0.7881,10.7923,4.4595,0.5881,2.2818,0.0971
sec_contact_asym_mig_size_three_epoch	Round_4_Replicate_17	-46873.6	93765.2	160523.4	25316.17	0.0961,0.6693,0.8215,0.4252,7.1083,3.9602,0.5188,0.638,0.0436
sec_contact_asym_mig_size_three_epoch	Round_4_Replicate_18	-62045.79	124109.58	232207.56	17255.26	0.0715,1.0996,1.4303,0.722,9.748,10.7227,0.4803,0.7632,0.129
sec_contact_asym_mig_size_three_epoch	Round_4_Replicate_19	-52119.16	104256.32	180975.54	17648.71	0.1002,0.8405,1.3505,0.6341,11.0967,8.7275,1.0143,0.6926,0.1113
sec_contact_asym_mig_size_three_epoch	Round_4_Replicate_20	-57372.22	114762.44	149763.84	39557.33	0.1731,0.8828,0.4904,0.3386,12.1293,3.4484,0.6197,1.4419,0.0589
sec_contact_asym_mig_size_three_epoch	Round_4_Replicate_21	-54107.04	108232.08	238720.1	19668.35	0.0834,0.6375,1.2645,0.5435,5.4433,3.9582,0.5124,0.9573,0.0534
sec_contact_asym_mig_size_three_epoch	Round_4_Replicate_22	-45536.08	91090.16	167127.59	17653.11	0.1962,0.8599,1.3536,0.427,10.9357,14.4257,1.4875,1.6982,0.0799
sec_contact_asym_mig_size_three_epoch	Round_4_Replicate_23	-65813.13	131644.26	145774.94	25083.47	0.066,1.2343,0.4144,0.6232,10.5098,6.6141,1.1132,1.0884,0.1297
sec_contact_asym_mig_size_three_epoch	Round_4_Replicate_24	-47622.54	95263.08	188813.9	17072.46	0.1018,2.1343,1.433,0.4849,5.4223,4.9575,1.2021,1.7759,0.0586
sec_contact_asym_mig_size_three_epoch	Round_4_Replicate_25	-49356.14	98730.28	124259.06	28072.46	0.0582,2.1493,0.6955,0.3918,14.8821,4.9111,1.4616,1.0395,0.0843
sec_contact_asym_mig_size_three_epoch	Round_4_Replicate_26	-43363.83	86745.66	162027.13	22107.49	0.1325,1.1969,0.9082,0.375,4.884,7.9748,0.5395,2.5776,0.0422
sec_contact_asym_mig_size_three_epoch	Round_4_Replicate_27	-48402.09	96822.18	180071.16	21579.49	0.1787,0.775,0.6196,0.742,11.0515,6.0471,0.7649,1.1528,0.0677
sec_contact_asym_mig_size_three_epoch	Round_4_Replicate_28	-47601.88	95221.76	192864.23	18838.86	0.1042,1.6164,0.7453,0.819,8.6387,4.3529,0.8326,1.5821,0.069
sec_contact_asym_mig_size_three_epoch	Round_4_Replicate_29	-57678.3	115374.6	271587.66	14799.55	0.0539,1.6856,1.2269,1.1902,12.1666,6.1081,0.8618,0.7833,0.1311
sec_contact_asym_mig_size_three_epoch	Round_4_Replicate_30	-41822.3	83662.6	118030.53	26231.8	0.1185,0.6072,0.4829,0.4545,5.6819,6.0408,1.367,0.9009,0.0388
sec_contact_asym_mig_size_three_epoch	Round_4_Replicate_31	-50029.59	100077.18	131209.42	19005.39	0.0957,0.6093,1.1006,0.4429,5.2136,8.2267,0.574,2.5468,0.1032
sec_contact_asym_mig_size_three_epoch	Round_4_Replicate_32	-55517.4	111052.8	220028.42	16998.52	0.0701,0.8127,0.8226,1.2153,9.4073,4.1326,1.1055,0.6822,0.0988
sec_contact_asym_mig_size_three_epoch	Round_4_Replicate_33	-46171.55	92361.1	174816.95	20275.72	0.1247,1.0334,0.7876,0.6225,8.5219,7.4386,0.5871,2.5086,0.0701
sec_contact_asym_mig_size_three_epoch	Round_4_Replicate_34	-50539.1	101096.2	201136.22	17880.0	0.0887,0.7094,0.5084,1.1032,15.5061,7.358,1.9497,1.6896,0.0709
sec_contact_asym_mig_size_three_epoch	Round_4_Replicate_35	-49769.96	99557.92	128963.32	24183.28	0.1653,0.6595,0.6184,0.5784,10.6159,6.0592,0.7121,1.5524,0.0867
sec_contact_asym_mig_size_three_epoch	Round_4_Replicate_36	-56503.48	113024.96	133692.57	29951.1	0.1185,1.6698,0.4856,0.3735,12.1332,8.5497,0.5899,0.738,0.1037
sec_contact_asym_mig_size_three_epoch	Round_4_Replicate_37	-51655.61	103329.22	118842.54	33005.02	0.0983,2.0634,0.4334,0.3508,10.1132,13.6081,1.4695,1.8119,0.0776
sec_contact_asym_mig_size_three_epoch	Round_4_Replicate_38	-42610.03	85238.06	143268.36	24485.22	0.1311,0.8736,0.5688,0.523,6.404,4.2532,1.3202,1.6837,0.037
sec_contact_asym_mig_size_three_epoch	Round_4_Replicate_39	-46846.52	93711.04	131934.83	22638.36	0.0622,0.7489,0.5062,0.7036,6.7635,3.7878,1.1334,1.0675,0.0527
sec_contact_asym_mig_size_three_epoch	Round_4_Replicate_40	-56350.96	112719.92	501343.21	12829.97	0.0472,0.702,1.3968,1.1739,6.1465,5.4125,1.4716,1.5829,0.0852
