Model	Replicate	log-likelihood	AIC	chi-squared	theta	optimized_params(nu1a, nu2a, nu1b, nu2b, m12, m21, T1, T2)
sec_contact_asym_mig_size	Round_1_Replicate_1	-98908.79	197833.58	7165707.01	11338.35	1.531,0.9354,1.241,4.4859,1.3986,3.567,0.588,1.9128
sec_contact_asym_mig_size	Round_1_Replicate_2	-63626.0	127268.0	940088.79	20057.99	1.6399,0.7861,0.468,0.9084,2.6574,6.1916,3.4792,1.251
sec_contact_asym_mig_size	Round_1_Replicate_3	-318116.38	636248.76	24277480.36	2347.22	0.2297,0.3165,3.2698,2.8643,3.2267,0.1301,2.1516,0.4079
sec_contact_asym_mig_size	Round_1_Replicate_4	-61858.27	123732.54	1593580.04	14751.6	3.5686,0.2704,1.0822,1.004,4.0338,2.7171,1.455,0.8397
sec_contact_asym_mig_size	Round_1_Replicate_5	-131133.31	262282.62	1228808.49	11940.01	1.568,0.1775,0.6249,8.193,3.8982,0.9803,4.5573,0.1652
sec_contact_asym_mig_size	Round_1_Replicate_6	-179210.41	358436.82	952976.46	21915.67	0.3028,0.8983,0.3415,1.4416,0.393,0.2062,0.5124,0.3744
sec_contact_asym_mig_size	Round_1_Replicate_7	-80930.71	161877.42	267402.15	25468.28	0.1401,0.1904,0.1588,1.4341,5.7973,3.1059,0.2217,2.8155
sec_contact_asym_mig_size	Round_1_Replicate_8	-91569.51	183155.02	1377987.76	24620.89	0.5724,3.6985,0.2391,2.2381,4.5367,7.8927,0.277,0.1987
sec_contact_asym_mig_size	Round_1_Replicate_9	-76940.91	153897.82	1674345.77	11678.75	5.0944,1.0786,1.2361,1.2729,5.5283,0.1544,4.4671,0.4345
sec_contact_asym_mig_size	Round_1_Replicate_10	-107860.25	215736.5	308504.16	29106.37	0.1379,0.5468,0.3162,0.7883,1.0353,1.4243,0.3666,0.3126
sec_contact_asym_mig_size	Round_2_Replicate_1	-122836.83	245689.66	840286.89	12382.59	3.7214,0.0644,1.9662,3.3118,2.0365,0.875,1.0753,0.3187
sec_contact_asym_mig_size	Round_2_Replicate_2	-65714.97	131445.94	263269.69	22805.93	1.0468,0.3532,0.3943,1.4451,5.6466,0.8654,0.4737,0.5494
sec_contact_asym_mig_size	Round_2_Replicate_3	-100117.26	200250.52	15149540.36	13726.52	10.2024,0.2936,1.0479,3.6581,1.9335,5.5353,0.5347,1.3329
sec_contact_asym_mig_size	Round_2_Replicate_4	-92142.82	184301.64	5177931.3	11010.54	3.3164,0.5514,2.8251,1.2737,2.8985,1.9769,0.3992,1.3798
sec_contact_asym_mig_size	Round_2_Replicate_5	-83266.24	166548.48	1044744.59	18331.6	0.9784,0.7775,0.4542,2.0552,2.0206,4.5428,3.4781,1.6529
sec_contact_asym_mig_size	Round_2_Replicate_6	-46227.28	92470.56	1228407.93	19669.05	0.9461,0.0716,0.6612,0.479,8.9312,4.3017,3.3709,0.6599
sec_contact_asym_mig_size	Round_2_Replicate_7	-69110.09	138236.18	339453.75	16557.33	1.3553,0.6355,1.262,1.3058,1.814,1.9043,0.5138,0.2859
sec_contact_asym_mig_size	Round_2_Replicate_8	-68115.49	136246.98	871931.53	16119.59	1.4052,0.2302,0.5769,1.9044,3.417,2.8741,1.3659,0.6991
sec_contact_asym_mig_size	Round_2_Replicate_9	-101865.17	203746.34	15768440.77	8520.31	1.468,0.33,2.0963,3.0711,3.3499,1.2351,1.8625,1.7326
sec_contact_asym_mig_size	Round_2_Replicate_10	-144591.92	289199.84	98222369.34	12456.33	3.7862,0.2143,4.0935,1.4472,5.296,1.7401,1.0638,0.4328
sec_contact_asym_mig_size	Round_2_Replicate_11	-81244.3	162504.6	2543968.97	29246.11	5.3472,0.2155,0.9531,0.4016,11.5324,1.2281,1.6054,0.3323
sec_contact_asym_mig_size	Round_2_Replicate_12	-72713.07	145442.14	2038851.57	9607.0	11.1588,1.0374,0.5414,3.1913,5.2026,3.0895,3.4733,0.9373
sec_contact_asym_mig_size	Round_2_Replicate_13	-61043.23	122102.46	266989.18	30866.57	1.3647,0.1981,1.0366,0.2575,5.3558,2.7291,0.3656,1.9114
sec_contact_asym_mig_size	Round_2_Replicate_14	-89193.7	178403.4	205472.99	17223.74	1.3701,0.6134,0.3099,1.2248,1.3597,0.8528,3.148,2.2418
sec_contact_asym_mig_size	Round_2_Replicate_15	-62359.79	124735.58	449612.0	16706.92	3.2801,0.4074,1.4723,0.7968,3.5084,0.8016,1.4252,1.1064
sec_contact_asym_mig_size	Round_2_Replicate_16	-52938.76	105893.52	381443.34	24397.25	1.9008,0.9311,0.926,0.4798,6.2351,0.9674,0.4298,0.4995
sec_contact_asym_mig_size	Round_2_Replicate_17	-83357.74	166731.48	234646.29	16425.58	1.2253,0.1721,0.3112,1.9818,2.3176,1.5144,1.5277,2.4613
sec_contact_asym_mig_size	Round_2_Replicate_18	-45125.6	90267.2	124520.62	17681.73	5.9953,0.0804,0.4602,0.4415,2.5992,1.2829,2.2974,0.3154
sec_contact_asym_mig_size	Round_2_Replicate_19	-44794.51	89605.02	137553.65	24609.06	1.7749,0.791,0.8266,0.2811,4.6043,1.7881,0.3744,0.2772
sec_contact_asym_mig_size	Round_2_Replicate_20	-46745.76	93507.52	117853.71	43285.49	3.2941,0.067,0.299,0.3413,4.8257,1.9034,0.5111,3.3642
sec_contact_asym_mig_size	Round_3_Replicate_1	-69882.43	139780.86	260750.45	22729.89	3.1559,0.8578,0.2607,0.7769,2.5129,4.5171,1.0285,0.3349
sec_contact_asym_mig_size	Round_3_Replicate_2	-49211.72	98439.44	531951.07	22663.63	1.0047,0.4126,0.9183,0.241,10.9548,3.0491,1.3362,0.13
sec_contact_asym_mig_size	Round_3_Replicate_3	-41215.44	82446.88	136477.72	36437.88	6.3862,0.269,0.2572,0.4825,8.7331,1.6513,0.1317,0.3778
sec_contact_asym_mig_size	Round_3_Replicate_4	-52731.53	105479.06	136113.45	36468.94	2.2262,0.5347,0.2514,0.3571,4.0409,0.6652,0.5421,0.4315
sec_contact_asym_mig_size	Round_3_Replicate_5	-70885.35	141786.7	254082.4	15840.42	1.7819,1.7934,1.5803,1.0835,1.7858,0.4378,0.3063,0.3008
sec_contact_asym_mig_size	Round_3_Replicate_6	-49779.69	99575.38	128120.72	24970.19	2.8226,0.1938,0.2503,0.2083,1.5267,7.5971,0.8771,0.1025
sec_contact_asym_mig_size	Round_3_Replicate_7	-58794.52	117605.04	161146.78	21798.46	3.2846,1.046,0.2958,0.7444,3.6702,0.7446,0.5297,0.1187
sec_contact_asym_mig_size	Round_3_Replicate_8	-73776.51	147569.02	1004392.91	19005.49	2.7492,0.2954,1.2382,1.0751,3.5623,3.2038,0.2538,0.1934
sec_contact_asym_mig_size	Round_3_Replicate_9	-69773.01	139562.02	203189.84	24611.45	1.1378,0.3882,1.5453,0.2196,4.618,0.4896,0.137,0.2012
sec_contact_asym_mig_size	Round_3_Replicate_10	-54487.98	108991.96	146249.07	41556.48	1.0427,1.2627,0.3135,0.173,2.4991,2.2204,0.2215,0.5394
sec_contact_asym_mig_size	Round_3_Replicate_11	-48180.41	96376.82	131618.46	23452.03	1.9597,1.7721,0.7146,0.4035,2.8995,0.7231,0.4995,0.5551
sec_contact_asym_mig_size	Round_3_Replicate_12	-60429.58	120875.16	192472.34	33052.27	1.1685,0.3055,0.2654,0.1374,9.6824,1.2023,0.9458,0.1086
sec_contact_asym_mig_size	Round_3_Replicate_13	-113123.34	226262.68	526888.52	10547.09	4.8526,1.9061,3.1576,0.3883,1.4431,0.5032,1.0335,0.1407
sec_contact_asym_mig_size	Round_3_Replicate_14	-98526.22	197068.44	373198.48	17598.73	3.3881,2.0358,0.2748,0.4108,1.2607,0.7755,1.3388,0.146
sec_contact_asym_mig_size	Round_3_Replicate_15	-43232.72	86481.44	163651.74	22589.88	2.1182,0.9984,0.8861,0.1215,7.1952,7.2944,0.4906,0.1261
sec_contact_asym_mig_size	Round_3_Replicate_16	-61346.33	122708.66	304408.8	39630.84	1.01,0.308,0.6945,0.299,8.1656,0.9091,0.0955,0.7539
sec_contact_asym_mig_size	Round_3_Replicate_17	-43562.78	87141.56	175282.52	33782.4	7.1696,0.3177,0.2878,0.3935,5.5387,4.7557,0.1045,0.2981
sec_contact_asym_mig_size	Round_3_Replicate_18	-104949.87	209915.74	476252.25	18549.4	1.7031,0.3172,1.8269,0.2033,1.7345,0.668,0.6609,0.4031
sec_contact_asym_mig_size	Round_3_Replicate_19	-53041.83	106099.66	144546.89	36873.49	5.9753,0.2614,0.2359,0.1687,3.2187,1.8479,0.1366,0.1194
sec_contact_asym_mig_size	Round_3_Replicate_20	-57001.8	114019.6	276386.66	22675.92	3.0666,0.3026,1.3028,0.4645,2.8573,2.7209,0.0843,0.0991
sec_contact_asym_mig_size	Round_3_Replicate_21	-45383.86	90783.72	396430.2	30162.66	4.2513,1.2618,0.2492,0.4694,10.2309,5.3914,0.5536,0.4823
sec_contact_asym_mig_size	Round_3_Replicate_22	-89375.99	178767.98	323826.72	17094.81	5.4413,0.2467,2.2363,0.6112,1.4211,1.5087,0.2466,0.1272
sec_contact_asym_mig_size	Round_3_Replicate_23	-64860.09	129736.18	189453.72	22908.0	2.4147,0.9518,1.7474,0.1143,3.3027,4.1481,0.129,0.2487
sec_contact_asym_mig_size	Round_3_Replicate_24	-84266.86	168549.72	2444409.26	16542.66	5.541,1.3922,1.7509,0.8192,4.2422,2.6025,0.2615,0.1749
sec_contact_asym_mig_size	Round_3_Replicate_25	-66432.6	132881.2	220142.13	21383.21	0.5989,1.1389,1.8946,0.5121,1.8388,2.3651,0.198,0.1085
sec_contact_asym_mig_size	Round_3_Replicate_26	-35102.7	70221.4	78388.48	33350.61	5.9549,0.58,0.2316,0.1009,3.464,7.5843,0.6265,0.1714
sec_contact_asym_mig_size	Round_3_Replicate_27	-55364.76	110745.52	183855.28	73083.98	0.5228,0.6253,0.306,0.1224,15.0968,1.4406,1.2994,0.3797
sec_contact_asym_mig_size	Round_3_Replicate_28	-39218.14	78452.28	92976.49	35303.9	0.858,0.6202,0.2281,0.1844,5.7842,0.9245,0.1026,0.0855
sec_contact_asym_mig_size	Round_3_Replicate_29	-49388.61	98793.22	135956.33	41908.83	0.733,0.2222,0.4129,0.2083,3.8245,1.9611,0.7256,1.0323
sec_contact_asym_mig_size	Round_3_Replicate_30	-61834.6	123685.2	293032.07	22324.24	0.4924,0.4163,1.2065,0.9891,3.5912,2.439,0.2203,0.1507
sec_contact_asym_mig_size	Round_4_Replicate_1	-29234.82	58485.64	74405.67	36019.79	7.3657,0.6206,0.3043,0.1058,4.3743,9.6064,0.4358,0.2504
sec_contact_asym_mig_size	Round_4_Replicate_2	-34400.31	68816.62	88346.79	30864.54	4.138,0.4329,0.354,0.1393,2.7543,7.3521,0.4275,0.1978
sec_contact_asym_mig_size	Round_4_Replicate_3	-36590.92	73197.84	78913.56	38049.64	4.371,0.2941,0.1928,0.1219,3.9088,7.9144,0.5059,0.1742
sec_contact_asym_mig_size	Round_4_Replicate_4	-30744.8	61505.6	79851.57	30541.27	3.6226,0.7161,0.3313,0.1321,4.6043,6.7589,0.5009,0.18
sec_contact_asym_mig_size	Round_4_Replicate_5	-26821.33	53658.66	74748.23	35098.59	6.8853,0.7821,0.2931,0.1479,7.9902,5.7341,0.8392,0.3047
sec_contact_asym_mig_size	Round_4_Replicate_6	-38267.94	76551.88	106477.83	26591.68	7.1522,0.7408,0.389,0.1579,1.7859,7.5721,0.5391,0.1902
sec_contact_asym_mig_size	Round_4_Replicate_7	-35649.26	71314.52	132554.25	32914.23	6.5155,0.2767,0.2482,0.1042,2.1875,17.0994,0.3968,0.1256
sec_contact_asym_mig_size	Round_4_Replicate_8	-26060.63	52137.26	64993.55	31572.55	3.718,0.3431,0.2242,0.0753,5.6337,14.3283,1.0306,0.1635
sec_contact_asym_mig_size	Round_4_Replicate_9	-26159.56	52335.12	78638.22	32955.76	2.8669,0.6262,0.3344,0.106,6.9174,9.7815,0.788,0.2538
sec_contact_asym_mig_size	Round_4_Replicate_10	-26736.34	53488.68	76192.95	32937.7	10.454,0.793,0.2983,0.1307,7.2101,7.3087,0.6622,0.2385
sec_contact_asym_mig_size	Round_4_Replicate_11	-25465.8	50947.6	67267.83	32031.41	10.4797,0.2814,0.2597,0.0958,7.2199,9.8755,0.8573,0.1886
sec_contact_asym_mig_size	Round_4_Replicate_12	-31280.78	62577.56	87129.1	28327.8	3.5525,0.6505,0.2934,0.1727,4.7045,6.8763,0.722,0.1821
sec_contact_asym_mig_size	Round_4_Replicate_13	-28887.9	57791.8	74119.28	25794.24	10.9212,0.9148,0.2265,0.0893,6.0525,10.0135,0.9559,0.1213
sec_contact_asym_mig_size	Round_4_Replicate_14	-32988.23	65992.46	70025.5	42850.21	10.3969,0.7585,0.1494,0.115,7.4769,5.5469,0.4867,0.1754
sec_contact_asym_mig_size	Round_4_Replicate_15	-29838.0	59692.0	88671.54	31666.78	3.8355,0.5113,0.2862,0.0597,2.9704,19.7628,0.4888,0.1203
sec_contact_asym_mig_size	Round_4_Replicate_16	-33716.66	67449.32	78620.63	41112.51	4.6475,0.8148,0.2406,0.0756,2.0691,14.5848,0.6117,0.2456
sec_contact_asym_mig_size	Round_4_Replicate_17	-28021.33	56058.66	73118.33	29080.48	3.8651,0.7804,0.3214,0.1071,5.3625,8.3041,0.7347,0.1787
sec_contact_asym_mig_size	Round_4_Replicate_18	-25042.31	50100.62	64037.49	30352.69	4.8783,0.4951,0.271,0.0759,7.7387,11.1241,0.9838,0.1694
sec_contact_asym_mig_size	Round_4_Replicate_19	-26833.9	53683.8	72732.12	36371.07	5.3096,0.6598,0.2233,0.0791,6.5432,13.7755,0.4267,0.1404
sec_contact_asym_mig_size	Round_4_Replicate_20	-26047.12	52110.24	84841.69	30832.57	5.3192,0.3342,0.3471,0.0853,6.7953,13.1754,0.7767,0.2148
sec_contact_asym_mig_size	Round_4_Replicate_21	-30578.68	61173.36	94157.83	30413.68	9.3426,0.3538,0.3494,0.146,4.43,8.2614,0.5059,0.2156
sec_contact_asym_mig_size	Round_4_Replicate_22	-28752.73	57521.46	86334.36	29477.87	8.2896,0.7193,0.3174,0.1317,5.4592,8.4467,0.6122,0.1917
sec_contact_asym_mig_size	Round_4_Replicate_23	-30116.08	60248.16	65659.38	42023.18	9.0931,0.7394,0.1698,0.1275,8.1645,4.7851,0.5975,0.2071
sec_contact_asym_mig_size	Round_4_Replicate_24	-31136.1	62288.2	84351.84	29592.4	5.9085,1.0376,0.3203,0.1153,3.3521,9.7757,0.6095,0.1943
sec_contact_asym_mig_size	Round_4_Replicate_25	-33773.6	67563.2	73875.71	27607.61	12.0338,0.4562,0.2753,0.1325,2.918,6.8196,1.153,0.2519
sec_contact_asym_mig_size	Round_4_Replicate_26	-29728.09	59472.18	66207.29	43575.69	3.7058,0.4533,0.2024,0.1345,7.0331,5.7894,0.8476,0.3272
sec_contact_asym_mig_size	Round_4_Replicate_27	-25800.68	51617.36	66381.49	31316.45	7.1341,1.0864,0.2979,0.0951,5.575,10.502,0.9561,0.2627
sec_contact_asym_mig_size	Round_4_Replicate_28	-25989.07	51994.14	78388.31	36633.89	8.9782,0.5302,0.2146,0.0702,8.4337,15.8919,0.3364,0.1127
sec_contact_asym_mig_size	Round_4_Replicate_29	-35694.11	71404.22	83032.73	32658.51	7.4121,0.3636,0.2834,0.1898,3.7652,4.4349,0.5079,0.2297
sec_contact_asym_mig_size	Round_4_Replicate_30	-29392.62	58801.24	72570.11	33248.93	8.0816,0.9917,0.207,0.0644,4.0161,16.7045,0.6237,0.1304
sec_contact_asym_mig_size	Round_4_Replicate_31	-28417.17	56850.34	89901.95	26613.49	3.929,0.2882,0.3024,0.102,5.7488,11.3365,0.7942,0.1213
sec_contact_asym_mig_size	Round_4_Replicate_32	-33065.72	66147.44	85974.69	27951.66	3.9586,0.3017,0.3509,0.1102,2.361,9.5705,0.7059,0.1775
sec_contact_asym_mig_size	Round_4_Replicate_33	-24522.66	49061.32	69711.58	31706.58	5.6465,0.8171,0.2654,0.1206,9.1112,7.3528,1.1331,0.2333
sec_contact_asym_mig_size	Round_4_Replicate_34	-30431.01	60878.02	84171.97	25604.67	8.7257,0.3911,0.4157,0.0992,2.996,10.2123,0.8113,0.2148
sec_contact_asym_mig_size	Round_4_Replicate_35	-40252.63	80521.26	96386.48	33008.95	7.9726,0.7267,0.1966,0.1179,2.6102,9.9788,0.352,0.104
sec_contact_asym_mig_size	Round_4_Replicate_36	-32963.68	65943.36	86585.63	26435.49	4.5575,0.5694,0.4384,0.187,2.8432,5.5599,0.7666,0.3045
sec_contact_asym_mig_size	Round_4_Replicate_37	-29629.59	59275.18	90706.41	38642.93	4.2162,1.0739,0.2517,0.0826,3.585,17.3454,0.7152,0.2548
sec_contact_asym_mig_size	Round_4_Replicate_38	-29078.38	58172.76	93381.68	35024.83	3.6941,0.9044,0.3727,0.131,7.3628,7.3045,0.3673,0.2557
sec_contact_asym_mig_size	Round_4_Replicate_39	-32454.67	64925.34	85854.22	27089.73	8.2375,1.1425,0.3019,0.0747,1.8486,14.6696,0.8029,0.1537
sec_contact_asym_mig_size	Round_4_Replicate_40	-43362.81	86741.62	136566.71	24985.94	5.4577,0.6631,0.1851,0.1562,3.215,12.8474,0.8484,0.0933
