Model	Replicate	log-likelihood	AIC	chi-squared	theta	optimized_params(nu1, nu2, m, T1, T2, T3)
sec_contact_sym_mig_three_epoch	Round_1_Replicate_1	-351705.77	703423.54	5467670.49	11309.27	0.3209,3.0478,0.2866,2.09,0.5715,0.4755
sec_contact_sym_mig_three_epoch	Round_1_Replicate_2	-1213237.8	2426487.6	2551197923254.41	19810.86	0.5185,0.299,3.1701,0.4326,3.8287,3.0568
sec_contact_sym_mig_three_epoch	Round_1_Replicate_3	-288849.51	577711.02	485995328500.91	5437.04	1.1581,0.1194,0.2258,5.6918,1.9273,3.5541
sec_contact_sym_mig_three_epoch	Round_1_Replicate_4	-569570.58	1139153.16	3.868435968696242e+16	5931.06	0.3634,1.2093,0.3576,0.1493,3.7765,6.5954
sec_contact_sym_mig_three_epoch	Round_1_Replicate_5	-1138638.64	2277289.28	998456501990.49	20135.97	0.7536,0.1675,5.495,0.9913,0.1188,2.1334
sec_contact_sym_mig_three_epoch	Round_1_Replicate_6	-147063.39	294138.78	776123.95	13534.1	1.3393,0.6874,2.157,0.3877,7.5861,0.6562
sec_contact_sym_mig_three_epoch	Round_1_Replicate_7	-89361.53	178735.06	249591.05	4054.89	3.5385,6.1286,0.4488,1.3112,5.8999,0.7171
sec_contact_sym_mig_three_epoch	Round_1_Replicate_8	-319648.38	639308.76	8827697.58	12426.58	3.7428,0.2135,8.1302,0.7213,0.2058,0.6548
sec_contact_sym_mig_three_epoch	Round_1_Replicate_9	-326069.24	652150.48	6315326.64	6823.81	1.3906,3.4976,0.4582,1.9706,1.3097,2.6769
sec_contact_sym_mig_three_epoch	Round_1_Replicate_10	-283562.26	567136.52	3445051.36	30078.02	0.2724,0.5841,0.5674,0.2191,0.2739,0.334
sec_contact_sym_mig_three_epoch	Round_2_Replicate_1	-175602.25	351216.5	603026.61	3315.29	1.3362,16.2014,0.2324,0.6875,12.3144,0.4411
sec_contact_sym_mig_three_epoch	Round_2_Replicate_2	-86516.51	173045.02	211040.97	6884.09	1.2431,4.8322,0.9111,1.7814,4.2545,0.2145
sec_contact_sym_mig_three_epoch	Round_2_Replicate_3	-129350.38	258712.76	376792.94	5979.21	1.208,4.0386,0.2497,2.5281,8.3975,0.2638
sec_contact_sym_mig_three_epoch	Round_2_Replicate_4	-121099.06	242210.12	362462.73	3412.35	2.7187,6.8736,0.1784,0.9167,14.5657,0.8563
sec_contact_sym_mig_three_epoch	Round_2_Replicate_5	-203457.54	406927.08	1083440.38	6498.09	1.1328,4.9103,0.2167,0.6179,4.5385,0.7353
sec_contact_sym_mig_three_epoch	Round_2_Replicate_6	-67334.6	134681.2	167520.2	1939.09	5.7884,11.4271,0.2042,2.2272,25.0447,0.5529
sec_contact_sym_mig_three_epoch	Round_2_Replicate_7	-138578.09	277168.18	491652.02	4303.16	2.3959,14.8164,0.8909,1.5397,2.5346,0.9443
sec_contact_sym_mig_three_epoch	Round_2_Replicate_8	-48809.15	97630.3	131968.75	2346.92	7.6664,4.7707,0.3912,4.3617,24.7641,0.5554
sec_contact_sym_mig_three_epoch	Round_2_Replicate_9	-232124.5	464261.0	1913267.8	8332.05	1.2077,2.2615,0.1534,1.6566,3.267,0.8983
sec_contact_sym_mig_three_epoch	Round_2_Replicate_10	-109328.98	218669.96	418671.9	5892.16	2.8156,1.5576,0.343,0.4967,23.9776,0.699
sec_contact_sym_mig_three_epoch	Round_2_Replicate_11	-50175.09	100362.18	247199.05	3322.23	4.348,4.6252,1.6735,1.0937,18.0869,0.4148
sec_contact_sym_mig_three_epoch	Round_2_Replicate_12	-78377.83	156767.66	602800.54	5635.53	3.5809,3.7018,1.2551,1.349,2.708,0.2045
sec_contact_sym_mig_three_epoch	Round_2_Replicate_13	-106530.4	213072.8	425688.46	4438.19	4.0868,7.4228,0.4418,2.0872,1.9351,0.4208
sec_contact_sym_mig_three_epoch	Round_2_Replicate_14	-129838.43	259688.86	651811.17	3225.04	6.8441,11.451,1.1493,0.8491,3.1561,1.1952
sec_contact_sym_mig_three_epoch	Round_2_Replicate_15	-142702.16	285416.32	538994.91	5069.72	2.1492,9.9937,0.4974,0.3796,3.1592,0.7426
sec_contact_sym_mig_three_epoch	Round_2_Replicate_16	-75698.49	151408.98	191897.08	3297.88	4.0654,4.5104,0.9541,0.4865,25.5778,1.302
sec_contact_sym_mig_three_epoch	Round_2_Replicate_17	-85065.41	170142.82	222900.94	2649.64	4.151,10.1623,0.1841,1.7839,13.1836,0.3799
sec_contact_sym_mig_three_epoch	Round_2_Replicate_18	-71486.74	142985.48	169775.94	4841.41	2.2715,3.8144,0.3199,1.6614,11.9684,0.1831
sec_contact_sym_mig_three_epoch	Round_2_Replicate_19	-158039.77	316091.54	763774.55	4483.26	2.0832,10.4594,0.1748,3.1345,1.8712,0.3003
sec_contact_sym_mig_three_epoch	Round_2_Replicate_20	-79843.58	159699.16	228528.86	2410.58	6.9335,8.1893,0.1908,1.5062,12.1285,0.8033
sec_contact_sym_mig_three_epoch	Round_3_Replicate_1	-59459.57	118931.14	307073.45	3283.65	3.4741,7.0324,0.8316,5.9864,9.2766,0.2653
sec_contact_sym_mig_three_epoch	Round_3_Replicate_2	-76623.69	153259.38	230996.66	1787.7	10.9422,5.724,0.1237,1.4315,28.6951,1.2045
sec_contact_sym_mig_three_epoch	Round_3_Replicate_3	-42930.54	85873.08	146342.13	4517.71	3.8847,2.2687,0.7031,4.4097,22.0745,0.1102
sec_contact_sym_mig_three_epoch	Round_3_Replicate_4	-54415.75	108843.5	150486.15	3529.11	7.0018,1.883,0.3983,2.588,24.2993,0.1889
sec_contact_sym_mig_three_epoch	Round_3_Replicate_5	-127203.65	254419.3	618529.89	1856.69	15.3383,2.4921,0.1498,11.6757,22.7126,1.5108
sec_contact_sym_mig_three_epoch	Round_3_Replicate_6	-85588.02	171188.04	197727.28	4267.25	2.1752,5.3314,0.8369,1.1419,22.512,0.7595
sec_contact_sym_mig_three_epoch	Round_3_Replicate_7	-49438.67	98889.34	160939.3	4379.77	6.238,1.5735,1.1287,16.5113,20.9819,0.2117
sec_contact_sym_mig_three_epoch	Round_3_Replicate_8	-65539.9	131091.8	158612.46	2027.91	4.7472,10.7614,0.242,13.1535,23.3947,0.466
sec_contact_sym_mig_three_epoch	Round_3_Replicate_9	-99012.29	198036.58	239554.54	3510.87	2.3733,7.6304,1.0279,9.0977,24.4035,1.1408
sec_contact_sym_mig_three_epoch	Round_3_Replicate_10	-103784.79	207581.58	278849.62	3529.09	2.482,6.6984,0.1509,2.2894,13.6192,0.2259
sec_contact_sym_mig_three_epoch	Round_3_Replicate_11	-159688.13	319388.26	936093.05	5573.09	2.9323,1.275,0.1815,7.884,8.7126,0.8326
sec_contact_sym_mig_three_epoch	Round_3_Replicate_12	-56857.19	113726.38	149597.06	3195.0	6.5864,2.5561,0.4992,12.9254,28.8724,0.5886
sec_contact_sym_mig_three_epoch	Round_3_Replicate_13	-173331.35	346674.7	1078061.09	4245.31	3.5585,2.3848,0.209,1.1036,24.4583,1.9884
sec_contact_sym_mig_three_epoch	Round_3_Replicate_14	-90349.13	180710.26	306773.94	2153.82	10.7601,4.2259,0.1905,1.3966,19.2951,1.4717
sec_contact_sym_mig_three_epoch	Round_3_Replicate_15	-46255.74	92523.48	215727.55	2799.43	5.8914,4.3224,1.5376,3.049,28.4608,0.4912
sec_contact_sym_mig_three_epoch	Round_3_Replicate_16	-56462.0	112936.0	138028.7	2330.21	6.2208,5.6799,0.1775,3.8926,27.9044,0.3633
sec_contact_sym_mig_three_epoch	Round_3_Replicate_17	-56857.38	113726.76	435491.05	1486.71	16.0625,7.0901,0.2978,4.483,25.9786,0.2573
sec_contact_sym_mig_three_epoch	Round_3_Replicate_18	-156534.31	313080.62	817044.43	3725.45	3.776,2.9871,0.1709,4.6583,23.3031,1.9075
sec_contact_sym_mig_three_epoch	Round_3_Replicate_19	-47020.35	94052.7	143053.38	2923.28	5.4385,4.3411,0.3417,3.3569,19.9264,0.1433
sec_contact_sym_mig_three_epoch	Round_3_Replicate_20	-67710.45	135432.9	2116084.92	1340.91	9.3127,16.6566,1.0093,10.2192,27.5279,0.5111
sec_contact_sym_mig_three_epoch	Round_3_Replicate_21	-79821.07	159654.14	211609.47	2783.63	4.3572,7.8711,0.1498,4.0744,11.4346,0.2317
sec_contact_sym_mig_three_epoch	Round_3_Replicate_22	-51448.69	102909.38	125621.36	3255.43	4.2141,4.3857,0.4404,1.1463,24.5165,0.3835
sec_contact_sym_mig_three_epoch	Round_3_Replicate_23	-117883.54	235779.08	524747.61	2642.3	9.7687,2.2066,0.2523,4.5905,22.8833,1.4036
sec_contact_sym_mig_three_epoch	Round_3_Replicate_24	-50713.45	101438.9	174543.94	3274.49	7.1958,2.7818,0.5472,6.2504,8.8484,0.2226
sec_contact_sym_mig_three_epoch	Round_3_Replicate_25	-46489.92	92991.84	171581.91	4213.54	2.9518,3.4995,0.9436,15.4372,20.0113,0.2034
sec_contact_sym_mig_three_epoch	Round_3_Replicate_26	-117327.66	234667.32	525283.32	2427.08	11.0195,2.0022,0.318,21.5395,16.3812,1.4623
sec_contact_sym_mig_three_epoch	Round_3_Replicate_27	-137454.75	274921.5	718298.05	4435.76	6.4509,1.2966,0.9939,9.7152,22.9586,1.3101
sec_contact_sym_mig_three_epoch	Round_3_Replicate_28	-79620.17	159252.34	207870.13	3331.32	4.29,5.0053,0.6243,3.3105,11.4788,1.2167
sec_contact_sym_mig_three_epoch	Round_3_Replicate_29	-64614.61	129241.22	144972.16	3536.8	3.2618,5.0599,1.1773,2.8753,23.8745,0.8475
sec_contact_sym_mig_three_epoch	Round_3_Replicate_30	-76168.5	152349.0	197340.02	1772.78	8.4448,11.3015,0.3192,1.8619,19.56,1.7962
sec_contact_sym_mig_three_epoch	Round_4_Replicate_1	-42634.45	85280.9	137303.18	4198.05	4.3859,2.244,0.5349,6.5042,25.162,0.0542
sec_contact_sym_mig_three_epoch	Round_4_Replicate_2	-43238.01	86488.02	118932.78	6385.79	2.576,1.6335,0.7025,10.4948,27.9246,0.0507
sec_contact_sym_mig_three_epoch	Round_4_Replicate_3	-43964.2	87940.4	209029.89	3785.74	4.6187,2.8007,0.8189,4.2679,27.2844,0.1564
sec_contact_sym_mig_three_epoch	Round_4_Replicate_4	-48314.55	96641.1	426490.52	3816.86	3.7337,3.4584,0.9148,5.436,28.5637,0.0891
sec_contact_sym_mig_three_epoch	Round_4_Replicate_5	-48754.19	97520.38	542497.63	4236.85	4.3888,2.3915,1.2802,6.8449,24.9224,0.0936
sec_contact_sym_mig_three_epoch	Round_4_Replicate_6	-43994.44	88000.88	119387.09	5524.32	3.2715,1.7312,0.6687,2.4985,21.9188,0.0988
sec_contact_sym_mig_three_epoch	Round_4_Replicate_7	-43215.87	86443.74	144511.44	3625.05	4.9941,2.7572,0.5767,2.3964,29.0923,0.1531
sec_contact_sym_mig_three_epoch	Round_4_Replicate_8	-46177.96	92367.92	124968.5	6104.17	3.4068,1.3431,0.8078,3.8085,22.1526,0.1148
sec_contact_sym_mig_three_epoch	Round_4_Replicate_9	-43590.51	87193.02	114075.13	6858.42	2.4361,1.4606,0.7457,6.6302,11.1301,0.0652
sec_contact_sym_mig_three_epoch	Round_4_Replicate_10	-43207.41	86426.82	141716.73	4767.91	3.5016,2.2749,0.8358,4.6222,24.7047,0.1532
sec_contact_sym_mig_three_epoch	Round_4_Replicate_11	-47348.18	94708.36	406033.88	3624.07	5.0631,2.8824,1.2408,3.4106,28.1259,0.1747
sec_contact_sym_mig_three_epoch	Round_4_Replicate_12	-44579.43	89170.86	240156.91	5911.76	2.6195,2.0046,1.1167,2.6453,20.9892,0.0602
sec_contact_sym_mig_three_epoch	Round_4_Replicate_13	-43700.51	87413.02	163898.16	5208.3	3.2552,2.0914,1.3457,5.5622,29.2418,0.1924
sec_contact_sym_mig_three_epoch	Round_4_Replicate_14	-54231.95	108475.9	153258.93	4512.06	5.952,1.3235,0.5468,4.5462,27.9058,0.0973
sec_contact_sym_mig_three_epoch	Round_4_Replicate_15	-43203.73	86419.46	155220.95	3771.49	4.3889,2.9183,0.6179,3.8852,27.8566,0.1401
sec_contact_sym_mig_three_epoch	Round_4_Replicate_16	-45381.04	90774.08	117422.0	4015.77	3.7118,2.9474,0.4384,4.9717,29.057,0.1317
sec_contact_sym_mig_three_epoch	Round_4_Replicate_17	-43567.9	87147.8	133415.89	5793.05	3.4702,1.4695,0.7217,3.472,18.6799,0.0415
sec_contact_sym_mig_three_epoch	Round_4_Replicate_18	-42793.37	85598.74	152315.56	6335.36	2.8212,1.5811,1.0775,2.8865,24.3925,0.0866
sec_contact_sym_mig_three_epoch	Round_4_Replicate_19	-43471.2	86954.4	144420.19	6279.47	2.7308,1.6947,1.2936,2.9043,21.5089,0.1449
sec_contact_sym_mig_three_epoch	Round_4_Replicate_20	-43341.5	86695.0	118599.81	6247.1	2.7695,1.5709,0.6632,2.3985,26.8017,0.0444
sec_contact_sym_mig_three_epoch	Round_4_Replicate_21	-42829.89	85671.78	141034.13	3977.07	4.3381,2.6064,0.6327,8.9616,16.4843,0.1442
sec_contact_sym_mig_three_epoch	Round_4_Replicate_22	-42632.77	85277.54	143869.09	4321.79	4.1467,2.276,0.5928,2.3448,28.8755,0.069
sec_contact_sym_mig_three_epoch	Round_4_Replicate_23	-42932.48	85876.96	141844.63	7008.54	2.4375,1.5004,1.138,3.1117,15.9496,0.0863
sec_contact_sym_mig_three_epoch	Round_4_Replicate_24	-42079.33	84170.66	142592.15	4589.87	4.1832,1.9295,0.7796,10.9145,13.0927,0.1126
sec_contact_sym_mig_three_epoch	Round_4_Replicate_25	-43761.36	87534.72	127165.21	4325.07	4.1475,2.2849,0.4845,3.1621,18.9117,0.0604
sec_contact_sym_mig_three_epoch	Round_4_Replicate_26	-43310.67	86633.34	129553.36	4959.72	3.5024,2.0763,0.7327,3.0261,21.7905,0.128
sec_contact_sym_mig_three_epoch	Round_4_Replicate_27	-46900.01	93812.02	117560.41	4340.97	3.3827,2.7965,0.4474,7.1127,15.2477,0.1368
sec_contact_sym_mig_three_epoch	Round_4_Replicate_28	-42612.02	85236.04	157340.0	4349.05	4.0521,2.3087,0.6247,4.9845,27.8507,0.0602
sec_contact_sym_mig_three_epoch	Round_4_Replicate_29	-43209.03	86430.06	122516.99	6756.11	2.7447,1.3543,0.7733,4.2622,17.8865,0.0433
sec_contact_sym_mig_three_epoch	Round_4_Replicate_30	-49513.7	99039.4	130769.55	6878.82	3.0715,1.1342,0.7726,2.1699,18.4281,0.1107
sec_contact_sym_mig_three_epoch	Round_4_Replicate_31	-42832.58	85677.16	129357.52	6101.77	2.6254,1.7818,0.7158,4.0886,27.3834,0.0386
sec_contact_sym_mig_three_epoch	Round_4_Replicate_32	-43757.27	87526.54	137577.58	5149.55	3.083,2.2295,0.9665,2.6668,28.1996,0.1737
sec_contact_sym_mig_three_epoch	Round_4_Replicate_33	-45946.59	91905.18	319950.14	5106.12	3.1458,2.2868,1.3466,4.4745,18.8824,0.1079
sec_contact_sym_mig_three_epoch	Round_4_Replicate_34	-45934.9	91881.8	117830.68	4576.34	3.889,2.0725,0.467,6.7654,18.3443,0.1249
sec_contact_sym_mig_three_epoch	Round_4_Replicate_35	-42744.83	85501.66	132897.44	8039.37	2.1185,1.2917,1.1737,2.3981,20.7572,0.0662
sec_contact_sym_mig_three_epoch	Round_4_Replicate_36	-46819.41	93650.82	123582.81	5551.37	2.4075,2.4277,0.6762,4.8782,27.6669,0.1124
sec_contact_sym_mig_three_epoch	Round_4_Replicate_37	-43932.6	87877.2	116186.89	7391.79	2.4295,1.2535,0.7971,5.2228,9.7034,0.0568
sec_contact_sym_mig_three_epoch	Round_4_Replicate_38	-43707.6	87427.2	137717.08	3512.81	4.843,3.0712,0.4706,2.9103,23.9917,0.1235
sec_contact_sym_mig_three_epoch	Round_4_Replicate_39	-42863.24	85738.48	136237.95	5680.9	3.3148,1.6355,0.8071,3.5632,23.783,0.0734
sec_contact_sym_mig_three_epoch	Round_4_Replicate_40	-43193.13	86398.26	155374.39	5535.0	3.11,1.9012,1.3483,10.5463,18.0754,0.1749
