Model	Replicate	log-likelihood	AIC	chi-squared	theta	optimized_params(nu1, nu2, m, T1, T2, T3)
sec_contact_sym_mig_three_epoch	Round_1_Replicate_1	-403823.56	807659.12	11614781.73	22103.14	0.1999,1.523,0.3623,0.39,0.1232,0.3702
sec_contact_sym_mig_three_epoch	Round_1_Replicate_2	-317480.4	634972.8	6418347.01	25638.8	0.4503,0.3585,0.8376,1.1358,0.2218,0.5017
sec_contact_sym_mig_three_epoch	Round_1_Replicate_3	-426940.62	853893.24	30919500.41	35617.43	0.4642,0.1953,2.3138,0.2296,1.2542,0.6413
sec_contact_sym_mig_three_epoch	Round_1_Replicate_4	-92447.32	184906.64	1324332.08	7385.35	2.0125,4.8559,5.4374,2.1466,0.222,0.1786
sec_contact_sym_mig_three_epoch	Round_1_Replicate_5	-761869.74	1523751.48	4260901529.83	5584.36	5.9286,0.4808,7.17,0.9312,5.4122,4.155
sec_contact_sym_mig_three_epoch	Round_1_Replicate_6	-368448.05	736908.1	9814642.14	28388.1	0.2457,0.2036,0.2106,0.145,7.9881,0.1343
sec_contact_sym_mig_three_epoch	Round_1_Replicate_7	-305114.76	610241.52	4199630.93	11867.68	0.6405,3.9656,0.1977,0.3744,0.2671,0.8616
sec_contact_sym_mig_three_epoch	Round_1_Replicate_8	-445978.2	891968.4	15518071.61	13456.76	0.1997,3.2918,0.335,0.1263,1.7001,0.4499
sec_contact_sym_mig_three_epoch	Round_1_Replicate_9	-195276.68	390565.36	1538738.27	18350.67	0.9408,0.1898,0.7608,2.223,0.317,0.1787
sec_contact_sym_mig_three_epoch	Round_1_Replicate_10	-263528.99	527069.98	1898274.25	17331.51	0.2712,4.5064,0.2607,0.1359,0.2886,0.2013
sec_contact_sym_mig_three_epoch	Round_2_Replicate_1	-80880.07	161772.14	179913.45	8179.59	0.9826,2.067,6.3598,6.1019,0.3255,0.5138
sec_contact_sym_mig_three_epoch	Round_2_Replicate_2	-87033.16	174078.32	254207.52	6911.2	2.6335,2.9131,2.3635,2.4138,0.6532,0.6315
sec_contact_sym_mig_three_epoch	Round_2_Replicate_3	-129040.72	258093.44	32991243.91	10047.73	1.554,10.581,15.9262,0.5612,0.4184,0.0819
sec_contact_sym_mig_three_epoch	Round_2_Replicate_4	-144360.21	288732.42	35688818.17	5142.22	5.5066,5.4858,15.5242,2.1555,0.3422,0.2101
sec_contact_sym_mig_three_epoch	Round_2_Replicate_5	-89387.2	178786.4	717825.25	7703.04	2.1684,3.9627,2.1332,1.9725,0.3294,0.1172
sec_contact_sym_mig_three_epoch	Round_2_Replicate_6	-99618.46	199248.92	1588742.0	11361.09	0.827,14.6527,7.2621,0.6918,0.5601,0.0775
sec_contact_sym_mig_three_epoch	Round_2_Replicate_7	-128848.09	257708.18	2232554.53	5117.01	4.4236,7.2929,1.4657,2.3556,0.3437,0.092
sec_contact_sym_mig_three_epoch	Round_2_Replicate_8	-180258.22	360528.44	1535326.86	3538.28	4.449,17.8038,1.9647,3.9813,0.0727,0.062
sec_contact_sym_mig_three_epoch	Round_2_Replicate_9	-61478.79	122969.58	456242.92	4802.81	1.3869,7.4773,7.8992,7.8589,0.4463,0.2015
sec_contact_sym_mig_three_epoch	Round_2_Replicate_10	-111475.61	222963.22	428132.96	6821.16	2.4436,6.7026,8.2144,1.5411,0.1762,0.551
sec_contact_sym_mig_three_epoch	Round_2_Replicate_11	-139985.14	279982.28	2465593.09	4358.89	4.6993,13.8991,12.0376,2.2248,0.26,0.546
sec_contact_sym_mig_three_epoch	Round_2_Replicate_12	-119640.78	239293.56	695593.94	7059.19	2.8697,5.1366,2.9474,1.8522,0.0899,0.07
sec_contact_sym_mig_three_epoch	Round_2_Replicate_13	-107591.61	215195.22	2042312.51	4941.91	2.5863,8.069,2.4293,3.8546,0.2599,0.0587
sec_contact_sym_mig_three_epoch	Round_2_Replicate_14	-80003.46	160018.92	584842.86	5788.7	0.906,5.5507,2.729,6.6967,0.2265,0.041
sec_contact_sym_mig_three_epoch	Round_2_Replicate_15	-112008.81	224029.62	1040016.54	9444.61	0.9697,8.6095,8.3037,1.3218,0.0841,0.104
sec_contact_sym_mig_three_epoch	Round_2_Replicate_16	-47025.55	94063.1	159882.29	9461.0	1.8203,1.3311,6.8292,3.1642,0.5677,0.2012
sec_contact_sym_mig_three_epoch	Round_2_Replicate_17	-85581.52	171175.04	320328.12	5305.0	2.1923,7.5888,9.6795,3.8467,0.1741,0.4444
sec_contact_sym_mig_three_epoch	Round_2_Replicate_18	-98123.38	196258.76	2272381.28	10043.75	1.7844,3.8003,12.0272,0.8279,0.3785,0.1548
sec_contact_sym_mig_three_epoch	Round_2_Replicate_19	-117230.21	234472.42	3065837.4	6323.55	5.6643,3.0859,13.2576,1.372,0.5018,0.3026
sec_contact_sym_mig_three_epoch	Round_2_Replicate_20	-114251.17	228514.34	1132818.78	5854.97	3.1814,8.1781,4.7385,1.413,0.7653,0.3795
sec_contact_sym_mig_three_epoch	Round_3_Replicate_1	-103687.79	207387.58	356535.14	7337.43	3.1866,2.4042,7.0179,1.7599,0.3003,0.7767
sec_contact_sym_mig_three_epoch	Round_3_Replicate_2	-27959.09	55930.18	80872.68	14253.04	0.7493,0.4674,8.2814,4.2734,0.2907,0.0586
sec_contact_sym_mig_three_epoch	Round_3_Replicate_3	-161621.07	323254.14	845882.2	25200.41	0.5066,0.4835,2.9413,2.3221,2.2448,0.3935
sec_contact_sym_mig_three_epoch	Round_3_Replicate_4	-53047.69	106107.38	111244.68	4011.58	2.6675,3.052,4.9533,13.9761,1.4792,0.7848
sec_contact_sym_mig_three_epoch	Round_3_Replicate_5	-92375.77	184763.54	11441034.55	5761.92	4.004,2.7332,21.6264,3.9665,0.1181,0.1318
sec_contact_sym_mig_three_epoch	Round_3_Replicate_6	-131582.36	263176.72	602511.91	20667.1	0.8353,0.4676,8.9346,0.969,0.1312,0.4343
sec_contact_sym_mig_three_epoch	Round_3_Replicate_7	-126038.1	252088.2	117935148.14	5760.7	4.6915,2.8364,21.1651,3.2984,0.1252,0.0783
sec_contact_sym_mig_three_epoch	Round_3_Replicate_8	-120528.03	241068.06	459928.53	8345.01	1.0872,0.6441,5.057,10.4861,0.4196,0.7255
sec_contact_sym_mig_three_epoch	Round_3_Replicate_9	-73388.27	146788.54	8748711.62	3681.92	5.2551,3.1631,2.3055,9.4271,1.8195,0.0588
sec_contact_sym_mig_three_epoch	Round_3_Replicate_10	-69660.51	139333.02	369922.73	10142.08	0.8873,4.3911,11.3608,2.0584,0.6212,0.1423
sec_contact_sym_mig_three_epoch	Round_3_Replicate_11	-71275.73	142563.46	220036.68	7039.69	3.8177,0.5953,21.8157,7.5024,0.9366,0.4644
sec_contact_sym_mig_three_epoch	Round_3_Replicate_12	-48022.97	96057.94	251633.06	12142.17	1.5002,0.9863,14.6264,2.0437,0.8035,0.1312
sec_contact_sym_mig_three_epoch	Round_3_Replicate_13	-46372.31	92756.62	210660.29	14415.69	0.6737,1.1646,8.6557,2.6703,0.5391,0.0797
sec_contact_sym_mig_three_epoch	Round_3_Replicate_14	-58352.24	116716.48	439638.53	7030.83	0.7061,3.5149,7.7168,7.306,0.2158,0.0939
sec_contact_sym_mig_three_epoch	Round_3_Replicate_15	-23870.89	47753.78	54166.68	11442.85	0.9051,0.3786,4.7367,6.3441,0.3667,0.048
sec_contact_sym_mig_three_epoch	Round_3_Replicate_16	-55796.28	111604.56	259842.45	8637.63	2.6809,1.3473,2.693,2.7991,0.2407,0.0521
sec_contact_sym_mig_three_epoch	Round_3_Replicate_17	-61531.45	123074.9	281869.45	12646.07	1.6365,1.1859,13.4393,1.0601,0.5192,0.1718
sec_contact_sym_mig_three_epoch	Round_3_Replicate_18	-84567.91	169147.82	432628.66	10100.74	2.4212,1.9785,11.9966,0.87,0.3797,0.2829
sec_contact_sym_mig_three_epoch	Round_3_Replicate_19	-88071.87	176155.74	195448.39	8076.45	0.5588,2.9369,3.7197,6.3021,0.2043,0.186
sec_contact_sym_mig_three_epoch	Round_3_Replicate_20	-116695.66	233403.32	486547.42	7969.36	5.0838,0.5312,5.7284,2.4085,0.1612,0.4234
sec_contact_sym_mig_three_epoch	Round_3_Replicate_21	-65597.06	131206.12	166278.97	12229.93	1.368,1.1596,2.5423,1.0867,1.7078,0.2507
sec_contact_sym_mig_three_epoch	Round_3_Replicate_22	-47965.19	95942.38	182383.6	14640.86	1.0893,0.9188,17.5582,1.5588,0.7103,0.1299
sec_contact_sym_mig_three_epoch	Round_3_Replicate_23	-86018.38	172048.76	279230.73	10347.89	1.2085,0.4959,24.3153,10.5806,1.1496,0.4492
sec_contact_sym_mig_three_epoch	Round_3_Replicate_24	-41171.17	82354.34	121397.3	11442.43	1.4319,0.8951,5.6458,3.132,0.793,0.1422
sec_contact_sym_mig_three_epoch	Round_3_Replicate_25	-66824.19	133660.38	172452.53	8583.17	1.8605,1.2446,18.2589,4.4726,0.2237,0.5584
sec_contact_sym_mig_three_epoch	Round_3_Replicate_26	-55743.74	111499.48	375774.08	9057.69	1.575,2.0492,19.6657,2.2746,1.7896,0.1811
sec_contact_sym_mig_three_epoch	Round_3_Replicate_27	-65403.38	130818.76	325596.19	15460.05	0.7616,1.8853,23.0657,0.9714,0.1627,0.1189
sec_contact_sym_mig_three_epoch	Round_3_Replicate_28	-45881.32	91774.64	141244.53	3899.75	6.7439,1.9916,2.0278,8.3107,0.3727,0.2391
sec_contact_sym_mig_three_epoch	Round_3_Replicate_29	-123121.52	246255.04	543672.7	10905.89	2.7887,0.7027,3.4541,1.2086,0.4324,0.5335
sec_contact_sym_mig_three_epoch	Round_3_Replicate_30	-50058.44	100128.88	148909.99	15858.23	1.4454,0.5856,9.7461,1.1235,0.9786,0.1268
sec_contact_sym_mig_three_epoch	Round_4_Replicate_1	-22161.41	44334.82	52587.58	11579.72	0.8172,0.2507,4.2265,7.0781,0.3813,0.0131
sec_contact_sym_mig_three_epoch	Round_4_Replicate_2	-26370.6	52753.2	89208.66	14723.71	0.604,0.3786,5.5068,5.2111,0.5024,0.023
sec_contact_sym_mig_three_epoch	Round_4_Replicate_3	-26035.87	52083.74	67370.39	14982.3	0.6582,0.3805,4.4641,4.6994,0.4956,0.0286
sec_contact_sym_mig_three_epoch	Round_4_Replicate_4	-29992.61	59997.22	65277.43	16678.12	0.6034,0.4098,4.8979,3.729,0.4188,0.0506
sec_contact_sym_mig_three_epoch	Round_4_Replicate_5	-25619.2	51250.4	75817.45	16310.16	0.5141,0.3022,10.5671,5.7229,0.5221,0.0368
sec_contact_sym_mig_three_epoch	Round_4_Replicate_6	-24438.86	48889.72	58802.99	13570.87	0.6301,0.3343,7.6102,5.639,0.3048,0.044
sec_contact_sym_mig_three_epoch	Round_4_Replicate_7	-26262.4	52536.8	69652.05	13360.48	0.7717,0.3922,7.6073,6.1339,0.6388,0.0575
sec_contact_sym_mig_three_epoch	Round_4_Replicate_8	-25417.8	50847.6	56768.51	14783.21	0.5715,0.3191,4.3089,6.0826,0.5891,0.0263
sec_contact_sym_mig_three_epoch	Round_4_Replicate_9	-22302.71	44617.42	51662.34	8620.95	0.5899,0.3012,4.7754,12.7253,0.4743,0.0209
sec_contact_sym_mig_three_epoch	Round_4_Replicate_10	-22827.98	45667.96	63098.56	6401.39	1.7489,0.4349,3.1822,12.7639,0.5595,0.0366
sec_contact_sym_mig_three_epoch	Round_4_Replicate_11	-26949.45	53910.9	73750.48	11199.92	1.6444,0.3924,4.1537,4.4323,0.2269,0.0239
sec_contact_sym_mig_three_epoch	Round_4_Replicate_12	-26584.45	53180.9	54567.7	10758.54	0.5911,0.3951,3.4623,9.0202,0.5704,0.0321
sec_contact_sym_mig_three_epoch	Round_4_Replicate_13	-24067.12	48146.24	62483.25	6942.92	1.1086,0.6275,3.148,12.8171,0.7166,0.0549
sec_contact_sym_mig_three_epoch	Round_4_Replicate_14	-23309.96	46631.92	70619.38	9285.22	1.3116,0.3575,3.6398,8.0414,0.5015,0.0211
sec_contact_sym_mig_three_epoch	Round_4_Replicate_15	-25456.77	50925.54	57083.88	8322.98	1.9332,0.4267,2.8802,7.3173,0.3086,0.0224
sec_contact_sym_mig_three_epoch	Round_4_Replicate_16	-33911.54	67835.08	73973.93	10977.2	0.5395,0.5663,8.6253,7.4994,0.3149,0.0803
sec_contact_sym_mig_three_epoch	Round_4_Replicate_17	-27229.17	54470.34	53599.03	9273.52	0.6056,0.3958,3.2825,10.2687,0.4476,0.0335
sec_contact_sym_mig_three_epoch	Round_4_Replicate_18	-28433.45	56878.9	71112.9	10855.68	1.4692,0.616,2.9365,4.4533,0.3052,0.0374
sec_contact_sym_mig_three_epoch	Round_4_Replicate_19	-24933.84	49879.68	69205.39	7939.46	1.7083,0.352,6.2508,9.221,0.2817,0.052
sec_contact_sym_mig_three_epoch	Round_4_Replicate_20	-28748.8	57509.6	62595.39	18344.13	0.7022,0.2267,3.1418,3.1912,0.3729,0.0116
sec_contact_sym_mig_three_epoch	Round_4_Replicate_21	-26302.96	52617.92	113739.44	6841.6	0.858,0.5238,10.0916,15.5364,0.651,0.0565
sec_contact_sym_mig_three_epoch	Round_4_Replicate_22	-33130.56	66273.12	121185.26	11352.27	1.3911,0.6544,7.4589,4.3544,0.6857,0.0947
sec_contact_sym_mig_three_epoch	Round_4_Replicate_23	-24688.64	49389.28	62807.47	9560.71	1.0394,0.5275,4.0555,7.6335,0.4419,0.0551
sec_contact_sym_mig_three_epoch	Round_4_Replicate_24	-29819.52	59651.04	77319.44	11107.24	1.2333,0.5944,5.821,5.174,0.5782,0.0995
sec_contact_sym_mig_three_epoch	Round_4_Replicate_25	-24855.15	49722.3	59948.6	13679.78	0.854,0.3772,4.9015,4.5724,0.2964,0.0391
sec_contact_sym_mig_three_epoch	Round_4_Replicate_26	-26134.03	52280.06	100468.58	10804.14	1.5492,0.2992,7.6096,5.8748,0.3211,0.037
sec_contact_sym_mig_three_epoch	Round_4_Replicate_27	-24886.89	49785.78	73500.79	17851.61	0.5643,0.2872,7.9,3.7355,0.311,0.0278
sec_contact_sym_mig_three_epoch	Round_4_Replicate_28	-26886.95	53785.9	53578.79	16048.97	0.4726,0.2448,4.1543,5.1459,0.3521,0.023
sec_contact_sym_mig_three_epoch	Round_4_Replicate_29	-22272.98	44557.96	56676.02	7376.75	1.1246,0.2909,9.645,12.5953,0.3155,0.0516
sec_contact_sym_mig_three_epoch	Round_4_Replicate_30	-28760.45	57532.9	68092.76	10055.53	1.5597,0.6128,3.1634,5.1287,0.4173,0.0816
sec_contact_sym_mig_three_epoch	Round_4_Replicate_31	-22467.0	44946.0	59422.32	13272.82	0.6533,0.2727,4.768,6.0402,0.3597,0.012
sec_contact_sym_mig_three_epoch	Round_4_Replicate_32	-26383.42	52778.84	80643.13	9880.09	0.7167,0.4492,5.5047,8.4471,0.3496,0.0339
sec_contact_sym_mig_three_epoch	Round_4_Replicate_33	-23960.3	47932.6	57202.62	13255.17	0.761,0.3414,4.1609,5.2448,0.3089,0.0196
sec_contact_sym_mig_three_epoch	Round_4_Replicate_34	-21787.46	43586.92	54994.09	9505.32	0.8362,0.3332,5.0393,9.4876,0.4489,0.0328
sec_contact_sym_mig_three_epoch	Round_4_Replicate_35	-27908.03	55828.06	60708.88	7175.25	1.2668,0.6979,10.6115,10.7947,0.2706,0.1478
sec_contact_sym_mig_three_epoch	Round_4_Replicate_36	-24838.02	49688.04	66986.74	8665.21	1.5756,0.2538,9.4051,11.8531,0.6495,0.0527
sec_contact_sym_mig_three_epoch	Round_4_Replicate_37	-25280.36	50572.72	62910.28	9963.05	0.8033,0.4776,6.1556,8.1498,0.4073,0.0613
sec_contact_sym_mig_three_epoch	Round_4_Replicate_38	-24047.88	48107.76	66791.31	11856.16	1.1423,0.2615,4.5663,5.7433,0.3453,0.017
sec_contact_sym_mig_three_epoch	Round_4_Replicate_39	-24432.77	48877.54	75584.1	12024.32	0.8887,0.3798,8.803,6.0428,0.3714,0.0518
sec_contact_sym_mig_three_epoch	Round_4_Replicate_40	-22496.14	45004.28	62644.9	8320.79	1.0141,0.4456,4.0471,11.1453,0.69,0.0403
