Model	Replicate	log-likelihood	AIC	chi-squared	theta	optimized_params(nu1, nu2, m, T1, T2, T3)
sec_contact_sym_mig_three_epoch	Round_1_Replicate_1	-93107.09	186226.18	323370.13	19203.74	0.9188,0.4108,2.0174,7.3133,4.0365,0.2088
sec_contact_sym_mig_three_epoch	Round_1_Replicate_2	-249789.17	499590.34	255075485304917.44	2914.37	0.2018,1.5726,0.3612,0.1432,1.1734,6.9441
sec_contact_sym_mig_three_epoch	Round_1_Replicate_3	-238873.73	477759.46	3145723.78	16871.64	2.1148,0.1629,2.9019,0.7396,0.4441,0.3205
sec_contact_sym_mig_three_epoch	Round_1_Replicate_4	-210067.76	420147.52	1097901.2	11238.27	0.5576,3.5688,2.0985,1.2642,0.9739,0.6897
sec_contact_sym_mig_three_epoch	Round_1_Replicate_5	-214480.8	428973.6	1570951.82	7196.37	1.7472,4.5842,6.2289,0.2689,1.1576,1.8464
sec_contact_sym_mig_three_epoch	Round_1_Replicate_6	-208777.69	417567.38	1390676.58	26421.77	0.3422,0.5056,1.1053,5.7444,2.9469,0.3357
sec_contact_sym_mig_three_epoch	Round_1_Replicate_7	-358668.86	717349.72	14842068.47	4370.92	6.6647,0.2796,0.1787,7.6938,1.9695,0.6306
sec_contact_sym_mig_three_epoch	Round_1_Replicate_8	-255746.71	511505.42	3256129.83	5109.5	4.8129,4.5194,0.5816,0.2411,0.2412,3.0292
sec_contact_sym_mig_three_epoch	Round_1_Replicate_9	-362261.13	724534.26	13686353.51	7537.12	2.4444,1.4744,0.8458,1.4573,0.6089,3.1611
sec_contact_sym_mig_three_epoch	Round_1_Replicate_10	-154966.06	309944.12	858581.24	9015.37	3.374,1.2094,2.5069,0.5016,0.7578,0.9213
sec_contact_sym_mig_three_epoch	Round_2_Replicate_1	-44477.07	88966.14	299198.63	8892.79	2.3268,0.9818,5.6476,18.3025,9.9083,0.1107
sec_contact_sym_mig_three_epoch	Round_2_Replicate_2	-135024.61	270061.22	712233.45	11787.35	2.6919,0.2722,3.7261,3.5258,1.0344,0.3101
sec_contact_sym_mig_three_epoch	Round_2_Replicate_3	-141973.05	283958.1	769848.6	10653.09	3.4145,0.2808,1.0619,10.6229,8.9198,0.1714
sec_contact_sym_mig_three_epoch	Round_2_Replicate_4	-241611.16	483234.32	3280039.3	7583.25	3.7904,0.3936,0.5235,5.3409,7.5965,0.6476
sec_contact_sym_mig_three_epoch	Round_2_Replicate_5	-97340.23	194692.46	354914.22	26263.84	0.7121,0.2938,1.6032,3.2449,13.0145,0.1129
sec_contact_sym_mig_three_epoch	Round_2_Replicate_6	-146407.39	292826.78	824029.67	16611.13	2.2188,0.1983,2.7858,21.6136,4.5048,0.184
sec_contact_sym_mig_three_epoch	Round_2_Replicate_7	-129302.76	258617.52	434023.77	29812.54	0.2874,0.4797,2.5176,16.0818,2.9436,0.1757
sec_contact_sym_mig_three_epoch	Round_2_Replicate_8	-41698.6	83409.2	171610.26	6899.58	2.2946,1.5388,2.5124,8.8998,7.0791,0.1569
sec_contact_sym_mig_three_epoch	Round_2_Replicate_9	-35108.08	70228.16	80978.82	12391.02	0.9319,0.3133,3.1911,11.6065,1.3775,0.0665
sec_contact_sym_mig_three_epoch	Round_2_Replicate_10	-101854.13	203720.26	335627.9	12218.66	1.1528,1.0091,1.159,2.1186,5.8334,0.4142
sec_contact_sym_mig_three_epoch	Round_2_Replicate_11	-268998.63	538009.26	4639782.79	27903.03	1.0465,0.1728,6.7026,2.1124,9.5433,0.4094
sec_contact_sym_mig_three_epoch	Round_2_Replicate_12	-264368.89	528749.78	3740197.95	51893.61	0.2998,0.1766,2.9453,5.1612,14.7889,0.2876
sec_contact_sym_mig_three_epoch	Round_2_Replicate_13	-67072.9	134157.8	191730.84	43610.67	0.5424,0.1655,7.0369,11.3508,10.4883,0.0526
sec_contact_sym_mig_three_epoch	Round_2_Replicate_14	-112339.58	224691.16	486815.9	11556.41	2.2661,0.3704,1.0435,2.7716,2.4688,0.1998
sec_contact_sym_mig_three_epoch	Round_2_Replicate_15	-116241.71	232495.42	336467.65	7838.86	0.744,1.0444,0.6961,18.9946,2.529,0.3621
sec_contact_sym_mig_three_epoch	Round_2_Replicate_16	-215735.38	431482.76	1541116.49	33201.38	0.2854,0.4317,0.9566,7.9571,7.3578,0.2456
sec_contact_sym_mig_three_epoch	Round_2_Replicate_17	-107577.17	215166.34	382753.08	6759.65	1.7324,1.154,0.5166,16.0695,4.5562,0.6105
sec_contact_sym_mig_three_epoch	Round_2_Replicate_18	-240602.17	481216.34	1805896.57	20233.04	0.2905,0.4977,2.8366,10.4005,1.1772,0.4932
sec_contact_sym_mig_three_epoch	Round_2_Replicate_19	-279066.41	558144.82	3973127.48	34867.55	0.3384,0.3214,1.0642,23.7383,7.1398,0.3922
sec_contact_sym_mig_three_epoch	Round_2_Replicate_20	-104374.03	208760.06	276925.33	26212.23	0.3278,0.7026,1.2281,12.0059,15.0516,0.0608
sec_contact_sym_mig_three_epoch	Round_3_Replicate_1	-48478.28	96968.56	123761.45	24388.3	0.8088,0.2752,3.3266,5.4869,2.6403,0.0447
sec_contact_sym_mig_three_epoch	Round_3_Replicate_2	-24186.29	48384.58	73141.79	17030.12	0.5974,0.2686,8.124,4.3268,0.3813,0.0275
sec_contact_sym_mig_three_epoch	Round_3_Replicate_3	-26214.98	52441.96	65183.58	5100.34	1.7435,0.2797,3.2638,18.4235,0.4472,0.0139
sec_contact_sym_mig_three_epoch	Round_3_Replicate_4	-104201.73	208415.46	428256.23	14458.63	1.6795,0.2089,2.6334,29.281,3.2444,0.1444
sec_contact_sym_mig_three_epoch	Round_3_Replicate_5	-107671.04	215354.08	438790.9	30676.67	0.8678,0.186,4.2174,3.6481,3.8116,0.1195
sec_contact_sym_mig_three_epoch	Round_3_Replicate_6	-38835.41	77682.82	132851.0	7448.79	0.7495,1.0995,6.2008,10.8471,0.457,0.0877
sec_contact_sym_mig_three_epoch	Round_3_Replicate_7	-22288.71	44589.42	76653.68	14640.24	0.6357,0.19,9.5295,8.2027,0.5576,0.0185
sec_contact_sym_mig_three_epoch	Round_3_Replicate_8	-44192.46	88396.92	237042.01	6050.64	0.415,0.6876,5.5091,21.1805,0.6833,0.0153
sec_contact_sym_mig_three_epoch	Round_3_Replicate_9	-141278.47	282568.94	625311.71	43360.49	0.2923,0.2607,1.4925,4.7353,5.9457,0.1074
sec_contact_sym_mig_three_epoch	Round_3_Replicate_10	-46072.89	92157.78	96337.27	10723.91	1.1004,1.0114,1.217,4.3816,0.5579,0.0626
sec_contact_sym_mig_three_epoch	Round_3_Replicate_11	-49177.87	98367.74	123741.71	14075.28	1.0728,0.555,1.0971,3.9039,2.1389,0.0403
sec_contact_sym_mig_three_epoch	Round_3_Replicate_12	-128378.66	256769.32	629250.18	10610.89	3.4939,0.1227,6.0609,28.2657,1.5479,0.1264
sec_contact_sym_mig_three_epoch	Round_3_Replicate_13	-59094.4	118200.8	176450.4	5770.12	3.5792,0.4434,0.8448,9.0889,0.5142,0.03
sec_contact_sym_mig_three_epoch	Round_3_Replicate_14	-33013.81	66039.62	74431.07	15959.51	0.6064,0.5326,3.9104,3.5784,0.4201,0.0478
sec_contact_sym_mig_three_epoch	Round_3_Replicate_15	-31328.92	62669.84	94556.26	16679.99	0.8427,0.398,6.0819,7.0876,1.6873,0.0485
sec_contact_sym_mig_three_epoch	Round_3_Replicate_16	-157238.52	314489.04	982226.79	11028.81	3.0662,0.204,1.3892,10.7369,3.7205,0.17
sec_contact_sym_mig_three_epoch	Round_3_Replicate_17	-67743.4	135498.8	200818.75	12907.01	0.6743,0.1874,1.2503,17.2058,1.6389,0.0163
sec_contact_sym_mig_three_epoch	Round_3_Replicate_18	-34605.74	69223.48	82652.96	22955.18	0.5536,0.3443,2.9903,5.3454,1.7358,0.0117
sec_contact_sym_mig_three_epoch	Round_3_Replicate_19	-30571.58	61155.16	58330.02	7308.1	0.5987,0.3606,2.7185,14.5427,0.4638,0.0362
sec_contact_sym_mig_three_epoch	Round_3_Replicate_20	-43855.48	87722.96	106477.57	11883.84	1.5691,0.5216,3.8649,16.2833,3.9056,0.1424
sec_contact_sym_mig_three_epoch	Round_3_Replicate_21	-21231.28	42474.56	52806.39	4146.63	1.6883,0.3541,10.9882,26.8355,0.5364,0.0802
sec_contact_sym_mig_three_epoch	Round_3_Replicate_22	-112717.42	225446.84	456861.15	7155.19	0.8244,0.1428,1.386,21.7505,0.9362,0.0822
sec_contact_sym_mig_three_epoch	Round_3_Replicate_23	-52537.78	105087.56	124466.68	14408.73	0.4476,0.2225,11.7348,25.4163,1.0917,0.1194
sec_contact_sym_mig_three_epoch	Round_3_Replicate_24	-107681.94	215375.88	423526.94	43844.67	0.4967,0.1836,12.018,9.6268,6.045,0.1368
sec_contact_sym_mig_three_epoch	Round_3_Replicate_25	-71779.35	143570.7	227251.81	11894.22	1.7326,0.2104,1.9966,8.8314,1.642,0.0619
sec_contact_sym_mig_three_epoch	Round_3_Replicate_26	-28344.4	56700.8	148620.46	5632.98	1.969,0.9324,5.2446,18.2463,2.0516,0.1057
sec_contact_sym_mig_three_epoch	Round_3_Replicate_27	-128777.47	257566.94	566274.64	50803.18	0.3153,0.1934,3.5151,19.8908,6.2076,0.1208
sec_contact_sym_mig_three_epoch	Round_3_Replicate_28	-31415.55	62843.1	91763.41	12491.41	1.7125,0.3216,5.8775,3.8095,0.3835,0.0496
sec_contact_sym_mig_three_epoch	Round_3_Replicate_29	-35423.61	70859.22	82875.94	18948.4	0.6474,0.229,3.0851,10.6165,1.5014,0.026
sec_contact_sym_mig_three_epoch	Round_3_Replicate_30	-28830.5	57673.0	72677.64	11916.02	1.3435,0.5604,2.5764,3.9168,0.3412,0.0185
sec_contact_sym_mig_three_epoch	Round_4_Replicate_1	-22646.37	45304.74	65912.28	4469.96	2.9565,0.3392,17.9235,23.6299,0.609,0.0845
sec_contact_sym_mig_three_epoch	Round_4_Replicate_2	-23848.15	47708.3	83399.02	4045.21	3.3948,0.3386,8.7368,25.3409,0.6787,0.0635
sec_contact_sym_mig_three_epoch	Round_4_Replicate_3	-22448.75	44909.5	65458.52	4992.91	1.9392,0.5107,13.9402,18.7858,0.5427,0.1062
sec_contact_sym_mig_three_epoch	Round_4_Replicate_4	-23320.24	46652.48	62440.97	3733.03	2.8263,0.4628,10.2182,25.3728,0.4728,0.1046
sec_contact_sym_mig_three_epoch	Round_4_Replicate_5	-23158.38	46328.76	62802.99	4195.13	2.75,0.475,21.5762,22.0629,0.4456,0.1172
sec_contact_sym_mig_three_epoch	Round_4_Replicate_6	-26061.69	52135.38	72519.18	3941.29	3.4513,0.3693,17.6178,22.5439,0.2803,0.0891
sec_contact_sym_mig_three_epoch	Round_4_Replicate_7	-21693.58	43399.16	62508.45	4970.4	2.0821,0.2794,22.7888,28.9576,0.7927,0.0703
sec_contact_sym_mig_three_epoch	Round_4_Replicate_8	-22069.12	44150.24	48452.59	5797.96	1.0545,0.3611,10.6048,26.7276,0.9383,0.0877
sec_contact_sym_mig_three_epoch	Round_4_Replicate_9	-24701.73	49415.46	73790.32	5779.72	2.702,0.4183,9.6384,13.2498,0.3642,0.0855
sec_contact_sym_mig_three_epoch	Round_4_Replicate_10	-21206.83	42425.66	66733.24	4504.08	1.7869,0.2824,14.9385,28.2706,0.6384,0.059
sec_contact_sym_mig_three_epoch	Round_4_Replicate_11	-24614.48	49240.96	70118.33	5071.3	1.023,0.6164,12.7103,25.7775,1.0101,0.1015
sec_contact_sym_mig_three_epoch	Round_4_Replicate_12	-24242.02	48496.04	96180.67	5445.65	2.4198,0.3127,8.6419,22.8429,0.9497,0.0501
sec_contact_sym_mig_three_epoch	Round_4_Replicate_13	-24213.91	48439.82	59001.56	4928.68	1.0243,0.5983,7.0785,22.8144,0.72,0.0953
sec_contact_sym_mig_three_epoch	Round_4_Replicate_14	-21332.23	42676.46	58877.72	4244.73	1.6755,0.5211,10.6407,26.527,0.7961,0.1056
sec_contact_sym_mig_three_epoch	Round_4_Replicate_15	-21278.56	42569.12	55712.67	4765.78	1.5292,0.4628,12.124,23.8103,0.7388,0.0999
sec_contact_sym_mig_three_epoch	Round_4_Replicate_16	-21761.03	43534.06	73183.17	4655.63	2.2278,0.407,28.2014,29.2182,1.0298,0.0934
sec_contact_sym_mig_three_epoch	Round_4_Replicate_17	-21632.39	43276.78	53013.05	6158.32	1.1367,0.3194,19.7058,16.983,0.3869,0.0737
sec_contact_sym_mig_three_epoch	Round_4_Replicate_18	-21560.96	43133.92	59095.58	4202.8	1.9135,0.3837,11.4518,25.1729,0.5316,0.0819
sec_contact_sym_mig_three_epoch	Round_4_Replicate_19	-22120.99	44253.98	62312.55	3670.14	2.7475,0.4653,5.6746,27.6189,0.7656,0.0886
sec_contact_sym_mig_three_epoch	Round_4_Replicate_20	-20399.11	40810.22	55216.75	5133.56	0.9958,0.2628,9.3311,23.761,0.4875,0.0421
sec_contact_sym_mig_three_epoch	Round_4_Replicate_21	-22466.22	44944.44	52087.43	7095.38	0.8886,0.3276,18.1386,14.3346,0.3402,0.0719
sec_contact_sym_mig_three_epoch	Round_4_Replicate_22	-20672.47	41356.94	51889.87	4108.58	1.4971,0.3931,8.3557,28.8237,0.6774,0.0794
sec_contact_sym_mig_three_epoch	Round_4_Replicate_23	-22683.43	45378.86	58560.52	4117.52	3.274,0.5093,23.4422,23.7039,0.7389,0.1425
sec_contact_sym_mig_three_epoch	Round_4_Replicate_24	-22492.62	44997.24	60034.84	4696.03	1.4524,0.5797,20.5971,23.9016,0.8121,0.1244
sec_contact_sym_mig_three_epoch	Round_4_Replicate_25	-21809.38	43630.76	82529.78	5958.27	1.5075,0.28,12.9953,25.6671,0.8948,0.0485
sec_contact_sym_mig_three_epoch	Round_4_Replicate_26	-25691.25	51394.5	74841.23	7094.81	0.8675,0.5566,16.6042,15.2492,0.7088,0.0903
sec_contact_sym_mig_three_epoch	Round_4_Replicate_27	-22039.52	44091.04	54270.83	5714.6	1.7226,0.3165,18.6481,17.4384,0.4174,0.082
sec_contact_sym_mig_three_epoch	Round_4_Replicate_28	-22311.1	44634.2	58436.18	4549.83	2.0932,0.2891,19.4945,23.0303,0.4027,0.073
sec_contact_sym_mig_three_epoch	Round_4_Replicate_29	-24221.47	48454.94	56431.16	4113.45	2.9153,0.5972,17.3434,20.8983,0.4002,0.165
sec_contact_sym_mig_three_epoch	Round_4_Replicate_30	-25809.7	51631.4	77613.13	7222.64	1.9029,0.4665,6.7719,9.8344,0.2664,0.0706
sec_contact_sym_mig_three_epoch	Round_4_Replicate_31	-20931.78	41875.56	58994.45	4408.57	1.6006,0.4393,10.5778,26.6504,0.7644,0.088
sec_contact_sym_mig_three_epoch	Round_4_Replicate_32	-21954.4	43920.8	61524.61	4057.51	2.6113,0.5091,9.3608,27.3199,0.9918,0.1159
sec_contact_sym_mig_three_epoch	Round_4_Replicate_33	-22904.82	45821.64	59641.26	4427.61	1.448,0.6302,9.2281,23.3389,0.6689,0.1165
sec_contact_sym_mig_three_epoch	Round_4_Replicate_34	-22684.01	45380.02	58575.73	5043.39	1.1099,0.4948,16.4794,22.8188,0.6565,0.0988
sec_contact_sym_mig_three_epoch	Round_4_Replicate_35	-20843.45	41698.9	53509.89	5646.2	1.1133,0.3136,12.2254,20.1559,0.4945,0.0631
sec_contact_sym_mig_three_epoch	Round_4_Replicate_36	-24749.36	49510.72	76656.63	4914.52	2.7899,0.3336,7.2222,17.5227,0.4114,0.0585
sec_contact_sym_mig_three_epoch	Round_4_Replicate_37	-22934.9	45881.8	66252.5	5245.51	2.4684,0.2691,16.6809,19.4979,0.4704,0.0644
sec_contact_sym_mig_three_epoch	Round_4_Replicate_38	-25659.76	51331.52	96494.82	5326.16	3.1607,0.2571,10.6004,15.9496,0.3546,0.0442
sec_contact_sym_mig_three_epoch	Round_4_Replicate_39	-22149.92	44311.84	66259.77	4883.66	1.7676,0.2949,8.3262,20.9722,0.4587,0.0498
sec_contact_sym_mig_three_epoch	Round_4_Replicate_40	-21840.46	43692.92	70955.2	6771.74	1.3204,0.2313,9.9115,15.2595,0.4213,0.0353
