Model	Replicate	log-likelihood	AIC	chi-squared	theta	optimized_params(nu1i, nu2i, nu1m, nu2m, nu1f, nu2f, m12, m21, T1, T2)
sec_contact_bottle_schange	Round_1_Replicate_1	-362141.4	724302.8	696201.08	305181.1	0.3898,0.2472,3.629,1.3576,0.4271,0.4008,0.2835,1.3955,0.3629,1.2303
sec_contact_bottle_schange	Round_1_Replicate_2	-838570.38	1677160.76	3788275.03	239546.95	1.9808,0.2177,4.6473,0.6314,0.97,0.2167,2.3511,1.085,1.6084,0.8742
sec_contact_bottle_schange	Round_1_Replicate_3	-800493.24	1601006.48	2209152.38	367394.65	7.2389,0.1862,0.4371,3.7017,0.1732,0.6641,1.1558,3.6528,0.3012,0.3337
sec_contact_bottle_schange	Round_1_Replicate_4	-1615465.34	3230950.68	418525763.09	152915.05	4.1996,0.3504,0.6346,0.234,2.3729,0.9939,0.3009,4.7459,0.2442,8.1097
sec_contact_bottle_schange	Round_1_Replicate_5	-961760.25	1923540.5	17000472.15	95975.87	6.9401,1.9656,6.1001,1.1526,0.5658,1.8846,2.1695,1.5323,4.1024,0.4211
sec_contact_bottle_schange	Round_1_Replicate_6	-3141880.09	6283780.18	109684849954.93	77829.6	1.1069,1.078,1.1548,5.1786,7.0542,3.4265,3.4,0.6907,2.8413,2.5692
sec_contact_bottle_schange	Round_1_Replicate_7	-2435464.95	4870949.9	19838791206.92	113491.25	3.3563,0.167,7.6384,2.0412,3.4214,1.94,3.2815,0.893,0.382,3.4867
sec_contact_bottle_schange	Round_1_Replicate_8	-945335.15	1890690.3	9847913.59	213127.3	1.5395,7.3617,0.2024,0.2509,0.5719,1.4229,2.3773,2.2904,3.0796,0.9325
sec_contact_bottle_schange	Round_1_Replicate_9	-2545807.48	5091634.96	19486005952.75	162737.23	3.4426,2.5449,3.075,0.2525,3.608,1.6703,3.977,0.2482,0.8119,7.1197
sec_contact_bottle_schange	Round_1_Replicate_10	-1050910.53	2101841.06	12342044.38	315350.92	0.4391,0.2936,2.2943,8.0602,0.303,3.1514,0.65,3.5334,0.126,0.1586
sec_contact_bottle_schange	Round_1_Replicate_11	-1245654.91	2491329.82	3689476.13	277702.57	7.5316,0.3833,0.1683,3.4393,0.4412,1.9638,0.1345,1.5918,0.3656,0.5618
sec_contact_bottle_schange	Round_1_Replicate_12	-2008744.32	4017508.64	1194057235.81	155253.66	0.2043,3.8322,5.0251,0.9121,2.5956,5.478,6.7299,0.126,0.8722,0.1499
sec_contact_bottle_schange	Round_1_Replicate_13	-1286607.62	2573235.24	5400910.85	312374.8	0.747,0.1569,3.8931,0.1758,0.5359,0.1951,0.6943,0.1584,1.2165,1.8386
sec_contact_bottle_schange	Round_1_Replicate_14	-2809721.11	5619462.22	10296260050.28	232884.76	1.4327,0.3331,2.1884,6.2937,7.3268,1.0284,6.4764,0.2457,0.1532,0.1643
sec_contact_bottle_schange	Round_1_Replicate_15	-1909961.17	3819942.34	12576106.79	199530.86	0.5466,1.7925,0.1973,1.5426,0.316,3.1633,0.1569,0.2902,1.8448,0.1754
sec_contact_bottle_schange	Round_2_Replicate_1	-465772.22	931564.44	1072464.37	316791.78	1.2473,0.6248,3.3489,1.0939,0.2993,0.3166,0.0771,1.3434,0.5644,0.6967
sec_contact_bottle_schange	Round_2_Replicate_2	-510699.18	1021418.36	1032727.81	197549.24	0.1011,0.5,1.1929,4.1378,1.5442,0.6092,0.454,0.673,0.1003,1.2475
sec_contact_bottle_schange	Round_2_Replicate_3	-718266.69	1436553.38	1806697.57	451836.99	0.9728,0.0939,8.9875,2.7969,0.2662,0.1734,0.1136,1.7783,0.2972,3.7005
sec_contact_bottle_schange	Round_2_Replicate_4	-326686.44	653392.88	626295.34	419358.5	0.1346,0.2897,7.6961,1.0431,0.3412,0.2362,0.2957,3.5425,0.4165,1.4852
sec_contact_bottle_schange	Round_2_Replicate_5	-379737.74	759495.48	790396.96	350212.43	0.4032,0.205,1.0449,1.4001,0.5799,0.2785,0.7082,2.749,0.4258,0.5481
sec_contact_bottle_schange	Round_2_Replicate_6	-704957.04	1409934.08	1566419.15	315709.65	1.487,0.2577,0.9972,4.1581,0.2178,0.5407,0.5408,0.8692,0.5703,1.647
sec_contact_bottle_schange	Round_2_Replicate_7	-659977.8	1319975.6	1446906.34	248310.65	0.3269,0.9877,3.2337,0.5319,0.3227,1.1453,0.3277,0.6501,1.3815,0.5939
sec_contact_bottle_schange	Round_2_Replicate_8	-747794.75	1495609.5	1696116.77	246910.98	0.6263,0.1993,12.9906,1.063,0.2567,1.0377,0.0798,1.4983,1.1802,0.7735
sec_contact_bottle_schange	Round_2_Replicate_9	-590998.1	1182016.2	1287696.7	307909.21	0.0948,0.115,1.5446,1.7418,0.5983,0.4768,0.4846,1.624,1.2872,0.37
sec_contact_bottle_schange	Round_2_Replicate_10	-871980.59	1743981.18	3164861.94	228171.26	1.4081,0.1242,4.8182,0.8024,1.4243,0.4995,1.0963,0.8514,0.1317,0.4714
sec_contact_bottle_schange	Round_2_Replicate_11	-320446.39	640912.78	598047.19	223327.03	0.2093,0.7097,8.9412,2.377,0.5988,0.4096,0.298,1.2256,1.3573,4.7846
sec_contact_bottle_schange	Round_2_Replicate_12	-387630.47	775280.94	771726.86	370424.74	0.4232,0.5535,0.9372,1.8721,0.776,0.1282,0.0985,3.4134,0.129,0.4166
sec_contact_bottle_schange	Round_2_Replicate_13	-961272.49	1922564.98	3093833.8	393523.07	0.4093,0.3421,1.1658,0.6841,0.533,0.1567,0.9014,0.4106,0.2909,4.335
sec_contact_bottle_schange	Round_2_Replicate_14	-420990.82	842001.64	837083.94	272766.9	0.0991,0.2932,1.5134,4.7822,1.0274,0.2733,0.4602,1.9838,0.353,1.4109
sec_contact_bottle_schange	Round_2_Replicate_15	-715382.55	1430785.1	1992626.91	261453.15	0.2422,0.4008,5.2038,4.3402,0.5092,0.2741,0.1612,0.4873,0.4171,2.4477
sec_contact_bottle_schange	Round_2_Replicate_16	-444048.3	888116.6	892633.75	207425.21	0.0949,0.1174,5.3846,1.0892,0.9246,0.7877,0.3214,0.6763,0.1568,1.5422
sec_contact_bottle_schange	Round_2_Replicate_17	-603113.35	1206246.7	1303402.9	176226.39	0.6482,0.6554,1.0208,3.3578,1.1882,1.1701,0.1143,0.8276,0.118,2.3901
sec_contact_bottle_schange	Round_2_Replicate_18	-491171.34	982362.68	1230955.87	311001.62	0.461,0.2379,8.1652,0.5608,0.4687,0.3749,0.9003,3.1371,0.6605,0.3127
sec_contact_bottle_schange	Round_2_Replicate_19	-395633.02	791286.04	854024.5	169445.08	0.8294,0.4901,5.4106,4.1557,1.3861,0.3106,0.3079,2.1734,0.3599,3.568
sec_contact_bottle_schange	Round_2_Replicate_20	-956502.98	1913025.96	2424791.5	582609.77	0.5067,0.9459,0.96,1.2578,0.1467,0.3668,0.4044,1.8314,1.1205,2.9506
sec_contact_bottle_schange	Round_2_Replicate_21	-636240.22	1272500.44	1769097.6	402603.44	0.1669,0.3317,1.319,1.8039,0.4882,0.1439,0.3311,0.7289,0.2973,0.4258
sec_contact_bottle_schange	Round_2_Replicate_22	-1127607.41	2255234.82	3722707.53	366593.08	0.1022,0.0989,3.1094,3.0398,0.2914,1.0051,0.3542,0.6628,0.2941,0.3604
sec_contact_bottle_schange	Round_2_Replicate_23	-606922.19	1213864.38	1397715.96	385963.43	1.1392,0.4658,1.2318,0.5881,0.259,0.4047,0.1709,1.154,0.1371,0.7735
sec_contact_bottle_schange	Round_2_Replicate_24	-336820.67	673661.34	720927.79	312286.11	0.6567,0.3672,14.791,0.5611,0.4016,0.2159,0.5785,1.7091,0.2042,0.6487
sec_contact_bottle_schange	Round_2_Replicate_25	-504608.87	1009237.74	1045873.06	238806.19	0.3302,0.3587,0.9615,3.9598,1.3543,0.3694,0.6584,0.5296,0.5391,0.7217
sec_contact_bottle_schange	Round_2_Replicate_26	-1496934.44	2993888.88	4690090.97	324109.22	0.3135,0.068,2.2916,1.47,0.2235,1.2772,0.1111,1.5029,0.0888,4.6558
sec_contact_bottle_schange	Round_2_Replicate_27	-508625.8	1017271.6	986132.27	176601.77	0.4871,0.066,5.083,5.3445,0.7402,1.1352,0.2382,0.8081,0.1285,1.9455
sec_contact_bottle_schange	Round_2_Replicate_28	-944344.83	1888709.66	2788125.28	225804.94	0.5476,0.4352,14.6654,1.3627,0.3118,0.8366,0.0854,0.3669,0.217,2.1759
sec_contact_bottle_schange	Round_2_Replicate_29	-962739.63	1925499.26	4462996.45	432617.83	0.3979,0.2963,1.1433,0.6117,0.2327,0.8598,0.4969,4.6611,0.1739,0.9846
sec_contact_bottle_schange	Round_2_Replicate_30	-704623.54	1409267.08	2181031.21	405065.35	0.2748,0.0846,4.1541,0.5078,0.3102,0.1918,0.1373,0.7311,0.1314,0.5102
sec_contact_bottle_schange	Round_3_Replicate_1	-588381.3	1176782.6	1984664.54	202013.3	0.1731,2.5006,2.4681,5.2833,1.4208,0.2757,0.4276,4.1645,0.5978,4.2289
sec_contact_bottle_schange	Round_3_Replicate_2	-344944.45	689908.9	656134.11	106527.11	0.0794,1.4416,2.182,3.8259,1.8739,0.9563,0.2598,0.3728,3.7057,4.004
sec_contact_bottle_schange	Round_3_Replicate_3	-1330666.5	2661353.0	4297743.96	346184.54	0.5891,0.9396,2.7738,2.0718,0.195,0.1421,0.6893,0.3243,4.8518,2.4696
sec_contact_bottle_schange	Round_3_Replicate_4	-1017504.3	2035028.6	2744325.94	144608.29	0.1285,0.6308,21.8281,5.6526,0.2251,1.2971,0.4057,0.5649,4.4681,3.9763
sec_contact_bottle_schange	Round_3_Replicate_5	-345570.15	691160.3	808947.86	167475.7	0.1205,0.4043,28.227,7.1708,0.6825,0.3574,0.9864,0.8544,2.9672,3.211
sec_contact_bottle_schange	Round_3_Replicate_6	-417455.38	834930.76	814625.58	239854.47	0.0545,0.2963,2.7683,1.331,0.3166,0.5512,0.6374,1.2071,4.1083,2.201
sec_contact_bottle_schange	Round_3_Replicate_7	-628467.88	1256955.76	1436544.88	155804.55	0.1475,1.7325,19.3132,3.2087,0.652,0.6919,0.1351,0.4375,0.4277,8.4893
sec_contact_bottle_schange	Round_3_Replicate_8	-575082.16	1150184.32	1342033.95	163567.86	0.4387,0.2363,29.7052,2.3217,0.6624,0.4697,0.2007,0.4139,1.3022,6.0554
sec_contact_bottle_schange	Round_3_Replicate_9	-457767.93	915555.86	1064890.88	180990.75	0.5485,0.1785,5.8618,3.6319,1.313,0.2227,0.1158,1.4689,1.3794,8.4967
sec_contact_bottle_schange	Round_3_Replicate_10	-302589.74	605199.48	584165.93	178896.76	0.0662,0.6985,28.227,2.2468,0.8472,0.4636,0.2415,1.3793,1.7714,2.4972
sec_contact_bottle_schange	Round_3_Replicate_11	-319571.53	639163.06	612301.18	284615.65	0.0746,2.3898,4.8015,0.8057,0.4671,0.2883,0.3227,1.6336,3.0861,2.2506
sec_contact_bottle_schange	Round_3_Replicate_12	-719105.1	1438230.2	1767143.28	199569.96	0.4612,0.3866,2.7472,2.1061,0.5979,0.6671,0.1467,0.4629,1.3741,9.0414
sec_contact_bottle_schange	Round_3_Replicate_13	-1109385.81	2218791.62	3655889.15	184831.51	0.493,0.2985,26.0464,2.1234,0.591,0.2975,0.0866,0.33,0.8861,5.8242
sec_contact_bottle_schange	Round_3_Replicate_14	-283790.58	567601.16	514428.94	220313.76	0.7617,0.3158,5.7305,6.0136,0.5619,0.4178,0.8426,1.1318,0.376,3.9187
sec_contact_bottle_schange	Round_3_Replicate_15	-627608.86	1255237.72	1845795.76	292030.0	0.0518,0.413,27.9048,6.5156,0.2534,0.56,0.7911,3.5344,1.8901,2.9972
sec_contact_bottle_schange	Round_3_Replicate_16	-1078923.72	2157867.44	3713285.23	164701.18	0.3454,1.2092,3.9525,1.085,1.2505,0.2294,0.2378,0.3084,1.8218,5.3439
sec_contact_bottle_schange	Round_3_Replicate_17	-972271.48	1944562.96	2628270.8	269000.3	0.5426,0.541,16.8751,2.0246,0.3173,0.3286,0.2373,0.5127,1.3662,7.0621
sec_contact_bottle_schange	Round_3_Replicate_18	-1159953.55	2319927.1	4289631.29	191924.87	0.1384,0.203,5.9687,0.9726,1.0742,0.1972,0.2246,0.3091,0.3974,3.9485
sec_contact_bottle_schange	Round_3_Replicate_19	-853546.3	1707112.6	2558664.11	214247.54	0.1445,1.891,8.8549,1.6364,1.064,0.1494,0.1314,0.9032,2.469,15.9
sec_contact_bottle_schange	Round_3_Replicate_20	-552764.65	1105549.3	1126539.28	286844.48	0.557,0.2014,5.4655,2.0651,0.4423,0.6691,0.2967,1.1474,1.7159,13.5136
sec_contact_bottle_schange	Round_3_Replicate_21	-592503.68	1185027.36	1251050.37	185683.7	0.5684,1.3015,4.3394,1.5346,0.4706,1.1955,0.3855,0.9916,3.3218,5.8524
sec_contact_bottle_schange	Round_3_Replicate_22	-407710.58	815441.16	812718.27	727702.24	0.0956,0.7164,21.6579,0.6922,0.2769,0.1582,0.4478,3.6277,3.8662,14.4839
sec_contact_bottle_schange	Round_3_Replicate_23	-1331902.11	2663824.22	5132331.38	151106.73	0.3026,2.8333,14.7926,7.3089,1.232,0.158,0.1315,0.3823,2.4249,18.7208
sec_contact_bottle_schange	Round_3_Replicate_24	-797928.75	1595877.5	2015684.18	268258.87	0.5954,0.1848,3.5723,3.0194,0.3356,0.9811,0.2677,2.0387,1.076,2.2507
sec_contact_bottle_schange	Round_3_Replicate_25	-447483.37	894986.74	951959.99	163301.27	0.3287,1.7665,26.5193,7.2261,0.6561,0.4578,0.3966,0.4375,1.1685,7.0371
sec_contact_bottle_schange	Round_3_Replicate_26	-410151.62	820323.24	883743.91	166563.82	0.2768,0.1944,5.4244,2.3714,1.5677,0.2574,0.1541,2.4025,1.0947,6.0626
sec_contact_bottle_schange	Round_3_Replicate_27	-532996.94	1066013.88	1224607.06	320105.42	0.3159,0.2465,12.7657,4.989,0.4893,0.2368,0.4154,0.9208,0.7817,13.9941
sec_contact_bottle_schange	Round_3_Replicate_28	-840156.69	1680333.38	2083423.85	468919.87	0.1571,0.2262,3.5945,8.3647,0.1999,0.317,0.079,2.219,1.9749,1.7686
sec_contact_bottle_schange	Round_3_Replicate_29	-624057.03	1248134.06	2117147.63	201425.12	0.298,0.3702,3.1101,4.3986,1.3079,0.2216,0.9749,3.8033,0.7763,11.2382
sec_contact_bottle_schange	Round_3_Replicate_30	-304824.12	609668.24	578176.67	119923.85	0.0675,0.2083,28.9924,4.1222,1.4198,0.6455,0.1943,0.9709,1.1872,5.0346
sec_contact_bottle_schange	Round_3_Replicate_31	-359839.02	719698.04	703354.09	234870.36	0.2279,0.2903,6.0699,1.0947,0.4852,0.6029,0.5096,0.5411,1.259,1.2901
sec_contact_bottle_schange	Round_3_Replicate_32	-706278.93	1412577.86	1764511.38	172510.45	0.1033,0.4863,7.6675,3.6957,0.5026,0.4946,0.1403,0.3551,3.6599,2.5385
sec_contact_bottle_schange	Round_3_Replicate_33	-778570.57	1557161.14	2417624.36	197177.34	0.2361,0.1782,8.4888,3.0341,0.6867,1.2376,0.1031,1.4617,1.0495,1.4776
sec_contact_bottle_schange	Round_3_Replicate_34	-316102.69	632225.38	640762.07	200548.44	0.2071,0.2839,28.227,1.8312,0.7123,0.3708,0.398,2.551,0.8082,4.8493
sec_contact_bottle_schange	Round_3_Replicate_35	-1526463.92	3052947.84	5563759.3	296731.38	0.0793,1.3226,6.5383,5.662,0.1902,0.3843,0.1354,0.4789,1.172,3.574
sec_contact_bottle_schange	Round_3_Replicate_36	-610270.74	1220561.48	2137942.09	185381.08	0.252,1.4704,9.8547,5.5914,1.0496,0.696,0.1145,1.5878,1.0804,1.5846
sec_contact_bottle_schange	Round_3_Replicate_37	-1487305.44	2974630.88	5291074.27	339929.79	0.1012,0.1782,22.0877,10.3386,0.193,0.1504,0.3372,0.4028,1.5673,3.8111
sec_contact_bottle_schange	Round_3_Replicate_38	-329262.11	658544.22	593539.77	107832.79	0.5402,0.9656,9.8421,4.3558,1.2888,1.1699,0.294,0.6904,0.5504,11.5642
sec_contact_bottle_schange	Round_3_Replicate_39	-342401.26	684822.52	678637.06	98484.01	0.2301,1.0101,28.4745,1.1834,1.8637,0.8797,0.1787,0.8939,0.4471,6.5544
sec_contact_bottle_schange	Round_3_Replicate_40	-468364.55	936749.1	991071.56	138605.23	0.1926,0.2071,2.494,0.9917,0.9232,1.5444,0.6873,0.6989,0.6962,13.8528
sec_contact_bottle_schange	Round_3_Replicate_41	-563971.2	1127962.4	1541477.08	110264.87	0.6596,1.508,3.786,6.2398,1.9773,0.5315,0.5379,0.3244,3.2058,4.3
sec_contact_bottle_schange	Round_3_Replicate_42	-396907.61	793835.22	771448.06	247618.21	0.1234,0.2903,2.6903,4.7058,0.4197,0.4656,0.7437,0.5537,3.1376,6.6822
sec_contact_bottle_schange	Round_3_Replicate_43	-916934.78	1833889.56	2961421.09	197509.22	0.0827,1.1197,28.227,4.577,0.827,0.1875,0.5546,0.3662,0.6921,2.8774
sec_contact_bottle_schange	Round_3_Replicate_44	-562591.42	1125202.84	2268074.35	306948.97	0.2202,0.4653,3.1962,7.3638,0.6916,0.3965,0.5416,4.1366,0.4667,8.1107
sec_contact_bottle_schange	Round_3_Replicate_45	-412632.33	825284.66	814981.57	341837.04	0.0815,0.6467,6.7745,0.7885,0.3507,0.4493,0.4287,2.4833,0.384,1.9856
sec_contact_bottle_schange	Round_3_Replicate_46	-594676.94	1189373.88	1679262.42	268521.27	0.6508,0.3378,15.4813,0.678,0.3644,0.6432,0.1602,3.1109,3.3682,2.1906
sec_contact_bottle_schange	Round_3_Replicate_47	-514403.58	1028827.16	1350990.15	114271.99	0.2338,0.1906,16.442,1.5062,1.9747,0.3288,0.2362,0.971,1.0493,19.6344
sec_contact_bottle_schange	Round_3_Replicate_48	-590338.15	1180696.3	1709256.26	144403.38	0.1011,0.8063,25.1186,9.7083,1.2686,0.2079,0.3852,1.1523,4.7565,13.2424
sec_contact_bottle_schange	Round_3_Replicate_49	-689772.41	1379564.82	1522629.72	315532.38	0.343,2.6612,9.7616,0.7153,0.1844,0.688,0.6284,1.6012,0.5291,1.9461
sec_contact_bottle_schange	Round_3_Replicate_50	-295575.25	591170.5	530248.69	148721.54	0.767,0.2296,28.227,5.7044,0.8188,0.6143,0.3093,0.9205,0.8413,10.8335
sec_contact_bottle_schange	Round_4_Replicate_1	-343930.98	687881.96	734823.05	225231.6	0.6922,0.2567,3.0214,5.1741,0.5946,0.5159,1.4447,0.6521,0.1659,2.9392
sec_contact_bottle_schange	Round_4_Replicate_2	-288296.66	576613.32	529331.63	241795.8	1.0287,0.1663,3.131,7.748,0.4849,0.4076,1.1584,0.9644,0.5996,3.316
sec_contact_bottle_schange	Round_4_Replicate_3	-354581.35	709182.7	687400.47	249276.32	1.5148,0.1853,6.6568,6.3429,0.5309,0.3538,0.4393,1.0402,0.5209,7.5059
sec_contact_bottle_schange	Round_4_Replicate_4	-282545.11	565110.22	508135.54	282539.47	0.6427,0.2716,5.0211,13.5447,0.4868,0.2942,0.8346,1.927,0.2425,5.4662
sec_contact_bottle_schange	Round_4_Replicate_5	-303019.28	606058.56	539411.8	178081.08	1.3965,0.2439,11.2991,4.777,0.5937,0.7443,0.9145,0.638,0.7622,3.096
sec_contact_bottle_schange	Round_4_Replicate_6	-279926.73	559873.46	502251.51	214043.72	1.4545,0.4812,8.3578,5.4421,0.5387,0.4094,0.5338,1.1401,0.6523,3.5547
sec_contact_bottle_schange	Round_4_Replicate_7	-318393.26	636806.52	585279.71	177189.91	0.6955,0.4401,6.8634,6.3368,0.7313,0.6332,0.5044,1.2867,0.6101,4.647
sec_contact_bottle_schange	Round_4_Replicate_8	-277749.1	555518.2	491744.95	267671.44	0.5134,0.1954,4.9754,11.7258,0.346,0.3924,1.5525,1.0257,0.4183,2.5349
sec_contact_bottle_schange	Round_4_Replicate_9	-299005.43	598030.86	534999.27	224609.37	1.4087,0.1894,3.4216,5.5532,0.5908,0.45,0.5572,1.056,0.5753,5.1512
sec_contact_bottle_schange	Round_4_Replicate_10	-382811.42	765642.84	884777.98	170628.21	1.558,0.1989,10.6058,6.8462,1.0766,0.3267,0.609,1.9731,0.2029,3.077
sec_contact_bottle_schange	Round_4_Replicate_11	-284679.0	569378.0	512786.0	311456.31	0.6315,0.197,3.4539,8.6434,0.3659,0.2933,1.3381,1.6784,0.4032,3.6826
sec_contact_bottle_schange	Round_4_Replicate_12	-281287.73	562595.46	513783.32	220373.5	0.3914,0.2086,10.1238,11.3152,0.456,0.4506,1.1628,0.7775,0.3079,3.7327
sec_contact_bottle_schange	Round_4_Replicate_13	-344515.8	689051.6	735230.06	218197.85	0.4594,0.4373,2.9064,11.2738,0.7258,0.3757,1.0113,1.6444,0.4469,2.787
sec_contact_bottle_schange	Round_4_Replicate_14	-290702.7	581425.4	507537.55	161296.31	0.6531,0.3294,14.0128,10.269,0.6928,0.7065,0.5491,0.841,0.6678,3.0974
sec_contact_bottle_schange	Round_4_Replicate_15	-370629.55	741279.1	741367.42	299183.27	0.3698,0.2707,6.038,7.7146,0.4474,0.2596,0.5756,1.1941,0.3024,6.3859
sec_contact_bottle_schange	Round_4_Replicate_16	-355221.51	710463.02	772316.32	188428.74	0.9879,0.1846,7.0457,7.7985,0.9626,0.3112,0.638,1.2376,0.2768,2.6212
sec_contact_bottle_schange	Round_4_Replicate_17	-366683.12	733386.24	741358.56	244647.69	0.5764,0.1589,12.8766,3.4648,0.419,0.4941,0.6975,2.1606,0.4107,3.7073
sec_contact_bottle_schange	Round_4_Replicate_18	-320156.08	640332.16	639905.75	247683.06	1.1212,0.3448,7.2063,10.5178,0.4351,0.3294,0.4895,0.784,0.3093,2.0204
sec_contact_bottle_schange	Round_4_Replicate_19	-299812.45	599644.9	565231.87	238625.26	0.869,0.5908,3.5013,6.7759,0.6947,0.3106,0.6228,1.7169,0.4976,4.751
sec_contact_bottle_schange	Round_4_Replicate_20	-357383.22	714786.44	682027.87	184084.4	0.6892,0.2754,6.7108,4.887,0.6571,0.7341,0.5318,1.2595,0.4144,3.2915
sec_contact_bottle_schange	Round_4_Replicate_21	-368689.0	737398.0	820378.56	166342.07	1.4851,0.2245,6.4605,3.5006,1.0582,0.4085,0.6367,1.0429,0.7349,4.1948
sec_contact_bottle_schange	Round_4_Replicate_22	-364656.79	729333.58	802507.54	175719.17	0.8443,0.1822,4.1338,6.6726,0.9206,0.5185,0.879,0.595,0.2265,4.1085
sec_contact_bottle_schange	Round_4_Replicate_23	-292553.43	585126.86	545822.53	231777.22	0.6349,0.1916,5.3063,3.7739,0.6266,0.3627,0.7618,1.5139,0.3408,2.8265
sec_contact_bottle_schange	Round_4_Replicate_24	-307361.21	614742.42	525448.4	203802.27	0.8022,0.2346,6.5771,9.0979,0.4368,0.7142,1.1214,0.5495,0.203,2.8114
sec_contact_bottle_schange	Round_4_Replicate_25	-497363.0	994746.0	1805171.49	165183.84	0.5382,0.1749,10.2102,16.6733,0.8873,0.4878,1.3859,1.6008,0.4804,3.3177
sec_contact_bottle_schange	Round_4_Replicate_26	-376788.69	753597.38	783104.04	204885.33	0.902,0.387,7.585,11.0227,0.4423,0.5904,1.4198,1.4785,0.4952,4.1558
sec_contact_bottle_schange	Round_4_Replicate_27	-269466.06	538952.12	492836.56	220035.14	1.298,0.2282,9.0206,5.6724,0.6554,0.3282,0.4486,1.7472,0.3012,2.2672
sec_contact_bottle_schange	Round_4_Replicate_28	-311468.66	622957.32	643260.18	193371.77	0.4864,0.4794,11.3163,10.4893,0.7378,0.3158,0.6557,1.2391,0.2804,4.2022
sec_contact_bottle_schange	Round_4_Replicate_29	-250109.22	500238.44	450344.47	296188.91	0.7442,0.3182,12.9379,12.8926,0.2952,0.2447,1.5269,1.838,0.5187,1.8398
sec_contact_bottle_schange	Round_4_Replicate_30	-252932.28	505884.56	453515.32	240050.2	1.3355,0.251,9.7602,9.4665,0.4547,0.3507,0.9695,1.195,0.3417,1.8998
sec_contact_bottle_schange	Round_4_Replicate_31	-366196.45	732412.9	873764.04	213680.17	0.8207,0.3659,4.9952,7.7405,0.6374,0.4168,1.4813,0.8139,0.7294,3.3527
sec_contact_bottle_schange	Round_4_Replicate_32	-307312.45	614644.9	546865.54	190602.53	0.4677,0.5768,9.683,8.9957,0.4601,0.7034,1.2827,0.6121,0.198,3.9496
sec_contact_bottle_schange	Round_4_Replicate_33	-296126.22	592272.44	548286.73	249364.57	0.6465,0.1661,14.1633,6.737,0.4261,0.3491,1.1736,1.9204,0.4268,4.3387
sec_contact_bottle_schange	Round_4_Replicate_34	-313217.02	626454.04	595385.72	166008.37	0.4492,0.6467,9.1397,8.7619,0.7752,0.6221,0.697,1.098,0.2176,3.9168
sec_contact_bottle_schange	Round_4_Replicate_35	-282859.63	565739.26	540848.05	234266.33	0.8845,0.2256,6.9311,11.952,0.4849,0.3533,1.1707,1.0299,0.383,3.1171
sec_contact_bottle_schange	Round_4_Replicate_36	-657415.99	1314851.98	3842884.89	133378.33	1.106,0.4497,9.9569,8.1618,1.0359,0.7573,1.4325,1.5464,0.5827,7.2986
sec_contact_bottle_schange	Round_4_Replicate_37	-284942.55	569905.1	531308.32	230909.3	0.6293,0.2896,8.7427,5.4454,0.4915,0.4399,0.6586,0.7016,0.261,2.0023
sec_contact_bottle_schange	Round_4_Replicate_38	-465601.73	931223.46	1329883.88	171298.28	0.4643,0.5706,3.6773,6.7167,0.9494,0.7623,0.7625,1.2481,0.443,2.3275
sec_contact_bottle_schange	Round_4_Replicate_39	-311079.52	622179.04	583336.79	315938.62	0.3977,0.4909,12.0309,4.6677,0.4174,0.2423,0.5285,1.8554,0.4629,5.7104
sec_contact_bottle_schange	Round_4_Replicate_40	-346892.97	693805.94	757024.56	220103.37	0.9243,0.1817,4.0826,5.9355,0.6078,0.4825,1.3995,0.6625,0.5243,3.7138
sec_contact_bottle_schange	Round_4_Replicate_41	-362205.16	724430.32	731104.36	296280.03	1.2185,0.3948,4.1644,3.7857,0.3927,0.3277,1.1649,0.6287,0.3802,3.5027
sec_contact_bottle_schange	Round_4_Replicate_42	-287468.02	574956.04	539713.93	199653.99	0.8682,0.1686,7.7368,7.3623,0.6547,0.4748,0.4667,0.7154,0.3452,2.3707
sec_contact_bottle_schange	Round_4_Replicate_43	-356460.74	712941.48	790227.02	252374.43	0.7447,0.2466,10.4224,7.1918,0.4945,0.3909,1.5866,0.6384,0.5523,4.9726
sec_contact_bottle_schange	Round_4_Replicate_44	-479587.11	959194.22	1391913.65	172226.1	1.2549,0.3209,8.8322,7.8075,1.0252,0.3391,1.1024,1.2236,0.2564,5.109
sec_contact_bottle_schange	Round_4_Replicate_45	-285601.97	571223.94	525426.69	217780.89	0.4732,0.1985,8.0836,5.2339,0.5825,0.4704,0.8816,0.8534,0.2745,2.3086
sec_contact_bottle_schange	Round_4_Replicate_46	-400840.89	801701.78	865114.39	278665.44	1.3768,0.4502,2.986,3.1978,0.5486,0.3722,1.1466,0.5865,0.4569,6.6779
sec_contact_bottle_schange	Round_4_Replicate_47	-315688.43	631396.86	554092.26	186953.73	0.9762,0.5315,12.9809,5.3918,0.4857,0.7268,0.6161,0.6042,0.3964,2.9267
sec_contact_bottle_schange	Round_4_Replicate_48	-351725.14	703470.28	763825.57	202525.07	0.93,0.1669,4.999,13.0062,0.7636,0.3513,0.9301,1.7947,0.7288,5.7488
sec_contact_bottle_schange	Round_4_Replicate_49	-299988.36	599996.72	549700.78	205456.82	0.5037,0.6103,7.9977,6.4301,0.569,0.556,0.4769,0.6735,0.3117,1.9963
sec_contact_bottle_schange	Round_4_Replicate_50	-277083.81	554187.62	490367.68	222236.45	0.6975,0.1569,8.1439,9.1306,0.5841,0.3902,0.4418,1.5159,0.207,3.8662
sec_contact_bottle_schange	Round_4_Replicate_51	-336072.31	672164.62	751899.23	216833.4	0.5962,0.1906,6.8531,15.3588,0.5908,0.3581,1.3974,1.3811,0.3935,2.9735
sec_contact_bottle_schange	Round_4_Replicate_52	-358878.11	717776.22	769079.05	212642.76	0.4928,0.2589,8.0303,5.9505,0.6123,0.4438,1.2063,1.6365,0.2156,6.4325
sec_contact_bottle_schange	Round_4_Replicate_53	-294099.56	588219.12	518483.4	203573.56	0.6415,0.2023,10.5251,6.0999,0.515,0.564,0.8678,1.0873,0.5533,2.7257
sec_contact_bottle_schange	Round_4_Replicate_54	-322265.52	644551.04	654012.09	218981.85	1.1275,0.1705,7.8815,8.5065,0.6484,0.3494,0.9537,1.4783,0.4546,7.2207
sec_contact_bottle_schange	Round_4_Replicate_55	-566182.99	1132385.98	2005835.42	175095.34	1.0938,0.1715,8.4464,5.77,1.0784,0.3183,1.3384,1.9435,0.2077,5.6911
sec_contact_bottle_schange	Round_4_Replicate_56	-283537.45	567094.9	521565.8	252881.61	0.9321,0.2526,5.0108,13.7755,0.4886,0.3104,0.4336,1.3648,0.6331,2.5073
sec_contact_bottle_schange	Round_4_Replicate_57	-404142.99	808305.98	995100.26	231718.46	1.1975,0.558,4.0461,9.1121,0.6868,0.3054,1.2699,2.3009,0.2344,4.8122
sec_contact_bottle_schange	Round_4_Replicate_58	-436799.95	873619.9	1102834.46	172141.61	0.4291,0.3852,5.1375,12.9645,1.0222,0.3926,0.9423,0.5867,0.1987,3.7067
sec_contact_bottle_schange	Round_4_Replicate_59	-398176.97	796373.94	786623.89	217182.05	0.9925,0.1812,7.404,5.104,0.5049,0.4608,0.4843,0.636,0.325,6.7147
sec_contact_bottle_schange	Round_4_Replicate_60	-292845.28	585710.56	536251.77	268616.34	0.5232,0.1954,10.1581,6.143,0.3963,0.345,1.3316,1.5557,0.6327,4.7293
sec_contact_bottle_schange	Round_4_Replicate_61	-316757.44	633534.88	621464.37	259639.38	1.4054,0.1584,11.1846,4.3056,0.4205,0.377,1.0004,0.6055,0.1793,2.5726
sec_contact_bottle_schange	Round_4_Replicate_62	-266424.74	532869.48	475674.97	311381.82	0.9814,0.6502,7.057,9.7025,0.3134,0.2505,1.3305,2.174,0.3645,2.3837
sec_contact_bottle_schange	Round_4_Replicate_63	-411310.67	822641.34	1039246.36	179040.88	0.388,0.234,4.6848,6.1277,0.903,0.4719,1.1104,1.122,0.4432,5.4419
sec_contact_bottle_schange	Round_4_Replicate_64	-322971.23	645962.46	634500.49	188907.08	0.402,0.4773,3.1745,9.1745,0.9097,0.4,0.4884,1.0012,0.566,6.7811
sec_contact_bottle_schange	Round_4_Replicate_65	-304065.95	608151.9	585455.07	247040.64	1.0368,0.3876,9.3664,7.002,0.4455,0.3143,0.7917,0.9534,0.3127,3.1312
sec_contact_bottle_schange	Round_4_Replicate_66	-425370.31	850760.62	892841.05	227378.44	0.7037,0.1685,6.0599,5.2771,0.4315,0.7058,1.152,1.5684,0.6268,7.7701
sec_contact_bottle_schange	Round_4_Replicate_67	-276269.78	552559.56	500388.24	219587.21	0.9861,0.3419,12.4647,13.4519,0.5151,0.3612,0.8541,1.6488,0.254,4.5084
sec_contact_bottle_schange	Round_4_Replicate_68	-335506.37	671032.74	670687.48	171356.35	0.4262,0.2897,6.1322,9.6974,1.1016,0.4247,0.505,1.2276,0.3067,2.8715
sec_contact_bottle_schange	Round_4_Replicate_69	-249030.12	498080.24	445062.9	251764.2	0.7495,0.3554,10.3458,11.2568,0.4449,0.2882,0.6357,1.5843,0.5235,2.106
sec_contact_bottle_schange	Round_4_Replicate_70	-285898.33	571816.66	512649.94	313575.35	0.9993,0.1744,8.2599,10.8623,0.4641,0.2644,0.607,2.1521,0.302,6.6633
sec_contact_bottle_schange	Round_4_Replicate_71	-514103.37	1028226.74	1301198.3	238046.42	1.1799,0.382,8.7089,3.1497,0.4131,0.7596,1.0074,2.0483,0.3582,7.1247
sec_contact_bottle_schange	Round_4_Replicate_72	-348855.0	697730.0	737157.64	209464.18	0.3814,0.4021,6.8521,5.6884,0.6809,0.4303,1.0933,1.3701,0.2779,7.4941
sec_contact_bottle_schange	Round_4_Replicate_73	-284880.47	569780.94	501940.16	290677.19	0.6373,0.3485,2.8231,3.0322,0.4789,0.3271,0.7188,1.8821,0.5738,2.4486
sec_contact_bottle_schange	Round_4_Replicate_74	-464329.89	928679.78	1328180.93	213798.87	0.4004,0.4392,4.7605,6.8893,0.5156,0.6277,1.51,1.7121,0.2313,2.5028
sec_contact_bottle_schange	Round_4_Replicate_75	-283130.79	566281.58	561326.75	225258.99	1.4059,0.3353,12.4786,10.4468,0.4689,0.3321,1.3117,1.5234,0.7604,2.2608
sec_contact_bottle_schange	Round_4_Replicate_76	-354227.36	708474.72	707287.65	218868.74	0.814,0.4671,9.7282,5.0738,0.5116,0.3942,0.5484,0.6515,0.3385,3.6987
sec_contact_bottle_schange	Round_4_Replicate_77	-458234.9	916489.8	1022593.0	224377.35	0.5198,0.3996,6.3996,4.4793,0.5143,0.712,0.476,1.8428,0.7053,4.7782
sec_contact_bottle_schange	Round_4_Replicate_78	-266991.28	534002.56	477509.73	228729.14	1.4577,0.4449,3.9367,7.4196,0.5528,0.382,0.7452,1.0828,0.5545,2.3218
sec_contact_bottle_schange	Round_4_Replicate_79	-273552.48	547124.96	492504.7	254357.38	0.7033,0.1639,12.023,4.7791,0.3964,0.374,1.2042,1.1864,0.5722,2.5901
sec_contact_bottle_schange	Round_4_Replicate_80	-300160.77	600341.54	583351.38	210254.58	0.495,0.3491,5.2926,7.0712,0.632,0.4566,1.0163,0.7985,0.3265,2.7063
sec_contact_bottle_schange	Round_4_Replicate_81	-368967.95	737955.9	738004.23	284618.26	1.4082,0.3145,3.1421,3.9369,0.4687,0.3049,0.6801,0.9276,0.2985,5.0383
sec_contact_bottle_schange	Round_4_Replicate_82	-335418.8	670857.6	626933.45	263684.05	0.4906,0.4298,5.7169,6.6042,0.3829,0.3706,0.7834,0.9105,0.6484,4.4921
sec_contact_bottle_schange	Round_4_Replicate_83	-477233.71	954487.42	1494487.19	172767.4	1.5713,0.258,4.5415,16.9918,0.9836,0.4757,1.4533,0.6052,0.2357,3.3925
sec_contact_bottle_schange	Round_4_Replicate_84	-355997.2	712014.4	710945.84	254032.11	1.2302,0.3376,7.8474,4.2698,0.4043,0.3682,0.7283,0.5964,0.4899,2.6647
sec_contact_bottle_schange	Round_4_Replicate_85	-319003.67	638027.34	622441.35	201605.98	0.7182,0.1662,4.9912,3.8752,0.7895,0.4062,0.7009,1.4115,0.4207,5.6326
sec_contact_bottle_schange	Round_4_Replicate_86	-280175.22	560370.44	492301.84	193975.06	0.412,0.301,14.0689,5.9686,0.5995,0.5057,0.5573,1.2897,0.6606,3.443
sec_contact_bottle_schange	Round_4_Replicate_87	-295438.34	590896.68	541240.61	250234.62	1.1803,0.4764,6.3012,7.3581,0.3807,0.4506,1.4969,0.6987,0.4718,3.8863
sec_contact_bottle_schange	Round_4_Replicate_88	-605430.67	1210881.34	3240786.56	151522.57	0.841,0.2458,9.3684,10.9402,0.9815,0.6377,1.4435,1.5682,0.186,3.6668
sec_contact_bottle_schange	Round_4_Replicate_89	-473299.77	946619.54	1059394.98	210972.38	0.5175,0.1723,12.1977,5.0052,0.3476,0.792,1.5009,1.5268,0.2684,3.7196
sec_contact_bottle_schange	Round_4_Replicate_90	-280763.38	561546.76	500372.52	289263.99	0.3881,0.1852,4.6672,4.8549,0.4383,0.311,0.5963,1.6354,0.2679,2.4896
sec_contact_bottle_schange	Round_4_Replicate_91	-548126.94	1096273.88	2140392.73	194632.19	0.5728,0.5615,3.0624,3.1268,0.7644,0.6334,1.4774,1.6617,0.6269,2.9983
sec_contact_bottle_schange	Round_4_Replicate_92	-266117.52	532255.04	483877.28	269840.72	1.542,0.4876,11.0399,3.1058,0.4677,0.2539,0.4548,2.1709,0.2465,2.6697
sec_contact_bottle_schange	Round_4_Replicate_93	-282648.48	565316.96	500377.58	287688.36	1.3604,0.2161,5.9277,6.0174,0.4484,0.3109,0.6848,2.0853,0.4071,4.2719
sec_contact_bottle_schange	Round_4_Replicate_94	-390924.44	781868.88	956897.63	223712.39	0.417,0.2875,5.3397,10.1951,0.6555,0.3663,1.4423,1.1355,0.7158,6.8868
sec_contact_bottle_schange	Round_4_Replicate_95	-363782.87	727585.74	830748.24	174645.43	0.909,0.2084,10.1067,5.874,0.9243,0.4188,0.7729,1.5051,0.6782,2.5945
sec_contact_bottle_schange	Round_4_Replicate_96	-406051.56	812123.12	990296.47	167001.86	0.8497,0.6168,10.9374,3.1129,0.817,0.7209,0.4803,1.6952,0.2869,3.8511
sec_contact_bottle_schange	Round_4_Replicate_97	-319893.59	639807.18	586827.33	225310.19	0.8501,0.1713,6.5624,11.4925,0.3768,0.545,1.6332,0.975,0.5171,3.9645
sec_contact_bottle_schange	Round_4_Replicate_98	-353010.2	706040.4	642854.75	211145.2	1.0264,0.2134,3.2009,7.0601,0.5276,0.6643,0.6498,1.1743,0.7021,5.1753
sec_contact_bottle_schange	Round_4_Replicate_99	-449485.85	898991.7	919321.21	226688.99	0.4787,0.3484,12.067,7.7436,0.431,0.3924,0.504,0.5967,0.1817,5.7483
sec_contact_bottle_schange	Round_4_Replicate_100	-337444.91	674909.82	668415.9	218627.28	0.5798,0.4883,3.1013,7.7772,0.637,0.3975,0.7227,0.7536,0.4854,6.4006
