Model	Replicate	log-likelihood	AIC	chi-squared	theta	optimized_params(nu1, nu2, m12, m21, T1, T2)
anc_asym_mig	Round_1_Replicate_1	-543471.51	1086955.02	78346138.14	27976.56	0.1891,0.7805,0.6728,1.4642,0.1726,0.8343
anc_asym_mig	Round_1_Replicate_2	-1060753.65	2121519.3	96503107224.3	10484.97	0.2649,2.6992,7.7948,0.5046,1.7206,3.1
anc_asym_mig	Round_1_Replicate_3	-381962.46	763936.92	7463785.15	12209.28	0.2604,7.2122,0.3576,0.4747,0.9305,0.4137
anc_asym_mig	Round_1_Replicate_4	-131006.22	262024.44	429847.89	19192.0	0.6616,1.8161,0.2844,5.77,0.3467,0.3421
anc_asym_mig	Round_1_Replicate_5	-354452.6	708917.2	13301488.63	5419.48	5.0315,1.9375,3.261,2.7264,0.6614,4.0391
anc_asym_mig	Round_1_Replicate_6	-545495.65	1091003.3	172531939.68	5946.5	5.3032,0.9238,1.2906,1.4927,0.1368,4.3183
anc_asym_mig	Round_1_Replicate_7	-569044.49	1138100.98	230495567.84	13967.62	3.5309,0.2013,2.7731,0.1377,1.8667,0.8899
anc_asym_mig	Round_1_Replicate_8	-837983.49	1675978.98	3885678229.25	14335.54	0.2489,1.8238,0.3538,0.7543,4.6936,1.8457
anc_asym_mig	Round_1_Replicate_9	-283438.55	566889.1	2733326.76	14895.25	0.3888,4.7776,0.2075,1.2064,0.1198,0.7053
anc_asym_mig	Round_1_Replicate_10	-1242617.15	2485246.3	4170869628391.77	23306.46	0.4364,0.2562,3.9287,1.1226,0.7868,2.632
anc_asym_mig	Round_2_Replicate_1	-92981.59	185975.18	300089.06	21959.07	1.0336,0.5103,0.748,11.4563,0.3064,0.2476
anc_asym_mig	Round_2_Replicate_2	-79756.16	159524.32	211040.31	22725.0	0.8763,0.7916,0.0906,17.5625,0.3311,0.2177
anc_asym_mig	Round_2_Replicate_3	-90780.93	181573.86	320775.52	22952.15	0.6804,2.7039,0.4927,10.554,1.1214,0.1215
anc_asym_mig	Round_2_Replicate_4	-83562.17	167136.34	226675.76	19750.05	0.8864,1.9757,0.2361,1.5933,0.1727,0.1248
anc_asym_mig	Round_2_Replicate_5	-107003.25	214018.5	292207.41	17007.86	0.8538,3.8982,0.1166,2.7677,0.2004,0.2236
anc_asym_mig	Round_2_Replicate_6	-82627.59	165267.18	215991.2	30591.73	0.6203,0.7362,0.1679,27.3398,1.1551,0.1695
anc_asym_mig	Round_2_Replicate_7	-151233.87	302479.74	820111.83	13807.6	2.1178,0.7444,0.0778,7.9482,0.5503,0.6231
anc_asym_mig	Round_2_Replicate_8	-332977.98	665967.96	5665297.41	16442.83	0.3986,2.4207,0.0831,2.0724,0.1502,0.9377
anc_asym_mig	Round_2_Replicate_9	-125894.47	251800.94	448796.23	12479.26	1.5651,2.2901,0.0977,4.0169,0.714,0.5435
anc_asym_mig	Round_2_Replicate_10	-188046.03	376104.06	692847.26	18814.08	0.3343,6.8037,0.3677,2.8499,0.7102,0.1159
anc_asym_mig	Round_2_Replicate_11	-103236.59	206485.18	304077.89	32360.23	0.4366,0.4936,0.1259,7.4984,0.4029,0.1508
anc_asym_mig	Round_2_Replicate_12	-312718.72	625449.44	4098804.77	22554.74	0.2605,1.5542,0.076,2.6087,0.2672,0.5086
anc_asym_mig	Round_2_Replicate_13	-201293.35	402598.7	1096113.64	14907.72	0.6134,3.8005,0.9917,2.8166,0.0983,0.6775
anc_asym_mig	Round_2_Replicate_14	-88202.55	176417.1	330280.67	13730.96	1.6747,1.6408,0.0762,2.2317,1.0325,0.0819
anc_asym_mig	Round_2_Replicate_15	-116244.57	232501.14	398884.19	12850.1	2.3654,2.1992,0.3883,2.0331,0.124,0.5129
anc_asym_mig	Round_2_Replicate_16	-123181.93	246375.86	384447.48	18731.67	0.6903,1.8409,0.2635,1.6561,0.3275,0.2329
anc_asym_mig	Round_2_Replicate_17	-282013.92	564039.84	3451282.51	20704.51	0.4521,1.3047,0.0688,3.1343,0.6133,0.7056
anc_asym_mig	Round_2_Replicate_18	-261402.58	522817.16	1899817.81	24440.85	0.2007,2.4254,0.3295,16.0568,0.1275,0.3651
anc_asym_mig	Round_2_Replicate_19	-88573.32	177158.64	216118.45	29611.66	0.4149,1.4652,0.0815,17.347,0.2944,0.1225
anc_asym_mig	Round_2_Replicate_20	-102270.38	204552.76	2900412.9	12176.93	2.0698,4.1566,0.6851,6.2978,0.941,0.1143
anc_asym_mig	Round_3_Replicate_1	-137376.27	274764.54	535622.44	12934.19	1.4948,2.6139,0.3745,28.5123,0.2227,0.7292
anc_asym_mig	Round_3_Replicate_2	-448467.05	896946.1	36121681.17	50744.19	0.2625,0.28,0.1571,24.8286,0.896,0.6446
anc_asym_mig	Round_3_Replicate_3	-85519.83	171051.66	236774.12	29755.6	0.6425,0.4663,0.1096,7.2253,1.0399,0.1241
anc_asym_mig	Round_3_Replicate_4	-61492.41	122996.82	162683.33	22478.24	1.1614,0.4083,0.0798,24.2592,0.7641,0.129
anc_asym_mig	Round_3_Replicate_5	-146637.04	293286.08	665397.72	14098.02	1.416,1.627,0.2256,6.873,0.2958,0.7036
anc_asym_mig	Round_3_Replicate_6	-225881.2	451774.4	1822616.55	23380.74	0.4943,1.0527,0.066,25.0079,0.3267,0.696
anc_asym_mig	Round_3_Replicate_7	-65088.62	130189.24	357831.01	25673.7	0.7535,1.2347,0.1268,29.4255,0.3636,0.0931
anc_asym_mig	Round_3_Replicate_8	-104645.19	209302.38	344839.21	17324.62	1.2779,1.0633,0.1567,24.395,0.5061,0.4213
anc_asym_mig	Round_3_Replicate_9	-159664.9	319341.8	641098.7	23670.14	0.4413,1.2895,0.1344,5.5513,0.3734,0.3165
anc_asym_mig	Round_3_Replicate_10	-319705.84	639423.68	6842624.03	28962.24	0.4377,0.4228,0.0232,23.9062,0.0885,0.7977
anc_asym_mig	Round_3_Replicate_11	-64991.87	129995.74	347543.25	29270.12	0.5356,1.1785,0.0287,24.584,0.2377,0.0677
anc_asym_mig	Round_3_Replicate_12	-139772.97	279557.94	687695.15	12515.71	2.7694,0.6666,0.0472,16.5278,0.6994,0.557
anc_asym_mig	Round_3_Replicate_13	-75778.0	151568.0	663404.88	21072.23	1.0058,1.9228,0.3049,16.129,0.2185,0.0991
anc_asym_mig	Round_3_Replicate_14	-81386.55	162785.1	208126.23	36701.99	0.4776,0.8337,0.1149,28.6542,0.9205,0.1213
anc_asym_mig	Round_3_Replicate_15	-69877.39	139766.78	479646.72	26664.52	0.4597,2.3147,0.1418,27.9799,0.0661,0.0632
anc_asym_mig	Round_3_Replicate_16	-85858.22	171728.44	205619.69	30461.08	0.4078,1.0011,0.0834,11.8249,0.3057,0.1008
anc_asym_mig	Round_3_Replicate_17	-51949.43	103910.86	113333.3	33219.28	0.3496,0.2956,0.2689,10.1028,0.0901,0.0437
anc_asym_mig	Round_3_Replicate_18	-73385.72	146783.44	270395.47	13469.57	2.0177,1.3903,0.1161,14.8849,1.33,0.2285
anc_asym_mig	Round_3_Replicate_19	-127532.08	255076.16	534655.83	12913.03	2.4001,1.045,0.1075,27.8558,0.4435,0.6063
anc_asym_mig	Round_3_Replicate_20	-69639.16	139290.32	450679.13	16239.04	2.0399,0.7295,0.1175,18.7002,0.7266,0.102
anc_asym_mig	Round_3_Replicate_21	-76630.63	153273.26	231546.25	21969.45	0.6871,2.3035,0.053,6.3576,0.0764,0.1261
anc_asym_mig	Round_3_Replicate_22	-73546.18	147104.36	348250.25	30939.72	0.518,1.7272,0.0439,27.8393,0.4483,0.0834
anc_asym_mig	Round_3_Replicate_23	-111263.49	222538.98	409379.15	38455.43	0.5096,0.298,0.1724,11.0198,1.0825,0.1625
anc_asym_mig	Round_3_Replicate_24	-64209.56	128431.12	191916.41	20848.01	1.754,0.3839,0.0484,25.9371,0.1937,0.1035
anc_asym_mig	Round_3_Replicate_25	-57464.38	114940.76	258630.38	28755.62	0.5145,0.8483,0.1314,29.2935,0.1146,0.0649
anc_asym_mig	Round_3_Replicate_26	-193277.67	386567.34	1125789.07	17843.55	0.653,1.8313,0.0641,23.259,0.2255,0.7309
anc_asym_mig	Round_3_Replicate_27	-316807.58	633627.16	7207623.8	28693.61	0.5298,0.326,0.0274,9.9697,0.1322,0.7328
anc_asym_mig	Round_3_Replicate_28	-141725.44	283462.88	600527.58	22208.57	0.6641,0.8749,0.0798,10.5212,0.1486,0.4426
anc_asym_mig	Round_3_Replicate_29	-63210.85	126433.7	261210.48	30976.24	0.5073,0.8108,0.1813,17.3028,0.3083,0.0571
anc_asym_mig	Round_3_Replicate_30	-121645.62	243303.24	490555.14	16096.5	3.4199,0.4002,0.0818,23.3061,0.1045,0.301
anc_asym_mig	Round_4_Replicate_1	-41557.9	83127.8	149217.6	28937.07	0.5823,0.2695,0.3769,7.4598,0.0267,0.0352
anc_asym_mig	Round_4_Replicate_2	-44973.73	89959.46	259048.18	29025.18	0.5075,0.3607,0.1339,16.8355,0.0308,0.0315
anc_asym_mig	Round_4_Replicate_3	-44375.34	88762.68	127018.32	29016.52	0.5976,0.288,0.2579,8.5172,0.0778,0.0302
anc_asym_mig	Round_4_Replicate_4	-40692.52	81397.04	169233.86	29459.64	0.5049,0.2636,0.3809,5.136,0.0246,0.0277
anc_asym_mig	Round_4_Replicate_5	-37951.93	75915.86	136375.02	30968.48	0.38,0.2129,0.4145,9.2573,0.0214,0.0245
anc_asym_mig	Round_4_Replicate_6	-39798.38	79608.76	105634.13	30911.25	0.4692,0.1993,0.1558,9.5257,0.0459,0.026
anc_asym_mig	Round_4_Replicate_7	-37349.82	74711.64	113479.39	32699.98	0.4355,0.1823,0.5563,21.9507,0.0722,0.0233
anc_asym_mig	Round_4_Replicate_8	-34259.27	68530.54	101013.63	35815.78	0.3676,0.1332,0.2227,27.1048,0.0845,0.0165
anc_asym_mig	Round_4_Replicate_9	-47803.55	95619.1	174534.42	27486.46	0.6431,0.446,0.1696,15.0517,0.0414,0.0552
anc_asym_mig	Round_4_Replicate_10	-42552.59	85117.18	141348.5	30805.27	0.4388,0.2856,0.1635,11.9253,0.0626,0.0237
anc_asym_mig	Round_4_Replicate_11	-39989.4	79990.8	128506.77	37243.7	0.372,0.216,0.4662,25.5074,0.1454,0.0241
anc_asym_mig	Round_4_Replicate_12	-36851.61	73715.22	109314.68	31807.0	0.3697,0.1734,0.1316,7.4673,0.0353,0.015
anc_asym_mig	Round_4_Replicate_13	-37020.62	74053.24	98065.01	35536.46	0.368,0.1759,0.1446,28.66,0.0866,0.0271
anc_asym_mig	Round_4_Replicate_14	-42575.06	85162.12	150122.75	30043.21	0.572,0.2664,0.2105,17.5894,0.0928,0.03
anc_asym_mig	Round_4_Replicate_15	-39573.71	79159.42	140856.67	32389.24	0.522,0.2003,0.4797,18.9748,0.136,0.0201
anc_asym_mig	Round_4_Replicate_16	-39720.98	79453.96	118096.7	30319.08	0.6109,0.1745,0.4443,13.535,0.0934,0.0181
anc_asym_mig	Round_4_Replicate_17	-42782.75	85577.5	177616.59	29283.77	0.562,0.2985,0.3938,22.7273,0.0476,0.0358
anc_asym_mig	Round_4_Replicate_18	-43199.89	86411.78	113820.07	29821.01	0.6781,0.2126,0.4469,19.3088,0.1413,0.041
anc_asym_mig	Round_4_Replicate_19	-48439.37	96890.74	293006.99	28044.56	0.5477,0.4857,0.414,7.0274,0.0368,0.0317
anc_asym_mig	Round_4_Replicate_20	-41743.62	83499.24	181366.41	33013.37	0.4659,0.23,0.1789,19.2963,0.1244,0.0177
anc_asym_mig	Round_4_Replicate_21	-44292.17	88596.34	125415.26	30046.07	0.5951,0.2528,0.3621,10.6296,0.1449,0.0247
anc_asym_mig	Round_4_Replicate_22	-43741.03	87494.06	136722.08	28546.88	0.682,0.2526,0.2321,8.1135,0.0852,0.0206
anc_asym_mig	Round_4_Replicate_23	-41302.57	82617.14	134446.09	33112.25	0.4295,0.2648,0.1728,26.2549,0.0963,0.0329
anc_asym_mig	Round_4_Replicate_24	-47135.89	94283.78	219296.31	28301.48	0.5992,0.3884,0.1486,10.5398,0.0697,0.0272
anc_asym_mig	Round_4_Replicate_25	-36954.8	73921.6	141781.35	30096.53	0.5519,0.1311,0.6639,9.2763,0.0298,0.0103
anc_asym_mig	Round_4_Replicate_26	-43825.27	87662.54	178781.44	28043.25	0.6707,0.3161,0.4587,5.4966,0.0315,0.0354
anc_asym_mig	Round_4_Replicate_27	-37182.2	74376.4	116633.65	31203.61	0.4143,0.1801,0.4524,7.3137,0.0367,0.0154
anc_asym_mig	Round_4_Replicate_28	-39017.2	78046.4	125968.34	31520.01	0.5124,0.2096,0.4364,24.0959,0.0825,0.0292
anc_asym_mig	Round_4_Replicate_29	-45967.08	91946.16	161844.73	29673.33	0.4011,0.4345,0.1807,16.0458,0.026,0.0443
anc_asym_mig	Round_4_Replicate_30	-40880.62	81773.24	117085.91	31018.17	0.591,0.2312,0.2068,29.5404,0.1138,0.0428
anc_asym_mig	Round_4_Replicate_31	-52063.38	104138.76	172087.61	29590.39	0.4388,0.4809,0.459,6.6586,0.1064,0.0199
anc_asym_mig	Round_4_Replicate_32	-41169.04	82350.08	108633.32	30221.22	0.5826,0.1795,0.1732,8.738,0.0726,0.0187
anc_asym_mig	Round_4_Replicate_33	-46241.78	92495.56	192712.36	27949.52	0.6368,0.3849,0.3367,14.5766,0.0501,0.0414
anc_asym_mig	Round_4_Replicate_34	-40991.85	81995.7	155028.77	29325.87	0.5656,0.2471,0.2789,9.5706,0.0425,0.0235
anc_asym_mig	Round_4_Replicate_35	-37945.67	75903.34	117099.97	32609.91	0.5104,0.1709,0.2663,19.6625,0.1135,0.02
anc_asym_mig	Round_4_Replicate_36	-39142.1	78296.2	101462.86	31342.56	0.4681,0.1675,0.1732,8.2441,0.0534,0.0178
anc_asym_mig	Round_4_Replicate_37	-41090.34	82192.68	107536.88	30923.51	0.5231,0.1976,0.5383,8.7014,0.0882,0.0182
anc_asym_mig	Round_4_Replicate_38	-50302.68	100617.36	206956.24	27975.16	0.6508,0.3931,0.154,8.7351,0.1428,0.0211
anc_asym_mig	Round_4_Replicate_39	-46535.48	93082.96	159622.42	28992.97	0.5351,0.3667,0.272,6.1736,0.0865,0.0184
anc_asym_mig	Round_4_Replicate_40	-46581.97	93175.94	218944.52	29183.9	0.6534,0.3283,0.4784,17.5471,0.1631,0.0306
