Model	Replicate	log-likelihood	AIC	chi-squared	theta	optimized_params(nu1i, nu2i, nu1m, nu2m, nu1f, nu2f, T1, T2, T3)
bottle_schange_thr_epoch	Round_1_Replicate_1	-12168985.05	24337988.1	1609236212564506.0	209498.43	0.9334,0.3181,0.1293,0.2068,0.2906,1.484,2.95,0.1471,1.005
bottle_schange_thr_epoch	Round_1_Replicate_2	-4283905.88	8567829.76	642634141.81	90206.49	0.5709,0.2542,1.9074,3.82,5.788,3.251,0.5465,3.186,0.1289
bottle_schange_thr_epoch	Round_1_Replicate_3	-2577420.89	5154859.78	513257174917804.8	72906.01	0.1688,0.1916,1.1258,0.1973,0.8702,0.5055,1.053,5.3714,0.9277
bottle_schange_thr_epoch	Round_1_Replicate_4	-3295389.98	6590797.96	144927123.95	90687.18	0.8057,0.2043,3.1953,1.5603,3.1338,5.2054,0.3471,0.6334,1.8814
bottle_schange_thr_epoch	Round_1_Replicate_5	-2207844.35	4415706.7	29345555.24	190215.82	6.4258,4.2633,7.5611,1.371,0.1824,0.1631,2.199,0.3047,0.4911
bottle_schange_thr_epoch	Round_1_Replicate_6	-3067513.6	6135045.2	90009094.2	161873.64	1.9022,0.3069,0.9702,3.4395,2.6067,1.4298,0.7924,0.6684,0.1847
bottle_schange_thr_epoch	Round_1_Replicate_7	-10348890.64	20697799.28	124061742622358.44	88004.97	0.3245,0.3198,1.9723,0.3204,3.1222,5.1552,0.8227,2.8834,1.8709
bottle_schange_thr_epoch	Round_1_Replicate_8	-11194344.0	22388706.0	914837456658013.9	166620.44	0.1933,0.1411,3.2632,0.296,0.2359,6.8903,0.9225,2.4103,0.2281
bottle_schange_thr_epoch	Round_1_Replicate_9	-4962908.6	9925835.2	7.943167271291974e+21	109043.54	0.5027,0.2795,0.1862,0.1941,8.077,0.4225,2.7621,3.32,0.4236
bottle_schange_thr_epoch	Round_1_Replicate_10	-9721274.19	19442566.38	4698547187141.22	285411.58	5.5276,5.693,0.3193,0.2418,0.1708,2.089,0.1869,1.8337,0.4413
bottle_schange_thr_epoch	Round_1_Replicate_11	-11198368.0	22396754.0	903220098669106.9	85139.88	1.9482,0.5593,3.9761,0.6673,0.2716,0.8327,4.8496,4.7237,0.1617
bottle_schange_thr_epoch	Round_1_Replicate_12	-4425517.43	8851052.86	830221096.94	96922.32	6.4773,1.1059,0.4223,2.8591,4.3003,1.4519,0.2956,0.1439,3.7572
bottle_schange_thr_epoch	Round_1_Replicate_13	-7131977.22	14263972.44	112177023063.6	123554.7	0.3198,0.1992,1.9893,1.6355,2.2504,0.1621,0.6892,3.7666,0.5105
bottle_schange_thr_epoch	Round_1_Replicate_14	-5357263.33	10714544.66	2860005150.29	105990.48	3.3101,1.3994,2.7734,0.511,0.8313,6.914,3.6667,1.0504,0.9145
bottle_schange_thr_epoch	Round_1_Replicate_15	-14777894.39	29555806.78	1.9160104797987065e+21	145488.12	3.0561,0.2142,1.0096,0.9054,0.1633,0.5174,0.1806,1.7434,6.0086
bottle_schange_thr_epoch	Round_2_Replicate_1	-2697497.07	5395012.14	45381632.37	236760.02	7.0831,4.1629,3.0541,1.6406,0.1101,0.1046,2.1985,0.3533,0.4325
bottle_schange_thr_epoch	Round_2_Replicate_2	-1055310.72	2110639.44	4028832.47	113208.4	13.4989,5.1581,17.5772,1.975,0.5256,0.4189,1.2344,0.1826,0.2317
bottle_schange_thr_epoch	Round_2_Replicate_3	-4948732.24	9897482.48	960015251.98	179209.23	16.9642,1.2579,21.9031,2.3144,0.0971,0.1477,4.117,0.1537,0.7492
bottle_schange_thr_epoch	Round_2_Replicate_4	-2474071.68	4948161.36	27997515.24	315039.88	4.5505,6.296,2.6861,1.8109,0.1158,0.3215,0.7434,0.1749,0.7486
bottle_schange_thr_epoch	Round_2_Replicate_5	-1418648.22	2837314.44	8558352.96	152274.48	14.6054,16.8241,18.3493,0.9607,0.5523,0.1818,0.9285,0.2731,0.4005
bottle_schange_thr_epoch	Round_2_Replicate_6	-4252798.02	8505614.04	516943443.22	95069.62	5.465,2.4538,4.3998,0.5085,0.6724,0.1384,5.1133,0.5793,0.2351
bottle_schange_thr_epoch	Round_2_Replicate_7	-2219938.1	4439894.2	30566495.04	188356.44	6.4303,2.3429,23.2946,5.6288,0.0825,0.0783,2.1335,0.6118,0.3379
bottle_schange_thr_epoch	Round_2_Replicate_8	-1664966.21	3329950.42	13904272.74	187047.5	9.4603,1.4637,1.9965,1.6418,0.6481,0.0809,1.1429,0.257,0.2378
bottle_schange_thr_epoch	Round_2_Replicate_9	-9307195.47	18614408.94	247431232389.06	151136.18	15.3128,3.1437,6.0434,1.4915,0.1184,0.1003,6.3016,0.7563,1.6643
bottle_schange_thr_epoch	Round_2_Replicate_10	-12725448.87	25450915.74	121810694598364.86	291597.74	2.8622,8.5587,7.2449,0.5638,0.051,0.0821,1.7575,0.5372,1.8908
bottle_schange_thr_epoch	Round_2_Replicate_11	-4433171.8	8866361.6	426785484.3	281922.75	1.9333,5.6012,2.0449,3.4023,0.2749,0.1877,0.6662,0.4797,1.6481
bottle_schange_thr_epoch	Round_2_Replicate_12	-769726.6	1539471.2	2527228.22	155336.43	14.944,10.1043,11.0743,3.066,0.1528,0.385,1.1224,0.1641,0.2177
bottle_schange_thr_epoch	Round_2_Replicate_13	-1341274.04	2682566.08	7198056.86	265465.47	6.4975,15.0851,2.8085,3.7396,0.17,0.2251,0.8938,0.0857,0.526
bottle_schange_thr_epoch	Round_2_Replicate_14	-4910648.44	9821314.88	1705738396.54	113228.22	2.8677,1.3094,7.9369,1.8091,0.3954,0.1046,4.9779,0.4571,0.2766
bottle_schange_thr_epoch	Round_2_Replicate_15	-4355018.78	8710055.56	531647250.51	132148.72	10.3346,1.556,14.9257,3.2208,0.2872,0.0942,3.9078,0.4211,0.7116
bottle_schange_thr_epoch	Round_2_Replicate_16	-1661722.38	3323462.76	12743983.13	281901.8	7.2793,12.1309,24.6616,0.4306,0.1273,0.3896,0.6394,0.2615,0.4852
bottle_schange_thr_epoch	Round_2_Replicate_17	-2129875.17	4259768.34	27486167.29	238680.79	4.158,1.1095,19.2108,0.4194,0.155,0.212,1.1974,0.1336,0.3251
bottle_schange_thr_epoch	Round_2_Replicate_18	-1422071.39	2844160.78	9457577.17	86538.15	10.5743,10.714,9.5727,4.4294,0.0752,0.3987,2.8394,0.8961,0.1241
bottle_schange_thr_epoch	Round_2_Replicate_19	-6190247.95	12380513.9	3297775016.99	139698.99	4.9256,2.9268,3.3867,2.4656,0.1284,0.5352,5.8219,0.181,1.3922
bottle_schange_thr_epoch	Round_2_Replicate_20	-11215738.14	22431494.28	3450307055611.35	129244.15	20.2839,5.8835,7.6315,0.6252,0.0764,0.1652,8.3157,0.5383,1.9565
bottle_schange_thr_epoch	Round_2_Replicate_21	-4092791.63	8185601.26	354749986.27	142656.87	8.3016,1.9114,12.43,2.7605,0.1085,0.1753,5.1466,0.0944,0.5326
bottle_schange_thr_epoch	Round_2_Replicate_22	-7725128.47	15450274.94	27401195693.0	209544.53	1.9558,1.824,10.3584,0.8887,0.0707,0.2999,4.0431,0.0776,1.2437
bottle_schange_thr_epoch	Round_2_Replicate_23	-2526805.24	5053628.48	54184141.69	126427.65	9.9748,1.5833,5.3593,1.9247,0.2885,0.0938,2.8597,0.1923,0.2346
bottle_schange_thr_epoch	Round_2_Replicate_24	-3161339.42	6322696.84	98877689.82	233869.2	1.7047,2.8375,3.3534,4.9401,0.3051,0.0855,1.7752,0.3606,0.6514
bottle_schange_thr_epoch	Round_2_Replicate_25	-2341575.08	4683168.16	32954537.36	190690.6	7.819,7.3835,8.0291,1.87,0.2929,0.4893,1.5927,0.1986,1.2486
bottle_schange_thr_epoch	Round_2_Replicate_26	-2966616.61	5933251.22	82906151.32	106850.01	22.4939,6.2798,26.1218,1.3072,0.1284,0.1188,5.9595,0.0854,0.4849
bottle_schange_thr_epoch	Round_2_Replicate_27	-4363778.81	8727575.62	202371602.2	193033.09	17.6644,9.1439,18.8197,2.1654,0.0669,0.4937,2.8297,0.2945,1.2144
bottle_schange_thr_epoch	Round_2_Replicate_28	-8974796.58	17949611.16	160186043582.16	236692.69	23.4064,3.3567,2.7966,0.5325,0.0966,0.0868,3.7333,0.0894,1.3081
bottle_schange_thr_epoch	Round_2_Replicate_29	-4789387.69	9578793.38	461621379.35	158970.71	5.9006,6.0023,24.3856,1.7903,0.0972,0.4968,4.2013,0.4624,1.3801
bottle_schange_thr_epoch	Round_2_Replicate_30	-3062202.75	6124423.5	120252587.08	70165.94	1.8267,5.9061,24.285,2.5443,0.4072,0.5807,4.0791,1.0613,0.1291
bottle_schange_thr_epoch	Round_3_Replicate_1	-478026.49	956070.98	1044270.54	257496.26	25.8277,9.8218,25.0556,8.0706,0.0745,0.1729,0.394,0.0662,0.1533
bottle_schange_thr_epoch	Round_3_Replicate_2	-1051221.91	2102461.82	2990382.01	190523.03	28.0679,22.6081,16.1683,9.698,0.1454,0.9305,0.572,0.0597,0.5101
bottle_schange_thr_epoch	Round_3_Replicate_3	-908852.65	1817723.3	3265537.95	113480.88	19.9139,13.2755,22.7199,1.8641,0.1345,0.3343,1.5552,0.1783,0.1321
bottle_schange_thr_epoch	Round_3_Replicate_4	-1205805.43	2411628.86	6077902.95	202189.88	7.8097,23.6793,12.7392,3.0972,0.2123,0.5535,0.8752,0.162,0.7339
bottle_schange_thr_epoch	Round_3_Replicate_5	-696879.94	1393777.88	1588298.26	212074.48	3.9474,23.1452,10.0875,6.8821,0.1868,0.4897,0.3786,0.0725,0.2086
bottle_schange_thr_epoch	Round_3_Replicate_6	-1112380.3	2224778.6	4843923.3	92408.36	8.3992,13.1092,24.1821,3.6357,0.4523,0.2901,2.1148,0.0403,0.2152
bottle_schange_thr_epoch	Round_3_Replicate_7	-1719149.47	3438316.94	15078909.97	141861.34	17.7291,8.8046,4.7887,10.5244,0.1412,0.1211,3.2382,0.1822,0.4066
bottle_schange_thr_epoch	Round_3_Replicate_8	-1376004.61	2752027.22	7901809.34	73113.0	15.5378,5.6689,24.6701,4.3066,0.1802,0.2937,2.8271,0.1911,0.1091
bottle_schange_thr_epoch	Round_3_Replicate_9	-1348918.03	2697854.06	7835143.36	229191.99	4.8397,4.8849,28.0679,0.8384,0.066,0.2856,1.4648,0.0783,0.2833
bottle_schange_thr_epoch	Round_3_Replicate_10	-506507.99	1013033.98	1046145.81	269143.62	9.2329,3.1742,5.7372,6.9966,0.0882,0.2199,0.3232,0.0468,0.114
bottle_schange_thr_epoch	Round_3_Replicate_11	-3427687.37	6855392.74	119689156.24	161560.18	4.4425,9.9029,3.9818,5.0575,0.2037,0.1515,4.2289,0.1125,0.8595
bottle_schange_thr_epoch	Round_3_Replicate_12	-920709.23	1841436.46	3705234.37	181632.08	14.5292,3.5798,16.5173,1.1819,0.5844,1.0074,0.3938,0.0493,0.7331
bottle_schange_thr_epoch	Round_3_Replicate_13	-992817.25	1985652.5	2608892.51	142168.14	6.9061,15.2341,8.552,3.2276,0.0776,0.4671,1.0963,0.0445,0.0936
bottle_schange_thr_epoch	Round_3_Replicate_14	-891807.18	1783632.36	2438776.54	152110.37	10.2163,2.9777,11.7701,3.7599,0.2456,1.3713,0.3963,0.428,0.1887
bottle_schange_thr_epoch	Round_3_Replicate_15	-1756927.83	3513873.66	13221414.03	96833.28	29.3959,29.1915,3.2391,3.3011,0.229,0.851,3.8465,0.0425,0.6288
bottle_schange_thr_epoch	Round_3_Replicate_16	-817810.81	1635639.62	3713982.83	211209.07	9.5432,7.7162,11.671,2.3025,0.101,0.6423,0.2878,0.1436,0.0769
bottle_schange_thr_epoch	Round_3_Replicate_17	-1134694.8	2269407.6	5771951.59	248202.65	25.6428,3.9262,3.0578,13.1281,0.1445,0.1044,1.1343,0.0815,0.3552
bottle_schange_thr_epoch	Round_3_Replicate_18	-5603571.66	11207161.32	812867206.17	204088.63	28.0679,15.6437,7.6763,1.2011,0.0549,0.1208,4.5347,0.2941,0.8515
bottle_schange_thr_epoch	Round_3_Replicate_19	-695369.32	1390756.64	2370957.26	187373.53	25.8823,5.173,11.962,0.7697,0.103,0.5977,0.8568,0.1853,0.142
bottle_schange_thr_epoch	Round_3_Replicate_20	-1100843.12	2201704.24	5087488.36	210343.44	8.3033,2.9325,28.0679,1.0044,0.2411,1.2143,0.5354,0.0774,0.7081
bottle_schange_thr_epoch	Round_3_Replicate_21	-845605.71	1691229.42	2668560.3	196504.23	19.53,5.8796,28.0679,11.2111,0.1324,0.4537,0.5716,0.2657,0.4181
bottle_schange_thr_epoch	Round_3_Replicate_22	-900670.53	1801359.06	2683485.98	147838.43	11.7247,3.1341,6.1273,4.5507,0.3353,1.2959,0.8992,0.0739,0.266
bottle_schange_thr_epoch	Round_3_Replicate_23	-988420.06	1976858.12	2624559.67	143796.47	14.0001,4.5478,27.1539,6.2219,0.0863,1.3814,0.8667,0.2253,0.1523
bottle_schange_thr_epoch	Round_3_Replicate_24	-1027665.87	2055349.74	5102943.99	147538.19	23.6797,5.0816,19.0299,0.7808,0.0416,1.3304,1.4408,0.414,0.0776
bottle_schange_thr_epoch	Round_3_Replicate_25	-1200605.65	2401229.3	5785051.07	92777.27	28.0679,4.3718,4.1454,11.0671,0.184,0.3737,2.2729,0.1566,0.1245
bottle_schange_thr_epoch	Round_3_Replicate_26	-1171375.72	2342769.44	6794312.89	142668.55	28.0679,4.9843,10.5471,1.611,0.3765,0.7819,0.5966,0.06,0.1015
bottle_schange_thr_epoch	Round_3_Replicate_27	-1061139.97	2122297.94	4577279.72	117501.89	4.3474,5.569,8.0999,1.2483,0.2514,0.3947,1.6487,0.1085,0.0819
bottle_schange_thr_epoch	Round_3_Replicate_28	-1366210.66	2732439.32	9050499.45	135959.25	6.9227,3.7309,3.3935,1.1165,0.0509,0.3311,2.4952,0.066,0.0867
bottle_schange_thr_epoch	Round_3_Replicate_29	-743021.71	1486061.42	2199420.68	153639.38	17.5654,28.0679,3.5013,1.9374,0.1334,0.2587,1.2434,0.0468,0.1403
bottle_schange_thr_epoch	Round_3_Replicate_30	-1249812.79	2499643.58	8275666.69	108819.6	4.9245,28.0679,3.2754,2.1188,0.3727,0.1433,2.7561,0.1692,0.1716
bottle_schange_thr_epoch	Round_3_Replicate_31	-1303596.24	2607210.48	6035254.76	91532.67	28.1759,27.8713,13.8242,11.8694,0.3242,1.1232,2.3943,0.0973,0.6867
bottle_schange_thr_epoch	Round_3_Replicate_32	-894358.39	1788734.78	2867783.6	126780.13	28.0679,11.8794,12.1001,2.5926,0.132,0.6576,0.7334,0.6382,0.1035
bottle_schange_thr_epoch	Round_3_Replicate_33	-973313.1	1946644.2	3278401.29	122565.82	14.6962,12.9636,8.7883,1.6448,0.2301,0.873,1.1874,0.0521,0.15
bottle_schange_thr_epoch	Round_3_Replicate_34	-1929338.02	3858694.04	20014895.09	139808.01	29.3959,2.965,29.1915,0.8784,0.5534,0.2534,1.5308,0.0416,0.6565
bottle_schange_thr_epoch	Round_3_Replicate_35	-2127806.7	4255631.4	24481347.77	197774.59	25.3182,9.3556,14.8245,0.851,0.1055,0.1881,2.0442,0.4785,0.4382
bottle_schange_thr_epoch	Round_3_Replicate_36	-873197.98	1746413.96	3545354.35	162551.81	16.2005,21.6116,3.7095,10.1297,0.1721,0.1579,1.4517,0.1793,0.2634
bottle_schange_thr_epoch	Round_3_Replicate_37	-1351303.14	2702624.28	6541843.05	283508.86	28.0679,8.4587,18.8852,4.6833,0.0725,0.204,0.6079,0.3584,0.4616
bottle_schange_thr_epoch	Round_3_Replicate_38	-1608727.79	3217473.58	16721064.36	89015.6	18.8767,14.651,15.8779,6.2283,0.4326,0.5158,1.2143,0.0928,0.1054
bottle_schange_thr_epoch	Round_3_Replicate_39	-3354549.81	6709117.62	96203370.52	236694.13	9.9873,4.038,6.3362,0.7979,0.0768,0.1529,2.4243,0.4836,0.4838
bottle_schange_thr_epoch	Round_3_Replicate_40	-456647.51	913313.02	1212783.68	248755.5	4.4786,24.4488,10.1418,7.0239,0.122,0.1026,0.4318,0.1463,0.1546
bottle_schange_thr_epoch	Round_3_Replicate_41	-1321891.56	2643801.12	5718038.24	79806.26	29.4304,29.2257,26.4192,11.7356,0.0738,0.324,3.0962,0.1322,0.1834
bottle_schange_thr_epoch	Round_3_Replicate_42	-838543.29	1677104.58	3657374.22	160471.83	15.0688,21.2964,8.3592,3.643,0.1781,0.1683,1.0764,0.5296,0.2397
bottle_schange_thr_epoch	Round_3_Replicate_43	-993121.35	1986260.7	3817663.1	165039.28	7.5611,11.5267,12.2117,10.7341,0.2493,0.5917,0.9741,0.1032,0.5787
bottle_schange_thr_epoch	Round_3_Replicate_44	-813635.79	1627289.58	3119256.09	171447.02	13.5774,12.0439,8.1772,1.587,0.2808,0.5747,0.5371,0.5374,0.2682
bottle_schange_thr_epoch	Round_3_Replicate_45	-576103.75	1152225.5	1800379.6	196951.93	12.2129,8.8744,17.3361,3.6702,0.083,0.0959,0.8155,0.1609,0.1214
bottle_schange_thr_epoch	Round_3_Replicate_46	-569572.01	1139162.02	1331345.54	225288.54	5.0686,12.7078,26.5458,5.3301,0.1195,0.3241,0.3342,0.2008,0.2104
bottle_schange_thr_epoch	Round_3_Replicate_47	-1062501.02	2125020.04	3621227.31	108989.22	19.764,14.6479,9.1228,8.0094,0.1277,0.4277,1.7844,0.1659,0.1845
bottle_schange_thr_epoch	Round_3_Replicate_48	-1510324.29	3020666.58	9057861.21	158651.23	23.4115,7.671,10.8025,5.7623,0.1297,0.4922,1.8066,0.253,0.5619
bottle_schange_thr_epoch	Round_3_Replicate_49	-559331.46	1118680.92	1446350.41	206946.37	28.1759,5.6131,26.8965,7.4027,0.0586,0.1056,0.5864,0.0957,0.0824
bottle_schange_thr_epoch	Round_3_Replicate_50	-1652327.95	3304673.9	6783072.05	69158.36	18.5016,25.1029,6.1029,8.4785,0.0495,0.9907,2.8468,0.3767,0.0863
bottle_schange_thr_epoch	Round_4_Replicate_1	-475018.21	950054.42	1361803.1	238382.27	4.9404,18.4055,9.6304,9.7881,0.0995,0.0583,0.5907,0.1142,0.1152
bottle_schange_thr_epoch	Round_4_Replicate_2	-476578.61	953175.22	1292479.67	242393.69	5.0751,23.8118,8.0887,4.5266,0.1948,0.155,0.4214,0.1138,0.2071
bottle_schange_thr_epoch	Round_4_Replicate_3	-439459.83	878937.66	1077920.97	253221.07	3.921,16.5518,12.5653,11.3344,0.1843,0.1374,0.306,0.1116,0.2024
bottle_schange_thr_epoch	Round_4_Replicate_4	-542019.96	1084057.92	1613512.98	216154.4	5.9923,18.8125,4.7974,5.6231,0.1277,0.0858,0.7414,0.1049,0.1303
bottle_schange_thr_epoch	Round_4_Replicate_5	-521738.6	1043495.2	1496699.28	226779.32	5.6105,21.2913,8.4361,4.8415,0.1079,0.1044,0.6437,0.1229,0.1422
bottle_schange_thr_epoch	Round_4_Replicate_6	-400123.49	800264.98	1019542.24	280097.87	2.8513,20.3265,5.4332,3.797,0.111,0.0792,0.3654,0.1068,0.1107
bottle_schange_thr_epoch	Round_4_Replicate_7	-416114.24	832246.48	1052289.92	271328.25	2.0365,20.8816,6.7071,4.5918,0.1862,0.0761,0.2804,0.1306,0.1243
bottle_schange_thr_epoch	Round_4_Replicate_8	-467445.53	934909.06	1286983.89	246521.61	6.0647,12.7157,9.6118,12.4182,0.2191,0.1274,0.3022,0.183,0.2451
bottle_schange_thr_epoch	Round_4_Replicate_9	-383865.65	767749.3	975475.85	279965.75	5.7519,16.8,7.4047,4.6928,0.1317,0.0925,0.2459,0.177,0.1439
bottle_schange_thr_epoch	Round_4_Replicate_10	-595160.23	1190338.46	1889509.87	213035.22	2.9658,21.2114,14.4605,6.1516,0.1411,0.0963,0.7795,0.0662,0.1517
bottle_schange_thr_epoch	Round_4_Replicate_11	-441509.75	883037.5	1078067.12	272416.54	2.7438,19.6702,16.1217,12.7402,0.1276,0.1294,0.3312,0.0844,0.1913
bottle_schange_thr_epoch	Round_4_Replicate_12	-529935.07	1059888.14	1434541.83	227086.97	2.308,23.3321,11.7848,6.7563,0.2099,0.1686,0.3594,0.2043,0.2091
bottle_schange_thr_epoch	Round_4_Replicate_13	-286167.74	572353.48	673030.34	349583.92	4.0614,11.3836,5.6395,3.8488,0.085,0.0586,0.1761,0.0881,0.1019
bottle_schange_thr_epoch	Round_4_Replicate_14	-419496.6	839011.2	1092430.68	272498.47	2.5545,23.0543,16.5317,10.5324,0.141,0.109,0.245,0.1777,0.1943
bottle_schange_thr_epoch	Round_4_Replicate_15	-548068.27	1096154.54	1569337.53	209224.11	5.0029,24.4516,14.1962,7.017,0.2153,0.1555,0.5588,0.125,0.2248
bottle_schange_thr_epoch	Round_4_Replicate_16	-463626.0	927270.0	1251382.23	246476.23	4.5382,22.8415,13.8309,6.0802,0.1903,0.1473,0.3182,0.166,0.225
bottle_schange_thr_epoch	Round_4_Replicate_17	-530416.21	1060850.42	1566313.03	220020.29	4.2207,24.2268,12.1918,3.6592,0.1643,0.1151,0.6484,0.0717,0.1641
bottle_schange_thr_epoch	Round_4_Replicate_18	-333575.08	667168.16	783530.01	311549.18	1.9312,19.6325,17.8235,3.3042,0.0838,0.0856,0.17,0.1524,0.1118
bottle_schange_thr_epoch	Round_4_Replicate_19	-344683.99	689385.98	832385.73	293408.38	3.7021,17.1203,8.2781,8.2623,0.1085,0.0538,0.2422,0.1316,0.1029
bottle_schange_thr_epoch	Round_4_Replicate_20	-451635.1	903288.2	1159067.45	242368.16	4.6915,23.1457,16.1107,5.7425,0.1329,0.1238,0.3405,0.1914,0.1626
bottle_schange_thr_epoch	Round_4_Replicate_21	-506554.81	1013127.62	1404310.04	222065.03	6.5389,23.4072,19.876,3.8355,0.1235,0.1466,0.5547,0.1348,0.1724
bottle_schange_thr_epoch	Round_4_Replicate_22	-623393.78	1246805.56	2116174.04	203598.82	3.6743,21.2952,13.0198,4.4487,0.1354,0.095,0.8338,0.13,0.152
bottle_schange_thr_epoch	Round_4_Replicate_23	-385977.67	771973.34	901125.1	278395.93	3.6044,19.3304,5.6865,8.2048,0.2093,0.1082,0.2525,0.0715,0.1639
bottle_schange_thr_epoch	Round_4_Replicate_24	-429765.0	859548.0	1185098.79	273068.14	3.2153,18.3169,10.3406,5.9856,0.0943,0.0665,0.4834,0.0663,0.1209
bottle_schange_thr_epoch	Round_4_Replicate_25	-373022.51	746063.02	967525.43	296625.57	4.4308,14.1412,7.8127,2.9531,0.0741,0.0689,0.3505,0.1131,0.1018
bottle_schange_thr_epoch	Round_4_Replicate_26	-497552.1	995122.2	1389215.24	235213.18	2.8501,22.5005,10.8257,5.7942,0.1802,0.1033,0.4883,0.1081,0.1603
bottle_schange_thr_epoch	Round_4_Replicate_27	-481172.7	962363.4	1181153.51	280477.01	7.1991,18.101,14.6702,13.5175,0.0749,0.1164,0.2298,0.2644,0.1741
bottle_schange_thr_epoch	Round_4_Replicate_28	-395720.24	791458.48	946672.76	287755.31	2.601,20.2692,16.7413,4.5886,0.0948,0.1248,0.2233,0.171,0.149
bottle_schange_thr_epoch	Round_4_Replicate_29	-379253.49	758524.98	925879.67	274953.54	7.6786,17.9069,19.7486,7.8349,0.1063,0.0969,0.3461,0.071,0.1548
bottle_schange_thr_epoch	Round_4_Replicate_30	-546146.95	1092311.9	1709263.47	215926.87	7.6238,15.6088,8.7488,9.4982,0.1715,0.0918,0.5545,0.2402,0.1877
bottle_schange_thr_epoch	Round_4_Replicate_31	-376716.62	753451.24	904973.51	285559.99	4.1306,24.7556,5.1623,10.2598,0.1973,0.1006,0.2594,0.0736,0.1767
bottle_schange_thr_epoch	Round_4_Replicate_32	-364865.01	729748.02	868647.2	296762.62	2.3217,20.8058,6.4603,8.3661,0.1282,0.0751,0.2909,0.0718,0.1241
bottle_schange_thr_epoch	Round_4_Replicate_33	-413765.69	827549.38	1004868.15	276666.34	5.4463,14.7885,11.0324,4.0318,0.1014,0.1372,0.3192,0.1254,0.1547
bottle_schange_thr_epoch	Round_4_Replicate_34	-501725.05	1003468.1	1393813.33	228368.49	5.5947,27.6627,5.7494,6.9482,0.1931,0.1222,0.4859,0.1602,0.1833
bottle_schange_thr_epoch	Round_4_Replicate_35	-694520.39	1389058.78	1799033.38	205611.0	5.8631,18.5287,8.1811,11.8447,0.0675,0.1253,0.8105,0.0737,0.1248
bottle_schange_thr_epoch	Round_4_Replicate_36	-595666.94	1191351.88	1780931.48	214731.97	2.6738,15.8277,10.6184,6.638,0.2187,0.1655,0.6235,0.0813,0.2138
bottle_schange_thr_epoch	Round_4_Replicate_37	-438234.47	876486.94	1215930.27	265960.02	6.9166,23.042,12.6809,6.9142,0.1187,0.0999,0.4334,0.1,0.183
bottle_schange_thr_epoch	Round_4_Replicate_38	-390678.11	781374.22	1001491.91	298359.0	2.4339,14.8348,8.9594,3.9265,0.1198,0.1011,0.3106,0.078,0.1478
bottle_schange_thr_epoch	Round_4_Replicate_39	-591371.41	1182760.82	1487444.27	249079.59	5.8633,22.845,17.4609,5.8908,0.0603,0.1589,0.479,0.1758,0.1548
bottle_schange_thr_epoch	Round_4_Replicate_40	-503273.98	1006565.96	1404817.68	227740.78	5.5579,20.6936,12.5681,4.6435,0.1802,0.1524,0.548,0.0682,0.2064
bottle_schange_thr_epoch	Round_4_Replicate_41	-400401.1	800820.2	988621.67	268239.97	5.2758,20.0497,8.5569,3.6943,0.1619,0.1165,0.2354,0.1652,0.153
bottle_schange_thr_epoch	Round_4_Replicate_42	-387640.06	775298.12	1016785.58	283874.37	6.5525,18.716,8.1577,2.6487,0.1206,0.0983,0.3642,0.0735,0.1439
bottle_schange_thr_epoch	Round_4_Replicate_43	-468421.16	936860.32	1316906.89	252637.73	3.5968,12.3686,9.5474,4.0469,0.132,0.1083,0.4287,0.1496,0.1537
bottle_schange_thr_epoch	Round_4_Replicate_44	-508306.68	1016631.36	1455599.47	235383.14	3.0456,21.1592,21.033,6.0831,0.2215,0.1546,0.2446,0.2565,0.2586
bottle_schange_thr_epoch	Round_4_Replicate_45	-553734.39	1107486.78	1495938.68	211839.71	3.4674,17.7758,16.6459,10.9085,0.1537,0.1451,0.4482,0.2375,0.1861
bottle_schange_thr_epoch	Round_4_Replicate_46	-484120.32	968258.64	1311303.28	239384.21	7.7653,19.0012,20.5856,9.3723,0.0828,0.0958,0.5765,0.1055,0.1512
bottle_schange_thr_epoch	Round_4_Replicate_47	-448172.65	896363.3	1155115.14	249100.78	3.9781,18.6465,7.1549,5.1267,0.1677,0.1175,0.3773,0.1344,0.1571
bottle_schange_thr_epoch	Round_4_Replicate_48	-541221.62	1082461.24	1667233.17	237057.87	2.4199,23.8427,8.1285,3.371,0.0846,0.0688,0.5591,0.2163,0.0953
bottle_schange_thr_epoch	Round_4_Replicate_49	-476670.43	953358.86	1291047.57	248471.28	4.3914,21.0527,5.8348,11.1732,0.2359,0.1391,0.3147,0.1712,0.239
bottle_schange_thr_epoch	Round_4_Replicate_50	-559074.54	1118167.08	1734484.06	206603.18	5.0853,22.1239,7.7081,12.9413,0.13,0.0608,0.7062,0.1913,0.1275
bottle_schange_thr_epoch	Round_4_Replicate_51	-580456.68	1160931.36	1890061.2	316165.96	2.9513,23.3737,5.8466,11.3496,0.1334,0.0879,0.2901,0.1826,0.255
bottle_schange_thr_epoch	Round_4_Replicate_52	-490240.48	980498.96	1394684.53	231329.91	5.3643,13.1874,7.1612,6.8016,0.1186,0.0772,0.4986,0.2114,0.1255
bottle_schange_thr_epoch	Round_4_Replicate_53	-425628.39	851274.78	1137530.65	264760.38	3.8942,12.1372,5.4849,8.0363,0.1176,0.0676,0.3919,0.153,0.1204
bottle_schange_thr_epoch	Round_4_Replicate_54	-612090.38	1224198.76	2011820.97	204046.76	9.3191,22.0625,11.4151,4.9259,0.112,0.1231,0.8584,0.1518,0.1846
bottle_schange_thr_epoch	Round_4_Replicate_55	-489979.11	979976.22	1405619.63	243046.13	7.0253,18.6844,9.6883,5.24,0.1756,0.1466,0.4221,0.155,0.2252
bottle_schange_thr_epoch	Round_4_Replicate_56	-425013.61	850045.22	1073535.93	258628.24	2.7358,22.3979,6.6972,9.7252,0.1986,0.0872,0.2207,0.2166,0.1547
bottle_schange_thr_epoch	Round_4_Replicate_57	-563921.73	1127861.46	1679169.58	202542.43	9.5157,21.2948,9.8025,5.8212,0.1077,0.1065,0.7448,0.1786,0.1467
bottle_schange_thr_epoch	Round_4_Replicate_58	-551068.0	1102154.0	1680764.36	207427.72	9.1236,23.0798,4.6754,6.6375,0.1395,0.0851,0.8424,0.0633,0.1453
bottle_schange_thr_epoch	Round_4_Replicate_59	-376495.4	753008.8	902983.31	316834.42	5.7879,18.4788,17.7285,11.5601,0.116,0.1304,0.1827,0.0837,0.2278
bottle_schange_thr_epoch	Round_4_Replicate_60	-732506.67	1465031.34	2709280.06	194591.12	3.6527,17.0835,11.3317,4.423,0.1586,0.1777,0.8427,0.2377,0.2281
bottle_schange_thr_epoch	Round_4_Replicate_61	-465963.88	931945.76	1286375.82	242190.25	4.9518,23.458,15.1883,5.5222,0.1534,0.1167,0.427,0.1353,0.1852
bottle_schange_thr_epoch	Round_4_Replicate_62	-523961.3	1047940.6	1608285.09	236177.68	5.0618,26.089,16.2277,10.0269,0.1893,0.1273,0.4394,0.171,0.2651
bottle_schange_thr_epoch	Round_4_Replicate_63	-508271.96	1016561.92	1334048.23	227251.41	3.8065,12.3416,5.9394,7.3474,0.2322,0.1477,0.3145,0.2493,0.1864
bottle_schange_thr_epoch	Round_4_Replicate_64	-384336.94	768691.88	993451.7	271913.61	5.6936,26.7186,15.6979,9.1878,0.0979,0.0632,0.3493,0.1297,0.1269
bottle_schange_thr_epoch	Round_4_Replicate_65	-511586.06	1023190.12	1437131.57	222386.15	5.6138,22.9178,12.4521,4.6978,0.168,0.1458,0.5006,0.1571,0.1917
bottle_schange_thr_epoch	Round_4_Replicate_66	-376511.23	753040.46	904927.71	286186.59	3.3163,22.7658,12.5131,5.0656,0.1829,0.1029,0.2,0.0986,0.1693
bottle_schange_thr_epoch	Round_4_Replicate_67	-389832.12	779682.24	969941.76	283207.42	6.2804,26.5378,16.3143,3.5071,0.1428,0.1542,0.2544,0.0958,0.2017
bottle_schange_thr_epoch	Round_4_Replicate_68	-537437.73	1074893.46	1545601.23	228837.62	8.3696,14.2367,11.9281,5.6194,0.0877,0.1129,0.7118,0.0795,0.1543
bottle_schange_thr_epoch	Round_4_Replicate_69	-569497.69	1139013.38	1728862.83	202697.57	9.0216,23.4072,9.6913,3.7659,0.1367,0.1415,0.7684,0.1258,0.1749
bottle_schange_thr_epoch	Round_4_Replicate_70	-507544.71	1015107.42	1544203.18	234631.48	4.8311,16.7016,10.6595,3.6389,0.1108,0.0832,0.5491,0.1842,0.1332
bottle_schange_thr_epoch	Round_4_Replicate_71	-514670.13	1029358.26	1252007.18	242569.59	6.306,18.8711,13.2144,9.446,0.0809,0.1289,0.4116,0.2034,0.1475
bottle_schange_thr_epoch	Round_4_Replicate_72	-359677.88	719373.76	889221.45	301940.12	2.4427,13.9588,5.7265,4.419,0.1609,0.0736,0.2517,0.0794,0.1281
bottle_schange_thr_epoch	Round_4_Replicate_73	-451619.82	903257.64	1151911.66	253658.54	5.7411,21.6303,15.7596,9.7693,0.2117,0.0716,0.3245,0.0801,0.1668
bottle_schange_thr_epoch	Round_4_Replicate_74	-566624.69	1133267.38	1846779.98	225638.83	2.9222,18.3267,17.443,11.4598,0.1275,0.0588,0.7346,0.0729,0.1339
bottle_schange_thr_epoch	Round_4_Replicate_75	-378619.75	757257.5	952029.03	291484.59	3.247,22.2009,12.4135,4.5049,0.0813,0.0843,0.2345,0.2033,0.1223
bottle_schange_thr_epoch	Round_4_Replicate_76	-565428.09	1130874.18	1623362.79	202338.22	7.0554,16.9813,6.6399,10.3982,0.2365,0.1451,0.4741,0.2799,0.2141
bottle_schange_thr_epoch	Round_4_Replicate_77	-521945.71	1043909.42	1571570.49	239142.67	2.5833,26.0633,7.0254,3.6236,0.1596,0.1006,0.4811,0.1852,0.1459
bottle_schange_thr_epoch	Round_4_Replicate_78	-461764.62	923547.24	1252114.95	241164.7	9.4083,18.2697,7.2723,6.6637,0.1056,0.0876,0.4364,0.2239,0.1337
bottle_schange_thr_epoch	Round_4_Replicate_79	-603780.87	1207579.74	1959978.78	202784.59	4.5679,17.1066,7.634,4.6812,0.2052,0.1265,0.6549,0.2131,0.1879
bottle_schange_thr_epoch	Round_4_Replicate_80	-374444.4	748906.8	900625.57	284648.87	3.8933,23.8945,8.8397,4.1183,0.1461,0.1147,0.2381,0.1178,0.154
bottle_schange_thr_epoch	Round_4_Replicate_81	-622211.86	1244441.72	1757101.38	222698.67	3.6533,19.0705,12.4998,5.9719,0.0679,0.1218,0.5877,0.25,0.1294
bottle_schange_thr_epoch	Round_4_Replicate_82	-470821.27	941660.54	1212207.53	236340.61	5.086,16.4012,10.4135,8.4561,0.1844,0.1398,0.3033,0.2166,0.1952
bottle_schange_thr_epoch	Round_4_Replicate_83	-488098.72	976215.44	1254495.84	227066.01	5.4086,19.6656,17.1802,13.5485,0.1476,0.118,0.4863,0.0998,0.1739
bottle_schange_thr_epoch	Round_4_Replicate_84	-404172.27	808362.54	996167.86	281420.16	2.6504,18.4106,5.7662,7.2224,0.1929,0.1213,0.2442,0.114,0.1843
bottle_schange_thr_epoch	Round_4_Replicate_85	-313565.47	627148.94	733271.27	325702.63	7.5139,17.9433,7.6961,10.9961,0.0891,0.0644,0.2052,0.107,0.126
bottle_schange_thr_epoch	Round_4_Replicate_86	-407585.12	815188.24	1084263.61	293511.81	6.5459,21.684,11.307,11.8721,0.0987,0.0848,0.2197,0.2319,0.1746
bottle_schange_thr_epoch	Round_4_Replicate_87	-423498.64	847015.28	1071643.41	264378.24	2.5537,21.9248,17.2791,6.3187,0.132,0.1081,0.3242,0.1248,0.1574
bottle_schange_thr_epoch	Round_4_Replicate_88	-369482.16	738982.32	904491.25	309765.74	5.6338,12.0004,5.0803,6.1742,0.1184,0.0986,0.284,0.07,0.1566
bottle_schange_thr_epoch	Round_4_Replicate_89	-602069.04	1204156.08	1925055.02	193002.95	6.3053,24.1834,16.8403,7.3876,0.1469,0.1145,0.7891,0.1673,0.1877
bottle_schange_thr_epoch	Round_4_Replicate_90	-595819.31	1191656.62	1473627.18	223257.94	3.1844,20.7382,7.9218,12.2788,0.1048,0.1381,0.4525,0.2237,0.1442
bottle_schange_thr_epoch	Round_4_Replicate_91	-358201.25	716420.5	880750.3	303469.73	4.6051,20.8817,12.0411,4.6438,0.102,0.0984,0.2688,0.0926,0.1505
bottle_schange_thr_epoch	Round_4_Replicate_92	-481970.76	963959.52	1285243.5	238298.98	3.043,15.9973,13.048,7.6247,0.1433,0.1155,0.3694,0.2062,0.1639
bottle_schange_thr_epoch	Round_4_Replicate_93	-485013.7	970045.4	1224850.44	244006.52	8.8182,21.7451,17.9269,5.4041,0.082,0.1344,0.5318,0.0893,0.155
bottle_schange_thr_epoch	Round_4_Replicate_94	-492596.39	985210.78	1388214.53	234341.95	5.784,13.1646,11.8454,4.8748,0.1706,0.1393,0.4889,0.1113,0.1992
bottle_schange_thr_epoch	Round_4_Replicate_95	-324914.36	649846.72	786037.76	323620.89	2.3193,19.4518,11.3585,5.4935,0.1055,0.0718,0.2181,0.0789,0.1287
bottle_schange_thr_epoch	Round_4_Replicate_96	-423886.18	847790.36	1138747.6	264395.74	7.6599,19.0366,9.1606,6.7164,0.1627,0.1087,0.3673,0.0997,0.1946
bottle_schange_thr_epoch	Round_4_Replicate_97	-373610.04	747238.08	833715.77	287621.51	3.4571,18.2884,15.6704,7.8788,0.1148,0.1187,0.1904,0.1248,0.1461
bottle_schange_thr_epoch	Round_4_Replicate_98	-637507.97	1275033.94	2065621.38	207039.88	2.5261,14.3916,10.8344,5.4513,0.1344,0.1075,0.7211,0.1739,0.1404
bottle_schange_thr_epoch	Round_4_Replicate_99	-297400.42	594818.84	654372.3	330390.63	6.5716,17.8658,10.5832,4.7934,0.0922,0.0877,0.1822,0.0659,0.1244
bottle_schange_thr_epoch	Round_4_Replicate_100	-506617.43	1013252.86	1379294.05	222862.79	8.2293,20.1771,6.878,5.9251,0.1785,0.1451,0.4732,0.1839,0.1866
