Model	Replicate	log-likelihood	AIC	chi-squared	theta	optimized_params(nu1i, nu2i, nu1m, nu2m, nu1f, nu2f, T1, T2, T3)
bottle_schange_thr_epoch	Round_1_Replicate_1	-4366772.7	8733563.4	8.413203531187413e+21	76586.01	1.0548,0.3607,0.1704,0.361,0.2436,0.2683,0.2,7.3887,0.9828
bottle_schange_thr_epoch	Round_1_Replicate_2	-7232262.5	14464543.0	33922999882.65	95178.33	0.2843,0.4711,2.0118,3.2963,0.1982,4.5978,0.5341,5.164,1.2074
bottle_schange_thr_epoch	Round_1_Replicate_3	-4187904.2	8375826.4	2.93460031411904e+19	79970.77	0.6829,0.1925,0.4091,0.3023,0.2581,2.1013,5.2226,0.1926,4.3911
bottle_schange_thr_epoch	Round_1_Replicate_4	-11111721.75	22223461.5	192909790045693.53	183849.48	1.8991,5.9841,0.5267,0.4405,1.2211,0.17,0.4539,4.3649,0.1938
bottle_schange_thr_epoch	Round_1_Replicate_5	-7346033.75	14692085.5	164008690143.05	164105.16	0.1813,3.369,0.2626,1.3121,2.487,1.0658,1.1599,0.7351,0.7881
bottle_schange_thr_epoch	Round_1_Replicate_6	-4142037.85	8284093.7	497023636.71	137746.43	1.943,4.4729,3.2044,0.6137,0.4327,5.6474,0.6777,2.4779,0.2846
bottle_schange_thr_epoch	Round_1_Replicate_7	-5784453.19	11568924.38	3640309551.74	128842.07	2.3525,0.3302,8.0747,8.2494,0.3986,1.0464,0.3714,0.8417,5.3328
bottle_schange_thr_epoch	Round_1_Replicate_8	-8976215.79	17952449.58	3694833037338.98	83247.76	0.4843,0.7934,0.4545,0.5625,6.7668,0.9534,0.1945,1.0606,4.5497
bottle_schange_thr_epoch	Round_1_Replicate_9	-3049415.5	6098849.0	1283229975457254.5	39192.21	0.9203,0.4717,0.1461,3.6515,0.6063,5.3707,1.1499,0.2526,6.7232
bottle_schange_thr_epoch	Round_1_Replicate_10	-3582074.65	7164167.3	1674410084356777.5	134129.89	2.1351,0.5998,0.1505,1.2645,5.7203,0.8758,0.1382,3.0417,0.1558
bottle_schange_thr_epoch	Round_1_Replicate_11	-6608292.15	13216602.3	15444136008.18	168290.62	1.7849,1.9097,3.085,1.6933,0.3978,0.6271,1.2978,0.3541,3.7972
bottle_schange_thr_epoch	Round_1_Replicate_12	-1496792.47	2993602.94	11334827.8	170764.8	2.8212,5.7127,3.724,5.5014,0.7922,0.5684,0.4821,0.3498,1.2424
bottle_schange_thr_epoch	Round_1_Replicate_13	-2167424.76	4334867.52	20415601.03	144964.83	3.7238,0.291,4.0781,0.6848,5.4075,1.3582,0.4622,0.2989,0.1739
bottle_schange_thr_epoch	Round_1_Replicate_14	-4799452.92	9598923.84	6.8277557535927656e+16	106184.96	1.1588,0.598,0.3761,1.3617,0.387,0.3035,1.1492,4.1978,3.3426
bottle_schange_thr_epoch	Round_1_Replicate_15	-2589045.48	5178108.96	8108798277993327.0	85480.12	1.2148,5.0164,2.4615,0.1399,0.2159,0.221,0.3039,5.6622,0.5568
bottle_schange_thr_epoch	Round_2_Replicate_1	-2086432.72	4172883.44	14511571.0	132791.46	1.1814,19.735,2.0367,15.5584,0.4081,2.2212,0.1279,0.7662,1.0448
bottle_schange_thr_epoch	Round_2_Replicate_2	-2223280.95	4446579.9	32725430.34	117701.36	3.5607,6.6495,3.4588,12.3527,2.6305,0.449,0.2369,0.3085,2.5464
bottle_schange_thr_epoch	Round_2_Replicate_3	-3183762.93	6367543.86	129211633.11	132566.93	6.1288,1.7719,1.5329,2.0829,2.0553,0.3433,1.652,1.3666,0.7861
bottle_schange_thr_epoch	Round_2_Replicate_4	-1236840.39	2473698.78	4078186.2	169539.33	8.402,1.9075,3.7683,21.8408,0.4026,1.5847,0.1305,0.2079,0.8251
bottle_schange_thr_epoch	Round_2_Replicate_5	-6597216.56	13194451.12	11093457076.67	188897.25	1.2581,8.3353,1.9973,17.8829,0.4809,0.2017,0.3735,0.975,3.8707
bottle_schange_thr_epoch	Round_2_Replicate_6	-1894652.49	3789322.98	18900633.83	106318.23	0.7775,13.5768,7.4347,8.2106,1.4088,1.5113,0.9669,0.4083,1.0104
bottle_schange_thr_epoch	Round_2_Replicate_7	-1547354.74	3094727.48	10797936.56	104304.76	1.8666,16.0181,8.8026,1.7215,2.2229,1.4204,1.5935,0.0874,0.6248
bottle_schange_thr_epoch	Round_2_Replicate_8	-6538493.28	13077004.56	5973416771.42	258405.11	9.3134,2.9209,11.6036,21.9223,0.1998,0.1645,0.2173,0.0855,3.6632
bottle_schange_thr_epoch	Round_2_Replicate_9	-3059067.07	6118152.14	98111932.56	91736.15	3.3187,1.905,14.4949,14.0318,2.3278,0.2031,1.4173,1.0699,1.6723
bottle_schange_thr_epoch	Round_2_Replicate_10	-5880035.41	11760088.82	4017927100.23	202166.68	11.3811,9.9947,1.2019,5.6896,0.2947,0.4843,0.148,1.1521,2.7969
bottle_schange_thr_epoch	Round_2_Replicate_11	-2060898.65	4121815.3	27210700.46	98080.05	4.5859,11.4553,4.6693,4.0387,2.8625,0.9053,0.1603,1.1466,2.0958
bottle_schange_thr_epoch	Round_2_Replicate_12	-1430880.59	2861779.18	9635271.59	152223.51	1.402,7.1059,1.4646,15.4026,1.4107,0.3808,0.3883,0.8271,0.6265
bottle_schange_thr_epoch	Round_2_Replicate_13	-1351216.53	2702451.06	8648277.04	227004.22	9.3628,2.8206,2.9697,3.2088,0.3988,0.3185,0.5576,0.3514,0.7014
bottle_schange_thr_epoch	Round_2_Replicate_14	-2511834.79	5023687.58	51091750.68	131624.25	5.8771,2.3099,9.1107,1.6571,0.5365,1.1702,1.5669,0.8581,1.2864
bottle_schange_thr_epoch	Round_2_Replicate_15	-1803235.31	3606488.62	16561718.83	259624.58	1.9674,12.5608,5.6047,1.8736,0.4189,0.2086,0.4712,0.1789,0.8682
bottle_schange_thr_epoch	Round_2_Replicate_16	-1919520.34	3839058.68	12811174.96	107141.69	4.7837,6.3024,6.3554,21.1726,0.2502,1.6065,1.718,0.4349,0.6997
bottle_schange_thr_epoch	Round_2_Replicate_17	-1822525.13	3645068.26	17004047.09	146570.77	3.5918,21.9974,2.4146,1.8865,2.621,0.3461,0.2163,0.9242,0.7558
bottle_schange_thr_epoch	Round_2_Replicate_18	-2222846.93	4445711.86	25411365.74	135824.69	1.1237,6.8137,4.1747,11.595,0.3676,0.9,1.6685,0.1449,0.5891
bottle_schange_thr_epoch	Round_2_Replicate_19	-2639141.29	5278300.58	48862236.48	131390.74	3.3737,1.8936,3.1987,14.5953,0.5162,1.3294,1.738,0.0922,1.5146
bottle_schange_thr_epoch	Round_2_Replicate_20	-1252589.9	2505197.8	4180382.84	100646.82	5.0345,6.0404,10.0158,19.1701,3.0427,0.3028,0.5493,0.5218,0.3253
bottle_schange_thr_epoch	Round_2_Replicate_21	-1651503.28	3303024.56	12713510.29	180114.95	0.9989,12.6093,1.0461,6.3833,0.7923,0.4926,0.1627,0.9648,0.5337
bottle_schange_thr_epoch	Round_2_Replicate_22	-1321830.54	2643679.08	6444644.68	155324.02	4.1109,1.8193,6.8559,5.7535,2.3308,0.2586,0.1832,0.0925,0.8866
bottle_schange_thr_epoch	Round_2_Replicate_23	-8987068.46	17974154.92	827072777788.34	245743.05	3.3483,5.2488,2.5549,1.7197,0.3299,0.1408,0.3523,0.2046,3.492
bottle_schange_thr_epoch	Round_2_Replicate_24	-1989737.82	3979493.64	24540454.16	113027.7	9.1152,13.2206,2.6727,14.3181,1.9452,1.0456,0.1179,0.1543,2.9671
bottle_schange_thr_epoch	Round_2_Replicate_25	-1213616.13	2427250.26	6861700.38	186600.9	2.4388,19.6345,15.419,3.3542,0.4739,0.7273,0.2353,0.2895,1.1661
bottle_schange_thr_epoch	Round_2_Replicate_26	-2803153.67	5606325.34	51125106.01	207698.31	4.1037,6.4357,4.9762,19.0693,0.288,0.5729,0.2863,0.1061,2.2048
bottle_schange_thr_epoch	Round_2_Replicate_27	-1043662.3	2087342.6	4360139.59	188391.54	0.8538,4.3607,1.328,14.6559,1.4573,0.2778,0.367,0.3146,0.3619
bottle_schange_thr_epoch	Round_2_Replicate_28	-1259546.97	2519111.94	5769370.11	110269.34	4.5154,3.5712,10.395,12.5116,0.6939,1.6137,1.0578,0.3311,0.6679
bottle_schange_thr_epoch	Round_2_Replicate_29	-1854935.49	3709888.98	15834912.16	214741.68	0.8388,4.1683,1.3767,3.8985,0.2381,0.355,0.2622,1.1074,0.372
bottle_schange_thr_epoch	Round_2_Replicate_30	-2628207.44	5256432.88	58757622.68	148988.02	6.1401,20.3516,4.6402,6.2706,1.0981,0.6145,0.1227,0.0967,3.1228
bottle_schange_thr_epoch	Round_3_Replicate_1	-1250349.22	2500716.44	4513189.2	128283.55	1.1221,7.5923,3.7484,4.178,2.6586,0.7186,0.5941,0.4284,0.1798
bottle_schange_thr_epoch	Round_3_Replicate_2	-1088085.84	2176189.68	3391411.25	131332.07	3.1264,4.2948,2.1124,8.6393,3.8178,0.7924,0.1917,0.4995,0.4834
bottle_schange_thr_epoch	Round_3_Replicate_3	-767455.79	1534929.58	1533322.71	248517.35	2.2799,10.7124,0.7855,21.2173,0.4486,0.2645,0.0862,0.2118,0.106
bottle_schange_thr_epoch	Round_3_Replicate_4	-2969426.79	5938871.58	83780275.84	148749.24	0.6882,3.3081,1.346,24.5686,3.9919,0.161,1.1777,0.074,1.0585
bottle_schange_thr_epoch	Round_3_Replicate_5	-940664.87	1881347.74	2960368.7	144023.96	3.0195,2.8346,2.8501,15.2542,2.8654,0.1179,0.2332,0.7274,0.1674
bottle_schange_thr_epoch	Round_3_Replicate_6	-1108744.89	2217507.78	4903928.25	145375.26	0.7592,2.3806,3.4593,11.3768,2.258,0.2755,0.1957,0.6624,0.4767
bottle_schange_thr_epoch	Round_3_Replicate_7	-1709683.71	3419385.42	14518397.22	212434.92	1.3364,1.117,0.8217,4.0455,0.8733,0.5182,0.5301,0.2787,0.6195
bottle_schange_thr_epoch	Round_3_Replicate_8	-2591822.77	5183663.54	57375533.8	188277.79	0.3631,1.2345,0.9537,26.8264,1.6509,0.163,0.3568,0.8759,0.7679
bottle_schange_thr_epoch	Round_3_Replicate_9	-1569326.93	3138671.86	13723738.46	155756.41	0.6776,2.4888,2.6822,7.8026,0.9454,0.1107,0.4523,1.2382,0.2515
bottle_schange_thr_epoch	Round_3_Replicate_10	-2463802.95	4927623.9	43324728.91	224667.8	0.3424,5.3488,0.3844,4.1227,1.7076,0.3237,0.3033,0.088,0.9944
bottle_schange_thr_epoch	Round_3_Replicate_11	-1408076.34	2816170.68	9088228.93	220601.28	1.4727,2.4204,1.1251,17.8206,1.4451,0.1662,0.3399,0.0738,0.8131
bottle_schange_thr_epoch	Round_3_Replicate_12	-808631.16	1617280.32	2085223.25	190480.94	0.7352,3.1479,1.715,6.3608,2.2047,0.3089,0.0841,0.3724,0.2399
bottle_schange_thr_epoch	Round_3_Replicate_13	-1518059.23	3036136.46	9052977.27	199410.84	0.4196,1.0879,0.9841,4.0028,4.0827,0.2235,0.2132,0.2205,0.5094
bottle_schange_thr_epoch	Round_3_Replicate_14	-3014035.22	6028088.44	86782725.16	165841.54	0.9363,16.1903,0.8473,26.9012,2.8584,0.13,0.9572,0.2934,1.2291
bottle_schange_thr_epoch	Round_3_Replicate_15	-1434086.59	2868191.18	7259222.78	291118.75	0.2646,1.2906,0.8014,4.1941,0.4253,0.3835,0.3511,0.0775,0.1627
bottle_schange_thr_epoch	Round_3_Replicate_16	-1095364.68	2190747.36	3342077.86	121000.39	2.6431,8.7875,4.3427,10.5259,3.1811,0.8106,0.2576,0.3824,0.5732
bottle_schange_thr_epoch	Round_3_Replicate_17	-4008568.88	8017155.76	518400128.11	162105.9	0.3416,3.024,2.7607,22.9073,0.7772,0.1,1.3166,1.1923,0.4948
bottle_schange_thr_epoch	Round_3_Replicate_18	-1581716.15	3163450.3	12197675.77	134433.29	2.1853,1.3966,1.925,17.1018,3.4477,0.2009,0.1596,1.2509,0.6649
bottle_schange_thr_epoch	Round_3_Replicate_19	-1331197.67	2662413.34	7780673.14	138652.57	1.7214,13.1952,1.4138,27.2255,2.7714,0.429,0.6876,0.1185,0.9447
bottle_schange_thr_epoch	Round_3_Replicate_20	-2168536.08	4337090.16	28697780.33	157082.33	1.0031,5.8251,0.7845,4.0782,3.0753,0.3307,1.2986,0.2662,0.5318
bottle_schange_thr_epoch	Round_3_Replicate_21	-794977.74	1589973.48	2510623.61	269172.32	0.3717,2.1168,2.217,7.2322,0.5105,0.2893,0.2174,0.0808,0.2535
bottle_schange_thr_epoch	Round_3_Replicate_22	-1949291.54	3898601.08	13922447.67	216235.64	0.4376,1.3511,0.5994,28.0679,0.6194,0.5053,0.6409,0.1771,0.1091
bottle_schange_thr_epoch	Round_3_Replicate_23	-1990435.32	3980888.64	17968285.77	214481.51	0.4607,5.2562,0.5121,15.5976,2.6009,0.0983,0.8466,0.1562,0.1361
bottle_schange_thr_epoch	Round_3_Replicate_24	-3083150.85	6166319.7	93034585.82	219257.41	0.4216,1.7169,1.0417,9.5309,1.4095,0.1061,0.1807,0.7878,1.0388
bottle_schange_thr_epoch	Round_3_Replicate_25	-1782590.1	3565198.2	9355287.87	107798.53	0.3696,13.1246,2.1541,22.8438,2.3675,0.6308,0.2716,1.0244,0.173
bottle_schange_thr_epoch	Round_3_Replicate_26	-1317210.02	2634438.04	8215628.77	276959.56	0.2914,2.427,4.0277,4.2338,0.5063,0.2571,0.1756,0.086,0.718
bottle_schange_thr_epoch	Round_3_Replicate_27	-1297783.4	2595584.8	6587332.32	167971.07	0.2928,6.446,1.2558,24.1821,1.2253,0.501,0.0831,0.6046,0.5892
bottle_schange_thr_epoch	Round_3_Replicate_28	-2580090.83	5160199.66	49148494.95	170681.43	0.5559,16.6807,0.9981,7.6861,3.7896,0.1351,1.3834,0.1482,0.3268
bottle_schange_thr_epoch	Round_3_Replicate_29	-1146422.8	2292863.6	5935204.18	172524.81	0.5804,2.4679,4.1024,21.4059,1.5059,0.2742,0.0952,0.287,0.9939
bottle_schange_thr_epoch	Round_3_Replicate_30	-1535971.59	3071961.18	4379987.47	139145.72	0.2961,7.4746,3.7068,21.689,2.4008,0.8723,0.184,0.4126,0.0959
bottle_schange_thr_epoch	Round_3_Replicate_31	-3017664.69	6035347.38	60783619.99	170782.42	0.3134,5.3547,0.9004,9.7238,0.7596,0.766,0.9815,0.0812,0.1935
bottle_schange_thr_epoch	Round_3_Replicate_32	-3017118.6	6034255.2	97241090.13	163310.18	0.365,6.2158,2.4998,28.0679,0.4978,0.3968,0.6542,1.0385,1.1699
bottle_schange_thr_epoch	Round_3_Replicate_33	-2558301.09	5116620.18	23990755.45	175050.33	0.3563,8.2118,0.4115,11.6916,0.5267,0.5657,0.5062,0.4064,0.1026
bottle_schange_thr_epoch	Round_3_Replicate_34	-1186847.71	2373713.42	5966252.82	233308.15	1.3431,3.4615,0.6505,25.8823,1.5446,0.083,0.281,0.5211,0.2207
bottle_schange_thr_epoch	Round_3_Replicate_35	-3295578.04	6591174.08	139895054.8	173273.85	0.6362,9.834,0.6153,11.4006,2.4313,0.1144,1.1978,0.9097,0.3918
bottle_schange_thr_epoch	Round_3_Replicate_36	-898335.73	1796689.46	2434541.47	198974.55	0.2991,3.2225,2.4537,22.2433,2.7706,0.0755,0.1187,0.3748,0.1126
bottle_schange_thr_epoch	Round_3_Replicate_37	-3039111.41	6078240.82	98645043.88	219800.71	0.6199,7.4294,3.6649,5.1252,0.8028,0.1477,1.0923,0.0853,1.0052
bottle_schange_thr_epoch	Round_3_Replicate_38	-2740668.63	5481355.26	57832624.03	188334.56	0.5079,5.3346,0.3834,15.6921,2.9011,0.1828,1.2015,0.1217,0.3723
bottle_schange_thr_epoch	Round_3_Replicate_39	-1568865.39	3137748.78	12029333.16	160208.4	0.8626,3.7961,1.3469,13.3428,1.0225,0.1072,0.4961,1.1041,0.1645
bottle_schange_thr_epoch	Round_3_Replicate_40	-882108.14	1764234.28	2189979.0	229833.33	1.0861,7.132,0.3978,11.3044,5.1617,0.2358,0.2067,0.1324,0.1883
bottle_schange_thr_epoch	Round_3_Replicate_41	-1013293.48	2026604.96	4500326.47	192356.79	1.3045,1.7717,2.5278,28.0679,1.478,0.1284,0.1012,0.4991,0.536
bottle_schange_thr_epoch	Round_3_Replicate_42	-1188385.82	2376789.64	3496146.59	124310.61	0.7243,2.1043,4.3099,20.9985,1.591,0.2722,0.138,0.7887,0.1397
bottle_schange_thr_epoch	Round_3_Replicate_43	-1074570.64	2149159.28	2534959.04	169325.92	3.2317,9.438,1.026,17.9705,2.6023,0.4092,0.1477,0.4494,0.1282
bottle_schange_thr_epoch	Round_3_Replicate_44	-1769887.83	3539793.66	12165452.13	193092.58	0.3844,14.4214,0.4873,25.8823,1.2705,0.4391,0.2864,0.3139,0.4374
bottle_schange_thr_epoch	Round_3_Replicate_45	-1256677.19	2513372.38	7448081.23	222147.63	3.4575,1.1076,2.3837,28.0679,0.8645,0.1106,0.5058,0.1556,0.5408
bottle_schange_thr_epoch	Round_3_Replicate_46	-2014364.67	4028747.34	18654428.11	159264.99	0.3075,3.7618,1.9698,28.0679,4.5537,0.1632,0.275,0.1434,0.9228
bottle_schange_thr_epoch	Round_3_Replicate_47	-2229800.91	4459619.82	35098106.45	125364.21	0.6055,10.3776,3.3577,28.0679,2.4583,0.4519,0.8993,0.1232,1.4176
bottle_schange_thr_epoch	Round_3_Replicate_48	-857127.23	1714272.46	2051606.11	200571.67	1.5739,2.15,3.5306,22.4405,3.7369,0.1204,0.1746,0.0995,0.1681
bottle_schange_thr_epoch	Round_3_Replicate_49	-2923717.95	5847453.9	84229901.01	194650.54	0.8118,6.4567,0.5089,3.6201,1.5432,0.371,0.2987,0.9482,0.7429
bottle_schange_thr_epoch	Round_3_Replicate_50	-1515921.29	3031860.58	7425731.76	136618.22	0.5742,4.5988,2.0866,18.4866,0.8756,0.7074,0.4037,0.6593,0.2742
bottle_schange_thr_epoch	Round_4_Replicate_1	-789510.61	1579039.22	1648319.55	258972.52	1.5327,11.6236,0.5935,10.6001,0.5272,0.4461,0.0655,0.1846,0.1762
bottle_schange_thr_epoch	Round_4_Replicate_2	-644721.34	1289460.68	1545571.76	309225.5	4.1026,11.8013,0.5096,8.1093,0.3339,0.2061,0.1175,0.1441,0.1814
bottle_schange_thr_epoch	Round_4_Replicate_3	-465921.16	931860.32	1034751.01	272121.34	3.2302,6.763,1.096,18.8061,0.8145,0.1043,0.12,0.1392,0.1746
bottle_schange_thr_epoch	Round_4_Replicate_4	-485711.41	971440.82	931201.9	346968.77	4.3495,10.8487,0.5028,17.6673,0.2788,0.1417,0.0383,0.0949,0.133
bottle_schange_thr_epoch	Round_4_Replicate_5	-524582.03	1049182.06	1137511.44	297486.55	3.0323,13.3166,1.2861,20.9595,0.2891,0.1798,0.0366,0.134,0.1327
bottle_schange_thr_epoch	Round_4_Replicate_6	-416922.87	833863.74	897241.0	306248.74	1.9196,14.9472,1.05,14.8614,0.4066,0.1173,0.0725,0.1484,0.1655
bottle_schange_thr_epoch	Round_4_Replicate_7	-734594.82	1469207.64	1452425.58	287958.44	1.2366,21.1809,0.536,16.845,0.3733,0.3619,0.0479,0.1248,0.172
bottle_schange_thr_epoch	Round_4_Replicate_8	-627459.23	1254936.46	1358392.33	239109.59	2.5499,7.1064,1.1266,10.3655,0.6875,0.2011,0.0876,0.2787,0.1386
bottle_schange_thr_epoch	Round_4_Replicate_9	-576955.9	1153929.8	1111088.27	287044.55	1.3674,13.3556,1.3538,24.2618,0.2481,0.2368,0.0389,0.1679,0.1742
bottle_schange_thr_epoch	Round_4_Replicate_10	-547655.53	1095329.06	1111142.23	297615.27	3.0986,8.8466,0.5463,8.5397,0.834,0.154,0.0321,0.1777,0.1235
bottle_schange_thr_epoch	Round_4_Replicate_11	-537670.44	1075358.88	1254167.69	285040.38	1.4915,5.8949,0.7916,7.9817,0.516,0.1334,0.0909,0.2357,0.1365
bottle_schange_thr_epoch	Round_4_Replicate_12	-507210.97	1014439.94	1039369.6	303663.61	2.2017,8.2051,1.023,5.0903,0.3248,0.3065,0.0708,0.1063,0.2076
bottle_schange_thr_epoch	Round_4_Replicate_13	-607909.28	1215836.56	1183963.82	298281.71	3.0143,15.2965,0.7982,11.2783,0.2506,0.2314,0.033,0.1932,0.1384
bottle_schange_thr_epoch	Round_4_Replicate_14	-928095.88	1856209.76	2234917.12	247142.98	1.242,9.5097,0.5445,15.1375,0.5317,0.3057,0.0753,0.2877,0.1419
bottle_schange_thr_epoch	Round_4_Replicate_15	-776426.58	1552871.16	1558617.07	244083.14	2.3418,10.7722,0.7989,7.4438,0.3841,0.3634,0.0945,0.2648,0.1047
bottle_schange_thr_epoch	Round_4_Replicate_16	-402465.37	804948.74	871922.44	343175.44	2.4453,15.6947,0.5209,4.4798,0.3802,0.1059,0.1051,0.1039,0.1196
bottle_schange_thr_epoch	Round_4_Replicate_17	-733153.49	1466324.98	1464742.34	253727.39	2.9634,7.6331,0.7704,9.4476,0.4775,0.3999,0.0621,0.2188,0.1493
bottle_schange_thr_epoch	Round_4_Replicate_18	-470491.06	941000.12	971844.72	313821.57	1.2263,6.0144,1.4225,19.3338,0.2756,0.1994,0.0674,0.0851,0.2257
bottle_schange_thr_epoch	Round_4_Replicate_19	-764496.06	1529010.12	1520522.13	239072.43	3.4015,15.9888,0.9353,6.5196,0.2968,0.4281,0.1588,0.2131,0.1095
bottle_schange_thr_epoch	Round_4_Replicate_20	-606259.3	1212536.6	1328266.16	258068.11	1.7426,6.5482,0.9054,11.2212,0.6911,0.1972,0.0375,0.2758,0.1618
bottle_schange_thr_epoch	Round_4_Replicate_21	-511269.76	1022557.52	1139253.52	257277.94	4.0004,9.1007,1.5802,11.5451,0.8777,0.1744,0.0833,0.117,0.2221
bottle_schange_thr_epoch	Round_4_Replicate_22	-683307.4	1366632.8	1322556.57	318783.01	3.5804,7.267,0.4394,12.3361,0.3097,0.3535,0.0237,0.0884,0.166
bottle_schange_thr_epoch	Round_4_Replicate_23	-894159.85	1788337.7	1882590.95	254240.72	3.6008,11.934,0.6889,21.9349,0.2738,0.3681,0.0564,0.2545,0.1494
bottle_schange_thr_epoch	Round_4_Replicate_24	-544898.6	1089815.2	1056835.02	316665.36	2.5275,7.6372,0.5375,9.3535,0.4053,0.2449,0.0436,0.0975,0.1633
bottle_schange_thr_epoch	Round_4_Replicate_25	-638384.37	1276786.74	1211178.79	309201.06	2.7728,7.747,0.573,15.0127,0.2767,0.2911,0.0613,0.0939,0.1587
bottle_schange_thr_epoch	Round_4_Replicate_26	-652130.32	1304278.64	1475923.68	237257.9	2.9623,18.8843,0.9361,12.7216,0.8356,0.1961,0.1034,0.2884,0.164
bottle_schange_thr_epoch	Round_4_Replicate_27	-645599.69	1291217.38	1414108.79	243871.77	2.1188,5.4543,0.9488,10.5573,0.7581,0.3246,0.1048,0.1829,0.225
bottle_schange_thr_epoch	Round_4_Replicate_28	-616173.23	1232364.46	1238520.79	267363.84	2.9345,5.9582,0.9748,8.2099,0.4206,0.3822,0.0832,0.1482,0.1996
bottle_schange_thr_epoch	Round_4_Replicate_29	-515346.7	1030711.4	984182.74	336830.91	1.213,14.1912,0.4747,5.6041,0.3598,0.2354,0.0365,0.0858,0.1404
bottle_schange_thr_epoch	Round_4_Replicate_30	-488788.65	977595.3	1105486.22	327165.57	4.2479,22.0371,0.3787,16.3608,0.8293,0.1121,0.071,0.0868,0.1792
bottle_schange_thr_epoch	Round_4_Replicate_31	-835123.07	1670264.14	1696120.66	246598.25	1.6707,7.9832,0.6233,13.8083,0.8887,0.4606,0.0471,0.1871,0.1245
bottle_schange_thr_epoch	Round_4_Replicate_32	-513020.18	1026058.36	1194831.09	246373.04	3.4183,9.3603,1.5607,14.686,0.6758,0.145,0.1449,0.2002,0.2003
bottle_schange_thr_epoch	Round_4_Replicate_33	-652819.2	1305656.4	1564667.67	259346.8	1.2131,13.5572,1.2907,18.1572,0.2333,0.1505,0.091,0.359,0.1507
bottle_schange_thr_epoch	Round_4_Replicate_34	-579544.15	1159106.3	1147886.32	294330.35	1.7886,5.5153,0.5482,16.6086,0.6004,0.2342,0.0544,0.1064,0.1765
bottle_schange_thr_epoch	Round_4_Replicate_35	-574880.72	1149779.44	1127193.23	295452.84	1.6516,5.8305,0.5467,21.0365,0.7451,0.2332,0.0284,0.0895,0.1729
bottle_schange_thr_epoch	Round_4_Replicate_36	-584908.98	1169835.96	1580823.6	247373.72	1.7795,7.682,1.2405,15.6364,0.8957,0.1267,0.0702,0.3238,0.2251
bottle_schange_thr_epoch	Round_4_Replicate_37	-561938.61	1123895.22	1090429.43	318681.51	4.3426,7.0708,0.4769,17.4478,0.3258,0.1543,0.073,0.1223,0.12
bottle_schange_thr_epoch	Round_4_Replicate_38	-610546.52	1221111.04	1200473.55	294680.38	2.5877,11.9247,0.7575,8.2842,0.2913,0.2913,0.0615,0.1553,0.1575
bottle_schange_thr_epoch	Round_4_Replicate_39	-686698.15	1373414.3	1364023.81	256195.83	1.7357,17.3442,1.2514,11.7675,0.3241,0.4128,0.053,0.2088,0.1922
bottle_schange_thr_epoch	Round_4_Replicate_40	-953851.44	1907720.88	1946728.61	242799.22	2.1248,11.3269,0.4863,16.3522,0.4896,0.3655,0.1106,0.2246,0.0901
bottle_schange_thr_epoch	Round_4_Replicate_41	-736840.81	1473699.62	1690864.23	227506.34	1.2783,5.0047,1.0172,16.3103,0.7421,0.3347,0.1494,0.2108,0.2218
bottle_schange_thr_epoch	Round_4_Replicate_42	-670187.07	1340392.14	1302140.37	276700.64	3.2509,11.9184,0.461,14.4268,0.547,0.307,0.1242,0.0858,0.1592
bottle_schange_thr_epoch	Round_4_Replicate_43	-530348.45	1060714.9	1062677.82	297715.34	4.338,11.7161,0.558,9.8891,0.5249,0.1217,0.0866,0.1742,0.0989
bottle_schange_thr_epoch	Round_4_Replicate_44	-625177.79	1250373.58	1237280.19	294395.32	1.7791,19.1183,0.6037,19.2419,0.3352,0.2018,0.0897,0.1368,0.1428
bottle_schange_thr_epoch	Round_4_Replicate_45	-936721.26	1873460.52	2049504.87	212469.13	1.3273,15.4258,0.8377,8.1506,0.4876,0.3996,0.1525,0.3363,0.0892
bottle_schange_thr_epoch	Round_4_Replicate_46	-795099.86	1590217.72	1674840.09	223342.88	1.4832,16.3167,1.0438,7.4137,0.6249,0.4445,0.0957,0.2792,0.1282
bottle_schange_thr_epoch	Round_4_Replicate_47	-513576.43	1027170.86	1043915.88	295549.99	3.8947,13.8648,0.7819,18.3409,0.3571,0.1617,0.1002,0.1392,0.1598
bottle_schange_thr_epoch	Round_4_Replicate_48	-557596.63	1115211.26	1453324.61	243911.55	3.3331,5.876,1.3731,11.2612,0.6926,0.1563,0.1458,0.268,0.2229
bottle_schange_thr_epoch	Round_4_Replicate_49	-567605.85	1135229.7	1206857.18	283401.4	1.3604,12.6146,0.6568,17.8735,0.7671,0.1317,0.041,0.2152,0.1368
bottle_schange_thr_epoch	Round_4_Replicate_50	-685380.97	1370779.94	1428201.0	240192.53	1.9754,6.3708,1.1643,14.8243,0.4802,0.365,0.1342,0.1727,0.2027
bottle_schange_thr_epoch	Round_4_Replicate_51	-891388.85	1782795.7	2099488.95	249546.47	2.9335,23.4206,0.488,18.5627,0.5568,0.1279,0.1326,0.3056,0.0763
bottle_schange_thr_epoch	Round_4_Replicate_52	-796146.91	1592311.82	1662647.8	246885.94	1.6072,13.8612,0.6891,13.3572,0.87,0.4846,0.0577,0.1516,0.154
bottle_schange_thr_epoch	Round_4_Replicate_53	-412930.27	825878.54	933587.87	325498.2	3.73,6.5413,0.7261,20.8354,0.664,0.1061,0.036,0.0825,0.2202
bottle_schange_thr_epoch	Round_4_Replicate_54	-463312.9	926643.8	965710.79	301407.44	1.8653,9.6149,1.5484,14.6672,0.206,0.1453,0.1309,0.1387,0.1587
bottle_schange_thr_epoch	Round_4_Replicate_55	-598096.29	1196210.58	1159270.66	299044.17	2.5441,13.4996,0.4039,7.6769,0.8171,0.2577,0.0659,0.0826,0.1279
bottle_schange_thr_epoch	Round_4_Replicate_56	-779579.28	1559176.56	1661913.39	267411.65	2.2251,16.4594,0.6472,9.1608,0.3765,0.3739,0.0364,0.2433,0.1547
bottle_schange_thr_epoch	Round_4_Replicate_57	-676574.46	1353166.92	1431862.79	237882.23	3.5686,8.1078,1.0437,13.984,0.7645,0.4733,0.081,0.117,0.2959
bottle_schange_thr_epoch	Round_4_Replicate_58	-692970.09	1385958.18	1384776.44	277885.58	1.2976,5.6513,1.2057,15.8862,0.2103,0.3281,0.0796,0.1718,0.1825
bottle_schange_thr_epoch	Round_4_Replicate_59	-585054.34	1170126.68	1244128.7	260503.39	1.8649,15.2274,1.322,9.8761,0.5042,0.3849,0.0866,0.1081,0.2852
bottle_schange_thr_epoch	Round_4_Replicate_60	-729449.36	1458916.72	2330797.89	270771.36	2.7082,7.107,0.7572,11.9523,0.5745,0.1447,0.1118,0.339,0.2259
bottle_schange_thr_epoch	Round_4_Replicate_61	-823782.51	1647583.02	1809759.09	242439.61	2.6999,16.5376,0.6774,21.2209,0.6137,0.2988,0.0386,0.2916,0.161
bottle_schange_thr_epoch	Round_4_Replicate_62	-612987.67	1225993.34	1268108.42	256774.59	1.2972,5.6682,1.3959,26.1899,0.5685,0.3625,0.0471,0.1001,0.2766
bottle_schange_thr_epoch	Round_4_Replicate_63	-561080.85	1122179.7	1354731.51	320124.68	1.9038,8.9461,0.536,17.5259,0.4952,0.1662,0.0414,0.1231,0.2279
bottle_schange_thr_epoch	Round_4_Replicate_64	-691471.68	1382961.36	1344706.55	259465.8	3.6071,24.5615,1.4015,20.3556,0.3157,0.4689,0.0814,0.1099,0.2387
bottle_schange_thr_epoch	Round_4_Replicate_65	-682596.38	1365210.76	1727111.67	279453.1	2.4508,23.7275,0.5518,14.0629,0.8621,0.1365,0.0352,0.2828,0.1524
bottle_schange_thr_epoch	Round_4_Replicate_66	-456715.11	913448.22	1172221.99	343080.06	3.4209,19.1528,0.7124,4.6974,0.3327,0.1173,0.0907,0.1464,0.1736
bottle_schange_thr_epoch	Round_4_Replicate_67	-832936.0	1665890.0	1870665.92	220382.83	1.4414,6.0794,1.5808,15.0835,0.3845,0.4687,0.0613,0.2834,0.1398
bottle_schange_thr_epoch	Round_4_Replicate_68	-345350.61	690719.22	791701.5	351616.33	1.166,8.1191,1.2858,9.9325,0.3215,0.0985,0.0661,0.0671,0.1879
bottle_schange_thr_epoch	Round_4_Replicate_69	-422096.87	844211.74	1071143.76	312783.61	1.556,17.7957,1.468,9.0879,0.311,0.1063,0.1044,0.1737,0.1887
bottle_schange_thr_epoch	Round_4_Replicate_70	-451918.15	903854.3	903147.87	327999.53	1.401,12.044,0.528,14.2319,0.5692,0.1488,0.0373,0.0823,0.1684
bottle_schange_thr_epoch	Round_4_Replicate_71	-710730.27	1421478.54	1503465.99	238074.94	1.3397,15.8196,0.9839,20.2406,0.7529,0.2697,0.1132,0.1797,0.1571
bottle_schange_thr_epoch	Round_4_Replicate_72	-678617.23	1357252.46	1484366.26	225239.16	1.9835,6.3659,1.534,17.5575,0.5181,0.2955,0.1486,0.2292,0.1951
bottle_schange_thr_epoch	Round_4_Replicate_73	-739875.73	1479769.46	1870353.07	271916.46	1.6778,20.2018,0.6537,6.5892,0.473,0.2264,0.03,0.3331,0.1463
bottle_schange_thr_epoch	Round_4_Replicate_74	-882829.94	1765677.88	2083500.7	266804.58	2.3152,9.3951,0.6135,7.9083,0.2822,0.4256,0.0873,0.2355,0.1718
bottle_schange_thr_epoch	Round_4_Replicate_75	-484505.8	969029.6	951170.87	306051.34	1.5629,5.62,0.7144,9.756,0.4672,0.2084,0.0842,0.073,0.1653
bottle_schange_thr_epoch	Round_4_Replicate_76	-698440.31	1396898.62	2050545.02	308547.08	1.922,13.9824,0.596,12.1713,0.3246,0.0964,0.1155,0.2928,0.1463
bottle_schange_thr_epoch	Round_4_Replicate_77	-471446.9	942911.8	1129793.43	301150.8	4.397,8.2093,0.8532,11.6193,0.5192,0.1383,0.0757,0.1612,0.2084
bottle_schange_thr_epoch	Round_4_Replicate_78	-937517.69	1875053.38	2143393.43	270035.05	1.9229,6.0955,0.613,21.8635,0.2362,0.3446,0.0385,0.2477,0.1641
bottle_schange_thr_epoch	Round_4_Replicate_79	-850783.27	1701584.54	1937332.37	274546.97	1.2552,14.1564,0.5303,23.3712,0.3194,0.2441,0.0803,0.2156,0.1472
bottle_schange_thr_epoch	Round_4_Replicate_80	-568993.06	1138004.12	1404241.32	245205.3	4.3032,5.3065,1.1627,14.0352,0.8358,0.1334,0.0781,0.3221,0.1835
bottle_schange_thr_epoch	Round_4_Replicate_81	-775605.73	1551229.46	1702742.74	263276.09	3.9476,13.378,0.5268,8.3648,0.5134,0.3239,0.0986,0.2135,0.1465
bottle_schange_thr_epoch	Round_4_Replicate_82	-795696.29	1591410.58	1739472.11	246478.66	2.8664,16.5146,0.5765,6.2433,0.812,0.2752,0.1038,0.2779,0.1005
bottle_schange_thr_epoch	Round_4_Replicate_83	-612320.93	1224659.86	1333047.81	240330.4	1.6031,13.6139,1.3679,19.1042,0.6396,0.214,0.0988,0.2147,0.1804
bottle_schange_thr_epoch	Round_4_Replicate_84	-433002.0	866022.0	902969.82	319345.48	1.6846,8.4316,0.6157,13.1548,0.7132,0.1253,0.0405,0.0978,0.1757
bottle_schange_thr_epoch	Round_4_Replicate_85	-433418.22	866854.44	977102.59	324840.26	3.0455,19.1209,1.2739,16.6534,0.2136,0.1171,0.0838,0.1615,0.1769
bottle_schange_thr_epoch	Round_4_Replicate_86	-704573.67	1409165.34	1343533.49	281441.55	4.1515,6.9786,0.4835,22.5102,0.4491,0.3225,0.0935,0.0886,0.1329
bottle_schange_thr_epoch	Round_4_Replicate_87	-508913.21	1017844.42	1057028.45	301234.95	2.3415,16.0329,0.9235,6.7157,0.2938,0.2237,0.1144,0.1202,0.1749
bottle_schange_thr_epoch	Round_4_Replicate_88	-715191.01	1430400.02	1381148.04	275283.46	3.0339,6.7555,0.7079,21.2366,0.4131,0.4252,0.0485,0.1088,0.1681
bottle_schange_thr_epoch	Round_4_Replicate_89	-478629.11	957276.22	1044074.09	309402.2	3.9327,18.819,0.8422,20.6511,0.3936,0.1503,0.0449,0.1523,0.1994
bottle_schange_thr_epoch	Round_4_Replicate_90	-386593.53	773205.06	835821.06	341122.48	2.2838,5.511,0.7793,4.2692,0.302,0.1106,0.0456,0.1641,0.1189
bottle_schange_thr_epoch	Round_4_Replicate_91	-516105.82	1032229.64	1043423.5	284868.0	1.5819,9.9695,1.0143,23.3367,0.5035,0.2029,0.0491,0.1245,0.1977
bottle_schange_thr_epoch	Round_4_Replicate_92	-495112.92	990243.84	964482.81	322343.58	3.8969,17.6238,0.6674,6.4163,0.3858,0.2712,0.0276,0.0863,0.189
bottle_schange_thr_epoch	Round_4_Replicate_93	-524373.51	1048765.02	1167731.1	271961.11	1.466,8.4447,1.0522,14.6465,0.5803,0.167,0.0554,0.2184,0.1912
bottle_schange_thr_epoch	Round_4_Replicate_94	-799314.83	1598647.66	1735211.45	228550.08	1.2853,5.8637,0.8666,11.1698,0.7899,0.443,0.0326,0.2938,0.1901
bottle_schange_thr_epoch	Round_4_Replicate_95	-698979.54	1397977.08	1371560.03	269306.69	4.5401,11.4547,0.5234,13.1494,0.6161,0.3865,0.0831,0.1099,0.1806
bottle_schange_thr_epoch	Round_4_Replicate_96	-758833.24	1517684.48	1574774.78	236709.59	3.8171,15.1614,0.6979,12.0903,0.7657,0.3739,0.1206,0.1967,0.17
bottle_schange_thr_epoch	Round_4_Replicate_97	-462810.83	925639.66	1180095.79	286049.81	2.1431,9.8789,1.274,11.2526,0.4846,0.1089,0.1097,0.2075,0.1945
bottle_schange_thr_epoch	Round_4_Replicate_98	-899593.12	1799204.24	2294146.71	280486.89	1.297,6.8137,0.4568,9.4656,0.2574,0.1802,0.1613,0.2349,0.103
bottle_schange_thr_epoch	Round_4_Replicate_99	-497709.76	995437.52	1318374.97	312042.18	4.0101,19.3281,0.8243,4.2251,0.4647,0.1488,0.0843,0.1864,0.2005
bottle_schange_thr_epoch	Round_4_Replicate_100	-759824.95	1519667.9	1677679.5	234461.5	4.5719,11.6333,0.8219,5.4756,0.569,0.4565,0.1149,0.2821,0.16
