Model	Replicate	log-likelihood	AIC	chi-squared	theta	optimized_params(nu1i, nu2i, nu1m, nu2m, nu1f, nu2f, T1, T2, T3)
bottle_schange_thr_epoch	Round_1_Replicate_1	-7008307.64	14016633.28	59623239028.95	139301.68	0.5601,7.4526,0.5256,0.3682,1.7339,1.2617,4.6606,0.2751,0.2121
bottle_schange_thr_epoch	Round_1_Replicate_2	-1832665.22	3665348.44	11676177.61	313915.38	0.8313,2.2588,0.5692,0.8366,0.174,0.9675,0.3679,0.1486,0.3602
bottle_schange_thr_epoch	Round_1_Replicate_3	-10577512.15	21155042.3	212707718801176.3	138405.75	0.2763,0.2842,4.3047,0.4663,0.3689,4.4479,2.049,1.8171,0.1872
bottle_schange_thr_epoch	Round_1_Replicate_4	-3808968.09	7617954.18	9.50347447311243e+18	88870.4	0.2266,7.0432,0.343,0.3626,1.1318,0.2458,0.1441,2.5335,6.2587
bottle_schange_thr_epoch	Round_1_Replicate_5	-15125982.85	30251983.7	4.229198235752714e+19	134478.9	0.2537,0.2187,0.1919,0.7519,7.6942,0.8678,2.8929,0.7095,0.8469
bottle_schange_thr_epoch	Round_1_Replicate_6	-3507627.08	7015272.16	178640899.97	129300.16	4.6359,7.6789,2.5587,3.7217,0.4534,0.4541,0.242,4.1933,0.8912
bottle_schange_thr_epoch	Round_1_Replicate_7	-9360443.23	18720904.46	5501520024393.54	137545.13	2.4643,5.6081,1.4832,0.2948,2.6668,2.288,0.9728,3.6102,0.1362
bottle_schange_thr_epoch	Round_1_Replicate_8	-1531761.48	3063540.96	5323024.03	150430.51	0.2319,3.681,3.9887,1.5635,5.7514,2.9248,0.1727,0.126,0.4025
bottle_schange_thr_epoch	Round_1_Replicate_9	-3743125.99	7486269.98	5.069532429617087e+17	49735.26	0.2221,7.3778,3.1414,0.1861,3.3379,4.2259,5.4828,1.9807,2.9668
bottle_schange_thr_epoch	Round_1_Replicate_10	-3281614.48	6563246.96	153652238.35	147431.68	1.5855,0.4869,2.5422,2.5356,1.8177,0.8987,1.4283,0.2256,0.4771
bottle_schange_thr_epoch	Round_1_Replicate_11	-1037622.46	2075262.92	3820774.27	272216.88	0.7609,3.5117,0.5615,1.0171,0.5184,0.9997,0.248,0.2023,0.2145
bottle_schange_thr_epoch	Round_1_Replicate_12	-2478568.58	4957155.16	633936583422236.4	61180.51	0.3745,3.344,1.1006,0.1737,1.3842,3.0171,0.7839,4.9519,1.5131
bottle_schange_thr_epoch	Round_1_Replicate_13	-13636947.67	27273913.34	1.5855988078123254e+16	185514.19	0.6462,0.4432,1.2367,1.1167,0.2515,0.1749,0.1893,2.0003,4.3063
bottle_schange_thr_epoch	Round_1_Replicate_14	-2807670.81	5615359.62	57449377.63	294898.36	0.6752,0.3398,0.2466,0.8084,3.0455,0.2019,0.4195,0.1678,0.3499
bottle_schange_thr_epoch	Round_1_Replicate_15	-11687834.72	23375687.44	1215182393235919.5	189295.69	0.2141,0.1971,4.2148,1.5509,1.0232,2.0021,2.147,0.2244,0.187
bottle_schange_thr_epoch	Round_2_Replicate_1	-2971526.89	5943071.78	77952311.24	150842.93	0.3748,12.1846,0.6962,2.8784,1.6018,1.478,0.9648,0.1657,0.6407
bottle_schange_thr_epoch	Round_2_Replicate_2	-3923454.64	7846927.28	226198538.95	429655.6	0.27,1.6388,0.3066,0.2783,0.2014,0.4931,0.2442,0.0497,0.6869
bottle_schange_thr_epoch	Round_2_Replicate_3	-2904872.92	5809763.84	61326472.5	228754.55	0.2521,1.9351,0.5224,2.0423,0.4942,1.2793,0.6172,0.243,0.2677
bottle_schange_thr_epoch	Round_2_Replicate_4	-3025110.26	6050238.52	74878366.13	425418.37	0.3912,1.3265,0.2884,0.4273,0.2342,0.2554,0.1362,0.6905,0.0566
bottle_schange_thr_epoch	Round_2_Replicate_5	-684739.27	1369496.54	1319935.62	272611.97	0.553,2.2149,1.1261,2.7149,0.2752,0.6996,0.1194,0.1432,0.0755
bottle_schange_thr_epoch	Round_2_Replicate_6	-2222062.69	4444143.38	22580781.93	265710.58	0.2365,3.9119,1.1694,0.6393,0.3685,0.9669,0.6029,0.0652,0.1022
bottle_schange_thr_epoch	Round_2_Replicate_7	-960779.97	1921577.94	3422919.81	256455.9	1.3475,13.5235,0.5421,3.7551,0.8477,0.3107,0.1296,0.3297,0.2345
bottle_schange_thr_epoch	Round_2_Replicate_8	-801733.31	1603484.62	2748647.2	288620.9	0.5191,2.76,0.9048,0.6542,0.8267,0.4284,0.0735,0.3354,0.1142
bottle_schange_thr_epoch	Round_2_Replicate_9	-1395100.95	2790219.9	8779769.62	244856.6	0.4235,4.4395,1.6373,1.3209,0.4442,0.6391,0.0659,0.6021,0.5051
bottle_schange_thr_epoch	Round_2_Replicate_10	-3520135.01	7040288.02	123980226.8	267834.7	0.4133,7.2334,0.196,2.2291,0.308,1.0106,0.1473,0.2677,0.6475
bottle_schange_thr_epoch	Round_2_Replicate_11	-821074.51	1642167.02	2020992.5	217183.37	1.7948,4.7755,1.09,0.6833,1.7613,2.4036,0.1212,0.1562,0.2635
bottle_schange_thr_epoch	Round_2_Replicate_12	-2059191.9	4118401.8	16323143.29	280581.34	0.2621,2.723,0.5203,1.5567,0.2254,1.0049,0.2659,0.2998,0.2618
bottle_schange_thr_epoch	Round_2_Replicate_13	-1277498.7	2555015.4	6990977.17	192778.56	0.973,5.0924,1.0341,3.1038,1.1902,0.2603,0.4005,0.6731,0.1731
bottle_schange_thr_epoch	Round_2_Replicate_14	-1404853.89	2809725.78	6070996.37	233218.5	0.6965,1.7646,0.444,3.9924,0.784,0.4839,0.2953,0.3515,0.1165
bottle_schange_thr_epoch	Round_2_Replicate_15	-470968.9	941955.8	1042230.01	270886.19	2.9561,10.3266,1.7696,1.0254,0.4031,0.3904,0.1725,0.1202,0.148
bottle_schange_thr_epoch	Round_2_Replicate_16	-3924339.76	7848697.52	215397376.13	283119.31	0.2643,2.0804,0.1715,1.2664,0.2847,1.1934,0.3262,0.1824,0.5608
bottle_schange_thr_epoch	Round_2_Replicate_17	-1999200.52	3998419.04	21367212.16	224132.8	0.8791,1.7069,0.3891,1.9917,1.5306,0.4973,0.4649,0.1189,0.7142
bottle_schange_thr_epoch	Round_2_Replicate_18	-1699905.93	3399829.86	10401218.31	185688.42	0.3902,4.7323,1.2451,3.8624,0.7232,0.6798,0.54,0.3101,0.128
bottle_schange_thr_epoch	Round_2_Replicate_19	-2648769.95	5297557.9	37370927.5	261918.53	0.3364,4.7802,0.2802,1.3673,0.9249,0.7246,0.353,0.54,0.0678
bottle_schange_thr_epoch	Round_2_Replicate_20	-2556901.78	5113821.56	48468772.31	279385.13	0.3379,2.5622,0.7446,0.5582,0.7254,0.5247,0.3294,0.1729,0.7283
bottle_schange_thr_epoch	Round_2_Replicate_21	-1040925.2	2081868.4	4078919.27	310554.88	0.8551,1.2243,0.2948,1.2285,1.6107,0.2703,0.1167,0.1525,0.2464
bottle_schange_thr_epoch	Round_2_Replicate_22	-2357626.68	4715271.36	34534421.27	228236.95	0.8981,4.9347,0.9439,0.4938,2.0772,0.3338,0.1281,0.5539,0.4824
bottle_schange_thr_epoch	Round_2_Replicate_23	-1640749.37	3281516.74	13010490.45	221577.35	0.4197,11.026,1.1989,0.797,1.0799,0.7743,0.0691,0.6052,0.4749
bottle_schange_thr_epoch	Round_2_Replicate_24	-844074.02	1688166.04	2295796.57	284617.73	1.2783,10.5827,0.3324,0.5768,0.8882,2.5217,0.2107,0.134,0.1356
bottle_schange_thr_epoch	Round_2_Replicate_25	-1232107.78	2464233.56	5395277.82	220234.1	0.6703,5.6855,0.8018,0.4948,0.8997,2.9716,0.7185,0.0883,0.0778
bottle_schange_thr_epoch	Round_2_Replicate_26	-690351.51	1380721.02	2142346.84	333519.38	0.3832,1.1995,1.3596,0.5894,0.3152,0.5771,0.0702,0.1451,0.2261
bottle_schange_thr_epoch	Round_2_Replicate_27	-622743.94	1245505.88	1415610.43	283057.53	1.1593,11.8146,1.7387,1.2798,0.3375,1.2629,0.0784,0.0587,0.1522
bottle_schange_thr_epoch	Round_2_Replicate_28	-1526923.34	3053864.68	9016438.88	259873.25	0.5219,4.1897,1.2253,0.3976,0.1352,3.0931,0.7792,0.0926,0.0665
bottle_schange_thr_epoch	Round_2_Replicate_29	-2522593.1	5045204.2	27774552.53	207585.17	0.8566,10.898,0.1866,0.9186,0.589,3.2686,0.9219,0.1706,0.224
bottle_schange_thr_epoch	Round_2_Replicate_30	-1725763.69	3451545.38	16042150.11	205760.66	0.6845,3.9984,1.5292,2.038,1.0269,0.3426,0.4327,0.5494,0.5595
bottle_schange_thr_epoch	Round_3_Replicate_1	-564484.05	1128986.1	1127930.29	280380.21	1.2019,5.431,0.7516,3.0076,0.3691,0.173,0.1425,0.1778,0.0625
bottle_schange_thr_epoch	Round_3_Replicate_2	-502011.87	1004041.74	1305005.31	250656.3	3.3469,3.1282,2.7993,0.3906,0.1506,0.3718,0.4428,0.0756,0.0677
bottle_schange_thr_epoch	Round_3_Replicate_3	-478010.7	956039.4	1099475.43	272133.63	3.0713,2.9247,0.8843,0.7933,0.6645,0.2816,0.2654,0.0501,0.1306
bottle_schange_thr_epoch	Round_3_Replicate_4	-776007.52	1552033.04	1937079.12	220545.95	4.4066,24.6701,2.6309,0.5088,1.393,0.1585,0.2514,0.1285,0.1089
bottle_schange_thr_epoch	Round_3_Replicate_5	-504576.81	1009171.62	1091117.53	299076.88	2.9199,12.9718,1.8045,0.2638,0.4125,1.3369,0.0968,0.0585,0.0888
bottle_schange_thr_epoch	Round_3_Replicate_6	-1230043.01	2460104.02	6070258.84	263093.08	4.1256,5.4172,1.3347,0.3302,0.8067,0.6689,0.1278,0.423,0.0842
bottle_schange_thr_epoch	Round_3_Replicate_7	-910642.88	1821303.76	2379682.34	160269.09	3.3291,5.5146,2.1741,1.8346,1.4052,1.4366,0.4705,0.2317,0.1198
bottle_schange_thr_epoch	Round_3_Replicate_8	-559967.76	1119953.52	1435685.75	332672.66	6.3314,2.7392,0.7646,0.7309,0.3277,0.5497,0.0416,0.19,0.1555
bottle_schange_thr_epoch	Round_3_Replicate_9	-1031026.29	2062070.58	4487484.26	389793.4	0.757,9.6171,0.4963,0.544,0.4744,0.1737,0.155,0.0593,0.2924
bottle_schange_thr_epoch	Round_3_Replicate_10	-1768410.76	3536839.52	15340470.32	248842.18	9.4152,26.3368,3.5461,0.4221,0.5043,0.2127,0.1957,0.4586,0.3424
bottle_schange_thr_epoch	Round_3_Replicate_11	-670525.47	1341068.94	1836469.33	196184.82	2.5037,4.8971,5.343,0.9371,0.3301,0.4397,0.6582,0.0391,0.1304
bottle_schange_thr_epoch	Round_3_Replicate_12	-859339.0	1718696.0	2460700.98	243446.66	1.5846,9.0927,2.3296,1.3591,0.1882,0.8626,0.494,0.0315,0.2524
bottle_schange_thr_epoch	Round_3_Replicate_13	-763002.84	1526023.68	2310564.15	358040.67	1.6693,7.6009,0.56,0.5895,0.2184,0.7144,0.0584,0.2508,0.1184
bottle_schange_thr_epoch	Round_3_Replicate_14	-566872.91	1133763.82	1194757.05	270689.19	1.5839,14.4375,0.9812,1.0907,1.0211,0.4873,0.0783,0.1534,0.0985
bottle_schange_thr_epoch	Round_3_Replicate_15	-927613.33	1855244.66	3757736.23	377670.21	2.1271,6.5286,4.4216,1.4299,0.1662,0.1853,0.0501,0.1924,0.4109
bottle_schange_thr_epoch	Round_3_Replicate_16	-2487626.74	4975271.48	39647394.74	262470.41	9.3186,2.8676,3.3672,0.2968,0.5917,0.1553,0.3503,0.1946,0.5079
bottle_schange_thr_epoch	Round_3_Replicate_17	-447863.31	895744.62	892335.8	310913.19	5.2275,8.0357,5.2223,0.3592,0.1729,1.529,0.1066,0.0346,0.149
bottle_schange_thr_epoch	Round_3_Replicate_18	-859176.46	1718370.92	2477403.56	213301.41	1.1723,2.7189,3.6804,1.4333,1.341,1.4699,0.0531,0.0377,0.3072
bottle_schange_thr_epoch	Round_3_Replicate_19	-885536.72	1771091.44	2411972.07	171888.99	6.924,18.0313,3.179,3.2698,0.1023,0.4195,0.6526,0.1185,0.0745
bottle_schange_thr_epoch	Round_3_Replicate_20	-485797.9	971613.8	987236.26	295219.13	1.3131,18.4477,0.5914,1.6404,1.3801,0.2205,0.1054,0.0351,0.1602
bottle_schange_thr_epoch	Round_3_Replicate_21	-530334.04	1060686.08	1009317.51	314959.89	3.3119,5.9818,1.3234,3.7905,0.2538,0.4997,0.0623,0.0265,0.2414
bottle_schange_thr_epoch	Round_3_Replicate_22	-967915.41	1935848.82	4107512.67	330446.23	1.1894,3.1015,1.9549,0.6779,0.1933,0.3897,0.1055,0.3366,0.261
bottle_schange_thr_epoch	Round_3_Replicate_23	-410683.59	821385.18	942608.55	301194.74	8.2514,23.0609,3.2779,0.3379,0.1709,0.1155,0.2226,0.0448,0.0761
bottle_schange_thr_epoch	Round_3_Replicate_24	-627269.76	1254557.52	1701855.32	259102.42	2.2093,25.1029,1.2105,1.8749,0.6273,0.4609,0.0666,0.2515,0.2637
bottle_schange_thr_epoch	Round_3_Replicate_25	-681594.44	1363206.88	1569242.57	225818.94	9.3693,18.4268,3.5412,0.4594,0.7807,0.7332,0.1908,0.088,0.1556
bottle_schange_thr_epoch	Round_3_Replicate_26	-449185.11	898388.22	1057132.04	296676.17	1.5531,8.2079,2.6304,1.8484,0.4621,0.2904,0.1025,0.0252,0.2814
bottle_schange_thr_epoch	Round_3_Replicate_27	-961148.61	1922315.22	3503863.22	230861.62	1.2353,4.5225,0.8213,1.0225,0.6233,1.1291,0.4415,0.2212,0.1836
bottle_schange_thr_epoch	Round_3_Replicate_28	-474653.63	949325.26	915003.81	314141.6	2.4829,14.2502,0.6926,1.9277,0.3913,0.2914,0.0544,0.1351,0.102
bottle_schange_thr_epoch	Round_3_Replicate_29	-766998.68	1534015.36	3586470.46	278042.45	10.1527,27.6294,1.7025,2.126,0.1547,0.6869,0.0572,0.15,0.055
bottle_schange_thr_epoch	Round_3_Replicate_30	-367891.74	735801.48	766271.27	355842.32	3.263,3.0441,0.504,0.3216,0.788,0.0885,0.094,0.0539,0.0497
bottle_schange_thr_epoch	Round_3_Replicate_31	-1004523.11	2009064.22	3553657.86	283332.59	4.7387,3.3725,1.3043,1.3031,0.2415,0.8434,0.2559,0.0713,0.4376
bottle_schange_thr_epoch	Round_3_Replicate_32	-553589.44	1107196.88	1635457.42	252738.35	2.7883,3.4002,3.0502,1.571,0.3965,0.1586,0.4258,0.0383,0.1845
bottle_schange_thr_epoch	Round_3_Replicate_33	-1028987.93	2057993.86	3950126.3	246674.67	9.484,24.1821,0.7388,0.6287,0.9033,1.3424,0.0712,0.0691,0.5574
bottle_schange_thr_epoch	Round_3_Replicate_34	-848711.66	1697441.32	3213371.15	252089.6	0.8629,11.8837,0.9819,0.435,0.5383,0.1915,0.6503,0.0922,0.0576
bottle_schange_thr_epoch	Round_3_Replicate_35	-799899.71	1599817.42	2925956.14	304854.49	1.5748,6.2927,3.8311,1.0464,0.313,0.4733,0.0397,0.1082,0.5091
bottle_schange_thr_epoch	Round_3_Replicate_36	-1192222.98	2384463.96	4309396.96	379451.75	11.9209,8.5983,0.6159,0.4636,0.1632,0.9843,0.0596,0.0316,0.3654
bottle_schange_thr_epoch	Round_3_Replicate_37	-743471.51	1486961.02	2734815.45	238899.54	4.9559,12.5545,2.4946,1.0485,0.7854,0.3752,0.1344,0.1041,0.0916
bottle_schange_thr_epoch	Round_3_Replicate_38	-645308.07	1290634.14	1950245.4	254559.72	8.8088,25.6627,2.9016,0.401,0.2265,0.1608,0.3107,0.1871,0.0825
bottle_schange_thr_epoch	Round_3_Replicate_39	-862535.77	1725089.54	2111146.05	221846.09	5.2019,19.9062,3.7746,0.5539,1.541,0.1925,0.0948,0.1907,0.1162
bottle_schange_thr_epoch	Round_3_Replicate_40	-299278.84	598575.68	601007.89	374422.77	2.1104,6.5609,2.982,1.8324,0.1326,0.1674,0.0457,0.071,0.1406
bottle_schange_thr_epoch	Round_3_Replicate_41	-544309.44	1088636.88	1439910.59	339625.59	2.809,14.1119,0.7838,0.7523,0.8032,0.1296,0.062,0.0521,0.1904
bottle_schange_thr_epoch	Round_3_Replicate_42	-685300.36	1370618.72	1962824.44	194802.09	5.2995,3.2047,1.3924,3.2523,1.2907,0.1206,0.5088,0.2079,0.1138
bottle_schange_thr_epoch	Round_3_Replicate_43	-698198.32	1396414.64	1923847.81	255190.63	1.8259,7.1089,0.9859,0.535,1.1808,0.7144,0.1565,0.0467,0.3115
bottle_schange_thr_epoch	Round_3_Replicate_44	-351169.58	702357.16	774186.69	326657.37	5.2755,24.8429,1.4754,0.6798,0.1156,0.2108,0.1564,0.145,0.0707
bottle_schange_thr_epoch	Round_3_Replicate_45	-1448238.02	2896494.04	9248341.28	355878.9	4.4436,6.5765,6.5293,0.3864,0.2084,0.2106,0.0772,0.2148,0.4021
bottle_schange_thr_epoch	Round_3_Replicate_46	-940697.87	1881413.74	3527227.32	294569.66	0.9493,4.8973,2.4466,1.2547,0.2528,0.6608,0.0448,0.2284,0.4696
bottle_schange_thr_epoch	Round_3_Replicate_47	-1226860.03	2453738.06	6515021.38	256524.23	1.6535,5.9754,0.7494,0.7682,1.0356,0.4593,0.2699,0.1245,0.5061
bottle_schange_thr_epoch	Round_3_Replicate_48	-1170898.6	2341815.2	6299988.05	278245.18	6.1767,10.6013,1.0426,0.4053,0.2602,0.1508,0.6436,0.3215,0.1203
bottle_schange_thr_epoch	Round_3_Replicate_49	-777847.57	1555713.14	2818775.94	303449.83	3.7382,2.9197,1.3659,0.8312,0.3,0.4152,0.1457,0.2674,0.2514
bottle_schange_thr_epoch	Round_3_Replicate_50	-626385.73	1252789.46	1601993.42	255602.32	0.7612,27.9278,1.9289,0.9342,0.0976,1.432,0.1704,0.3466,0.0368
bottle_schange_thr_epoch	Round_4_Replicate_1	-369585.45	739188.9	779827.19	330796.84	1.4161,7.0797,5.1598,2.7078,0.1587,0.235,0.0489,0.1176,0.1943
bottle_schange_thr_epoch	Round_4_Replicate_2	-304212.34	608442.68	602133.45	365503.56	1.2393,3.4328,1.4645,1.0897,0.1773,0.1634,0.0525,0.0716,0.0906
bottle_schange_thr_epoch	Round_4_Replicate_3	-309253.63	618525.26	591276.14	372127.28	3.4067,7.0322,2.7759,1.956,0.1111,0.1722,0.0178,0.1063,0.1167
bottle_schange_thr_epoch	Round_4_Replicate_4	-321679.24	643376.48	667822.28	346095.37	3.3893,4.4626,3.4293,2.7771,0.1685,0.1718,0.0256,0.118,0.1638
bottle_schange_thr_epoch	Round_4_Replicate_5	-329879.8	659777.6	665783.8	350085.81	4.0901,4.994,2.8237,2.3759,0.1992,0.2133,0.048,0.0525,0.183
bottle_schange_thr_epoch	Round_4_Replicate_6	-326448.39	652914.78	715627.59	340439.33	2.6143,4.035,2.9102,1.071,0.1755,0.1734,0.0865,0.0977,0.1264
bottle_schange_thr_epoch	Round_4_Replicate_7	-257342.76	514703.52	534187.49	379082.52	2.4113,11.6888,5.1959,1.0999,0.1027,0.1125,0.053,0.0717,0.0982
bottle_schange_thr_epoch	Round_4_Replicate_8	-236366.48	472750.96	492159.73	409871.12	2.2588,7.7724,3.2243,2.3745,0.0914,0.0743,0.0639,0.0487,0.1016
bottle_schange_thr_epoch	Round_4_Replicate_9	-353663.58	707345.16	768538.57	335000.09	2.386,10.7809,5.4223,1.2156,0.219,0.2647,0.0445,0.0643,0.2054
bottle_schange_thr_epoch	Round_4_Replicate_10	-352970.03	705958.06	695329.23	346949.81	4.2882,9.1505,1.5693,2.546,0.195,0.2089,0.0954,0.0384,0.1613
bottle_schange_thr_epoch	Round_4_Replicate_11	-245510.22	491038.44	517156.37	391986.44	1.9516,8.5399,2.5075,1.0357,0.0956,0.0829,0.0493,0.0921,0.077
bottle_schange_thr_epoch	Round_4_Replicate_12	-245633.58	491285.16	474331.12	407253.75	4.0576,3.1025,3.136,2.5636,0.0932,0.0987,0.0201,0.065,0.1034
bottle_schange_thr_epoch	Round_4_Replicate_13	-342036.4	684090.8	723485.15	326495.86	1.202,6.9759,4.9246,2.6119,0.2025,0.179,0.0691,0.0874,0.1671
bottle_schange_thr_epoch	Round_4_Replicate_14	-328630.63	657279.26	650096.57	354268.89	2.3556,7.8199,3.2762,2.8918,0.2169,0.2242,0.0212,0.0341,0.2035
bottle_schange_thr_epoch	Round_4_Replicate_15	-293507.15	587032.3	632030.57	359205.31	3.0034,6.5523,4.412,2.207,0.1948,0.1215,0.0559,0.0454,0.1579
bottle_schange_thr_epoch	Round_4_Replicate_16	-256548.48	513114.96	529139.13	423104.75	4.5336,3.1184,1.4603,3.3302,0.0973,0.0739,0.0664,0.0408,0.1039
bottle_schange_thr_epoch	Round_4_Replicate_17	-382026.07	764070.14	726100.5	397648.2	2.8242,6.84,3.2379,2.5732,0.085,0.2056,0.036,0.0488,0.1494
bottle_schange_thr_epoch	Round_4_Replicate_18	-308615.43	617248.86	609846.04	359954.99	2.1897,6.362,3.5459,1.3301,0.1209,0.2008,0.0325,0.1052,0.1174
bottle_schange_thr_epoch	Round_4_Replicate_19	-319236.71	638491.42	747622.22	393514.71	4.0067,9.5255,2.7208,1.3147,0.1334,0.14,0.0217,0.1052,0.1533
bottle_schange_thr_epoch	Round_4_Replicate_20	-267867.25	535752.5	571397.45	389189.49	2.2389,9.2351,3.3567,1.9979,0.1804,0.1035,0.0294,0.0346,0.146
bottle_schange_thr_epoch	Round_4_Replicate_21	-360947.19	721912.38	763566.69	335726.35	3.282,3.7349,2.7134,1.6655,0.2163,0.2595,0.023,0.1159,0.1851
bottle_schange_thr_epoch	Round_4_Replicate_22	-287850.01	575718.02	599384.04	369524.45	3.5455,6.2238,1.9712,3.5967,0.1667,0.1095,0.035,0.0986,0.1361
bottle_schange_thr_epoch	Round_4_Replicate_23	-368451.06	736920.12	770598.25	343649.46	2.8613,4.2001,2.5471,1.1531,0.2111,0.3259,0.0369,0.0803,0.1892
bottle_schange_thr_epoch	Round_4_Replicate_24	-387005.51	774029.02	979924.17	401958.9	1.3793,10.4702,1.8574,1.3199,0.1621,0.1474,0.0685,0.0509,0.1876
bottle_schange_thr_epoch	Round_4_Replicate_25	-270460.63	540939.26	548930.17	378819.5	1.622,4.2961,2.4856,1.0205,0.136,0.1339,0.0285,0.085,0.0961
bottle_schange_thr_epoch	Round_4_Replicate_26	-329910.92	659839.84	700609.53	345873.07	2.8189,4.197,2.6445,2.4339,0.2439,0.1844,0.0258,0.0784,0.1914
bottle_schange_thr_epoch	Round_4_Replicate_27	-262203.32	524424.64	521986.36	387705.54	3.3129,3.2548,1.9308,1.0555,0.1226,0.1321,0.0672,0.0478,0.0969
bottle_schange_thr_epoch	Round_4_Replicate_28	-285742.08	571502.16	584049.75	369855.77	2.9371,5.0231,2.2533,1.9182,0.2001,0.1398,0.0238,0.067,0.1408
bottle_schange_thr_epoch	Round_4_Replicate_29	-305221.09	610460.18	614758.59	363789.95	3.0651,5.2917,3.0922,1.2793,0.2072,0.2096,0.0297,0.037,0.1627
bottle_schange_thr_epoch	Round_4_Replicate_30	-346392.12	692802.24	744178.73	342114.97	2.6543,4.6997,4.5932,2.7997,0.1929,0.2186,0.0234,0.0875,0.2211
bottle_schange_thr_epoch	Round_4_Replicate_31	-260796.17	521610.34	539228.5	375519.4	3.9658,3.1684,3.3195,0.9776,0.0925,0.11,0.0622,0.0875,0.0797
bottle_schange_thr_epoch	Round_4_Replicate_32	-327126.43	654270.86	682747.74	348881.32	1.5672,8.7555,1.8625,3.1324,0.3098,0.1597,0.0274,0.0535,0.1893
bottle_schange_thr_epoch	Round_4_Replicate_33	-248133.35	496284.7	523246.1	384333.3	1.8183,8.2563,4.0052,1.6166,0.0879,0.0793,0.0677,0.0861,0.0877
bottle_schange_thr_epoch	Round_4_Replicate_34	-379156.04	758330.08	961254.39	444595.17	1.3671,5.5861,3.6342,1.0513,0.1071,0.1236,0.047,0.0274,0.1801
bottle_schange_thr_epoch	Round_4_Replicate_35	-311674.04	623366.08	640518.7	374322.55	3.1155,11.3652,2.8103,2.5837,0.1417,0.1619,0.0308,0.0826,0.1615
bottle_schange_thr_epoch	Round_4_Replicate_36	-277193.98	554405.96	546195.6	384921.17	1.0904,4.2022,1.8288,1.7461,0.2063,0.1441,0.0259,0.0308,0.1333
bottle_schange_thr_epoch	Round_4_Replicate_37	-260998.44	522014.88	560232.28	383004.14	1.3177,3.3107,4.704,1.3382,0.1069,0.0992,0.0399,0.093,0.1034
bottle_schange_thr_epoch	Round_4_Replicate_38	-237696.07	475410.14	481418.36	406055.76	1.4575,7.3416,4.8007,1.1611,0.1063,0.1082,0.033,0.0408,0.1062
bottle_schange_thr_epoch	Round_4_Replicate_39	-279381.65	558781.3	607496.18	363429.03	2.8732,5.9247,4.9175,2.6905,0.1277,0.1056,0.0511,0.1022,0.1354
bottle_schange_thr_epoch	Round_4_Replicate_40	-292091.92	584201.84	583822.41	367378.29	1.373,6.0082,3.0037,2.0041,0.1822,0.1608,0.0207,0.0589,0.1406
bottle_schange_thr_epoch	Round_4_Replicate_41	-306488.16	612994.32	628073.64	356380.64	2.395,8.5536,4.4838,1.5321,0.2097,0.1862,0.038,0.0314,0.1666
bottle_schange_thr_epoch	Round_4_Replicate_42	-301153.69	602325.38	674611.37	423770.16	1.4107,5.5536,2.2872,2.5021,0.1342,0.1166,0.0185,0.0401,0.17
bottle_schange_thr_epoch	Round_4_Replicate_43	-293353.7	586725.4	592592.95	372177.31	1.7403,10.8507,2.2008,1.6478,0.1439,0.1504,0.041,0.0892,0.1229
bottle_schange_thr_epoch	Round_4_Replicate_44	-308463.49	616944.98	634510.95	355450.61	1.2415,12.4238,1.5761,1.789,0.1988,0.1332,0.0437,0.1117,0.1124
bottle_schange_thr_epoch	Round_4_Replicate_45	-346358.43	692734.86	750279.27	322609.1	1.7481,8.1144,3.953,2.6797,0.2224,0.1774,0.0479,0.1187,0.178
bottle_schange_thr_epoch	Round_4_Replicate_46	-339193.04	678404.08	661508.28	351708.82	1.5583,6.088,2.3654,1.534,0.1698,0.2401,0.0552,0.0692,0.1397
bottle_schange_thr_epoch	Round_4_Replicate_47	-397827.34	795672.68	724337.91	368027.41	4.1585,11.0208,4.9962,2.401,0.0763,0.2594,0.0202,0.0835,0.115
bottle_schange_thr_epoch	Round_4_Replicate_48	-323652.78	647323.56	650520.33	352296.65	2.0868,7.2777,3.4297,2.4857,0.1719,0.1989,0.0286,0.083,0.1702
bottle_schange_thr_epoch	Round_4_Replicate_49	-243347.05	486712.1	490075.16	401335.16	2.6255,3.9612,3.6,1.5824,0.1204,0.1104,0.0448,0.0297,0.1169
bottle_schange_thr_epoch	Round_4_Replicate_50	-287615.33	575248.66	613094.01	386422.25	1.1517,4.5177,1.9994,1.8909,0.1573,0.1272,0.0178,0.0946,0.1365
bottle_schange_thr_epoch	Round_4_Replicate_51	-404973.75	809965.5	1060378.83	356192.97	2.0491,3.5187,6.7298,1.1812,0.1587,0.202,0.0161,0.1382,0.2192
bottle_schange_thr_epoch	Round_4_Replicate_52	-301204.79	602427.58	691120.23	377441.27	2.7956,4.8962,5.0638,1.3375,0.146,0.1328,0.0243,0.0886,0.156
bottle_schange_thr_epoch	Round_4_Replicate_53	-238734.03	477486.06	503997.64	429235.68	1.6713,6.8518,1.7607,3.0656,0.104,0.0645,0.0607,0.033,0.1033
bottle_schange_thr_epoch	Round_4_Replicate_54	-281996.08	564010.16	583506.8	369120.37	3.3152,5.7592,4.4517,2.0814,0.1559,0.1457,0.0638,0.0327,0.156
bottle_schange_thr_epoch	Round_4_Replicate_55	-272037.43	544092.86	546553.04	379796.25	1.5491,8.4478,2.5615,1.7636,0.1553,0.1328,0.0303,0.0649,0.1246
bottle_schange_thr_epoch	Round_4_Replicate_56	-258061.28	516140.56	547483.2	400666.32	2.8454,4.5046,1.5924,2.4021,0.1327,0.084,0.0632,0.0566,0.1116
bottle_schange_thr_epoch	Round_4_Replicate_57	-268372.92	536763.84	565452.54	382509.48	3.7035,8.0065,3.534,3.1657,0.1109,0.0969,0.0775,0.0614,0.1278
bottle_schange_thr_epoch	Round_4_Replicate_58	-236319.77	472657.54	504872.72	401121.69	2.6497,3.5589,1.9107,2.4728,0.1174,0.0574,0.0396,0.086,0.0873
bottle_schange_thr_epoch	Round_4_Replicate_59	-324690.84	649399.68	628081.15	363402.28	3.1492,7.0171,3.2726,0.9668,0.1266,0.2826,0.0541,0.0663,0.1322
bottle_schange_thr_epoch	Round_4_Replicate_60	-385394.77	770807.54	999369.52	412344.85	3.7296,3.8288,2.797,1.087,0.119,0.1315,0.0412,0.0965,0.1683
bottle_schange_thr_epoch	Round_4_Replicate_61	-369336.93	738691.86	927006.51	387531.32	3.4568,4.7887,1.5634,3.1642,0.2238,0.1246,0.0657,0.0271,0.2201
bottle_schange_thr_epoch	Round_4_Replicate_62	-319975.39	639968.78	652953.62	346382.42	2.5538,6.4594,3.7998,1.3617,0.1673,0.2147,0.0655,0.0669,0.1468
bottle_schange_thr_epoch	Round_4_Replicate_63	-242775.27	485568.54	486694.66	403356.46	1.9613,4.7324,1.6729,1.952,0.1395,0.0899,0.0202,0.0674,0.1007
bottle_schange_thr_epoch	Round_4_Replicate_64	-288811.59	577641.18	620530.39	367790.31	1.103,7.6326,2.2151,2.0072,0.2028,0.1071,0.0411,0.0817,0.1299
bottle_schange_thr_epoch	Round_4_Replicate_65	-248000.43	496018.86	537259.41	407851.23	2.6663,9.4338,5.0356,1.7698,0.0633,0.0722,0.0534,0.0997,0.0913
bottle_schange_thr_epoch	Round_4_Replicate_66	-328882.29	657782.58	688900.59	345923.38	3.0661,4.9322,5.5806,1.0887,0.1861,0.2494,0.0462,0.057,0.1757
bottle_schange_thr_epoch	Round_4_Replicate_67	-291969.09	583956.18	593725.16	366979.53	2.456,5.1123,2.7969,3.1634,0.2196,0.147,0.0323,0.0301,0.1741
bottle_schange_thr_epoch	Round_4_Replicate_68	-350302.66	700623.32	690434.22	342385.95	1.2381,8.6168,2.5027,1.3508,0.1434,0.2527,0.0227,0.1435,0.1154
bottle_schange_thr_epoch	Round_4_Replicate_69	-302753.61	605525.22	622216.99	352190.35	3.4069,5.7402,3.2252,2.2426,0.198,0.1583,0.0645,0.0415,0.1555
bottle_schange_thr_epoch	Round_4_Replicate_70	-323756.17	647530.34	643995.04	359123.25	1.8386,3.5528,5.6299,1.5175,0.1186,0.2289,0.0577,0.0723,0.1488
bottle_schange_thr_epoch	Round_4_Replicate_71	-285278.01	570574.02	616542.11	371104.06	1.3784,4.6439,3.7708,1.0339,0.1369,0.1294,0.0343,0.0996,0.1125
bottle_schange_thr_epoch	Round_4_Replicate_72	-282951.07	565920.14	567300.12	373991.17	1.2326,3.479,2.2942,1.8688,0.1689,0.1355,0.0567,0.0474,0.1234
bottle_schange_thr_epoch	Round_4_Replicate_73	-315689.85	631397.7	660339.28	348607.28	1.481,8.6158,1.6584,1.3866,0.1819,0.1402,0.0708,0.1137,0.1029
bottle_schange_thr_epoch	Round_4_Replicate_74	-248958.71	497935.42	496465.44	413359.24	1.0545,3.7518,1.8568,1.0421,0.1039,0.1103,0.0452,0.0543,0.0903
bottle_schange_thr_epoch	Round_4_Replicate_75	-259287.96	518593.92	543888.92	392201.18	2.8524,11.0676,2.0521,1.0763,0.1624,0.1042,0.043,0.049,0.1091
bottle_schange_thr_epoch	Round_4_Replicate_76	-296423.6	592865.2	592726.87	366912.9	2.6447,3.2779,1.7174,2.2558,0.2358,0.1514,0.0433,0.0332,0.1464
bottle_schange_thr_epoch	Round_4_Replicate_77	-289441.13	578900.26	565134.31	391989.76	4.2178,6.2935,3.4969,1.9906,0.1142,0.1646,0.0435,0.0403,0.1456
bottle_schange_thr_epoch	Round_4_Replicate_78	-227180.88	454379.76	484762.71	436988.05	1.7573,3.7756,2.9474,1.4311,0.062,0.0592,0.0444,0.0707,0.0771
bottle_schange_thr_epoch	Round_4_Replicate_79	-263647.19	527312.38	559575.96	396246.76	3.3014,6.7959,2.0467,0.9916,0.1368,0.1165,0.0206,0.0871,0.1054
bottle_schange_thr_epoch	Round_4_Replicate_80	-412156.47	824330.94	831375.92	312392.26	1.4244,5.0836,2.299,3.2393,0.266,0.2746,0.0909,0.0609,0.1895
bottle_schange_thr_epoch	Round_4_Replicate_81	-322874.83	645767.66	639292.92	355191.77	2.1482,5.9936,6.4896,1.1943,0.1371,0.2729,0.0421,0.0623,0.1583
bottle_schange_thr_epoch	Round_4_Replicate_82	-336302.69	672623.38	833180.4	443697.77	2.5731,4.7771,6.2598,0.9833,0.1,0.1132,0.0178,0.0393,0.169
bottle_schange_thr_epoch	Round_4_Replicate_83	-268254.43	536526.86	518635.41	421368.93	1.1636,7.4975,2.3795,2.5961,0.1106,0.1229,0.0182,0.0338,0.1324
bottle_schange_thr_epoch	Round_4_Replicate_84	-327133.92	654285.84	638477.59	357776.13	3.8681,12.1115,6.0821,1.407,0.164,0.2923,0.0287,0.0309,0.1888
bottle_schange_thr_epoch	Round_4_Replicate_85	-260759.41	521536.82	541631.1	405487.36	2.0366,4.5201,1.9841,1.1677,0.1235,0.1207,0.0136,0.0854,0.1095
bottle_schange_thr_epoch	Round_4_Replicate_86	-237164.04	474346.08	479930.87	425439.31	4.2925,4.8187,1.9123,1.1847,0.1186,0.1062,0.0272,0.035,0.1099
bottle_schange_thr_epoch	Round_4_Replicate_87	-322387.77	644793.54	666497.52	357122.74	1.6306,4.7744,2.6675,1.0153,0.18,0.2331,0.0304,0.0923,0.1422
bottle_schange_thr_epoch	Round_4_Replicate_88	-289933.64	579885.28	591414.02	363596.87	1.8431,3.8071,3.5656,2.5123,0.1536,0.1419,0.0362,0.0801,0.1425
bottle_schange_thr_epoch	Round_4_Replicate_89	-303272.44	606562.88	627322.83	364140.27	1.2571,9.5977,3.4465,1.9115,0.2208,0.1754,0.0206,0.0409,0.1818
bottle_schange_thr_epoch	Round_4_Replicate_90	-331843.51	663705.02	692219.68	342433.59	2.989,6.8911,4.1227,2.4527,0.2181,0.2125,0.0252,0.0669,0.2057
bottle_schange_thr_epoch	Round_4_Replicate_91	-307229.8	614477.6	575306.04	395060.05	3.5011,5.5925,1.8738,2.5414,0.1123,0.1506,0.0363,0.032,0.1063
bottle_schange_thr_epoch	Round_4_Replicate_92	-303346.36	606710.72	634816.51	363124.23	1.9251,4.2361,2.0006,2.111,0.2164,0.1484,0.051,0.0573,0.1546
bottle_schange_thr_epoch	Round_4_Replicate_93	-264840.22	529698.44	550371.24	383184.16	1.1615,8.9341,2.8634,1.8176,0.1688,0.1072,0.0278,0.0605,0.1255
bottle_schange_thr_epoch	Round_4_Replicate_94	-255616.08	511250.16	535595.12	379455.76	3.5204,9.097,3.5689,1.0134,0.0927,0.0999,0.0481,0.0993,0.0824
bottle_schange_thr_epoch	Round_4_Replicate_95	-294869.11	589756.22	639135.49	384149.89	1.1587,4.8996,4.6028,1.2286,0.162,0.1665,0.0423,0.0311,0.1688
bottle_schange_thr_epoch	Round_4_Replicate_96	-353967.87	707953.74	690097.57	345946.08	1.4541,3.962,3.5443,1.3471,0.181,0.3083,0.07,0.0324,0.1663
bottle_schange_thr_epoch	Round_4_Replicate_97	-369000.52	738019.04	692065.18	361003.99	1.1293,4.02,2.176,2.8978,0.1487,0.2274,0.0442,0.0598,0.1506
bottle_schange_thr_epoch	Round_4_Replicate_98	-254346.08	508710.16	534573.85	403568.36	3.362,4.7116,4.9506,1.3221,0.1332,0.1207,0.0273,0.0283,0.14
bottle_schange_thr_epoch	Round_4_Replicate_99	-351538.08	703094.16	690704.38	357874.79	2.3504,9.7787,2.2076,1.7943,0.1668,0.2484,0.0273,0.0602,0.1286
bottle_schange_thr_epoch	Round_4_Replicate_100	-296939.11	593896.22	610549.5	351535.41	2.5922,6.8804,2.1415,3.0017,0.1775,0.1106,0.0899,0.053,0.1137
