Model	Replicate	log-likelihood	AIC	chi-squared	theta	optimized_params(nu1i, nu2i, nu1m, nu2m, nu1f, nu2f, m12, m21, T1, T2, T3)
sec_contact_bottle_schange_thr_epoch	Round_1_Replicate_1	-1584967.27	3169956.54	8613943.99	133707.99	0.6547,0.2268,0.8531,3.7625,5.9529,0.6027,0.5777,0.4296,3.2206,0.2631,0.5446
sec_contact_bottle_schange_thr_epoch	Round_1_Replicate_2	-1943435.1	3886892.2	13942784.13	237010.79	2.871,0.3367,0.2816,4.773,0.5747,1.2182,0.7929,0.7334,0.1251,0.2171,0.6185
sec_contact_bottle_schange_thr_epoch	Round_1_Replicate_3	-938358.08	1876738.16	2644515.42	83501.66	0.9683,0.6913,1.9517,3.8064,6.6127,2.3159,0.7225,7.4184,0.408,6.1844,1.4142
sec_contact_bottle_schange_thr_epoch	Round_1_Replicate_4	-1040700.23	2081422.46	3147579.1	162385.89	0.2957,2.3796,1.2996,1.743,7.476,0.2148,0.4027,6.4112,5.7405,6.2269,0.4939
sec_contact_bottle_schange_thr_epoch	Round_1_Replicate_5	-2195953.1	4391928.2	18816337.79	228049.21	0.6294,4.969,0.5725,7.6869,0.251,0.3156,0.2585,1.4824,5.7597,1.9581,0.7066
sec_contact_bottle_schange_thr_epoch	Round_1_Replicate_6	-8361123.77	16722269.54	427278590591.51	64919.26	1.338,1.1888,4.1867,1.1427,6.6823,0.1872,0.4815,0.3026,1.4204,3.5872,4.6408
sec_contact_bottle_schange_thr_epoch	Round_1_Replicate_7	-1779109.87	3558241.74	9189366.14	227473.83	0.7415,5.8662,0.2452,7.4754,0.2005,0.2068,2.2555,0.2098,1.1279,0.7027,0.3295
sec_contact_bottle_schange_thr_epoch	Round_1_Replicate_8	-8923548.59	17847119.18	352717590082.05	109818.94	2.5526,4.7686,6.3996,0.2973,0.1666,6.353,0.5426,0.507,1.8308,2.5738,4.5171
sec_contact_bottle_schange_thr_epoch	Round_1_Replicate_9	-2323273.43	4646568.86	23791194.06	207193.58	5.1817,1.8528,0.3227,0.1595,5.2755,2.3248,1.385,2.9821,0.2438,0.575,0.6376
sec_contact_bottle_schange_thr_epoch	Round_1_Replicate_10	-5991261.18	11982544.36	13331532445.2	92110.15	0.3044,3.6246,1.3769,0.2028,6.2704,2.0813,3.951,0.9408,4.8786,5.7402,3.2278
sec_contact_bottle_schange_thr_epoch	Round_1_Replicate_11	-750108.63	1500239.26	1830309.72	353037.32	0.1508,0.1556,0.3539,0.4892,0.9015,1.8335,2.0002,0.3539,0.8836,2.601,0.1224
sec_contact_bottle_schange_thr_epoch	Round_1_Replicate_12	-5181029.86	10362081.72	6320402561541841.0	146205.16	0.1794,0.1439,0.3689,2.8228,0.1953,0.1611,0.1959,0.9655,7.5129,3.2606,5.3926
sec_contact_bottle_schange_thr_epoch	Round_1_Replicate_13	-2030285.72	4060593.44	1082169388624.05	34292.46	1.3727,1.9318,7.7056,0.1538,4.7398,0.2007,0.5291,0.1912,3.6448,0.204,5.6638
sec_contact_bottle_schange_thr_epoch	Round_1_Replicate_14	-4779966.38	9559954.76	1434059919.02	216715.95	0.4217,0.979,0.2477,1.1085,1.2231,0.6816,4.4899,7.6437,3.1773,2.7376,2.15
sec_contact_bottle_schange_thr_epoch	Round_1_Replicate_15	-693429.2	1386880.4	1861316.99	237489.71	3.1269,0.3168,2.8265,0.9631,0.8703,0.5603,3.9255,1.2731,0.1422,0.2306,0.3597
sec_contact_bottle_schange_thr_epoch	Round_2_Replicate_1	-653663.88	1307349.76	1892655.27	277804.79	0.7917,0.3301,5.7508,1.5373,0.2693,0.6632,5.7697,1.8463,0.1165,0.2788,0.4755
sec_contact_bottle_schange_thr_epoch	Round_2_Replicate_2	-794974.96	1589971.92	2447737.51	288756.35	1.9184,0.1624,5.1324,0.384,0.3682,1.249,4.0747,0.702,0.0504,0.1905,0.3456
sec_contact_bottle_schange_thr_epoch	Round_2_Replicate_3	-816341.84	1632705.68	2294661.77	196353.17	1.4452,0.4923,4.1675,2.3913,1.4961,0.2006,1.6399,2.6683,0.072,0.3355,0.3905
sec_contact_bottle_schange_thr_epoch	Round_2_Replicate_4	-1118264.94	2236551.88	4461638.38	192623.99	6.5894,0.1662,3.1558,3.2906,0.9653,0.9109,1.0914,1.3059,0.3894,0.109,0.3747
sec_contact_bottle_schange_thr_epoch	Round_2_Replicate_5	-805665.84	1611353.68	2624187.2	236120.11	6.9699,0.5697,1.0076,0.7885,1.1809,0.6327,2.7905,2.5042,0.3019,0.1002,0.4057
sec_contact_bottle_schange_thr_epoch	Round_2_Replicate_6	-818037.12	1636096.24	1933678.93	184192.97	11.3688,0.4044,3.3246,0.9823,2.4607,0.3794,5.5969,2.1635,0.1483,0.7399,0.2238
sec_contact_bottle_schange_thr_epoch	Round_2_Replicate_7	-1794031.4	3588084.8	12478870.43	133603.2	11.968,0.1233,5.8658,2.1435,2.9589,0.2751,1.7876,1.0261,0.3569,0.5803,0.9453
sec_contact_bottle_schange_thr_epoch	Round_2_Replicate_8	-551749.18	1103520.36	1677142.54	331302.93	3.0816,1.0159,5.1444,1.0681,0.235,0.246,8.4651,0.522,0.2359,0.3459,0.3431
sec_contact_bottle_schange_thr_epoch	Round_2_Replicate_9	-869340.3	1738702.6	2380932.38	147441.56	5.4449,0.5544,7.3412,3.651,1.4996,1.1885,6.5648,0.4642,0.087,0.3917,0.7263
sec_contact_bottle_schange_thr_epoch	Round_2_Replicate_10	-621846.31	1243714.62	1612172.34	231984.66	7.6623,0.3774,8.1157,1.0995,0.3521,0.8709,1.6754,0.7279,0.1398,0.3132,0.33
sec_contact_bottle_schange_thr_epoch	Round_2_Replicate_11	-1882760.1	3765542.2	393799676.67	183253.79	1.2528,0.4402,5.5233,2.7013,1.3325,1.3095,8.7718,0.8253,0.2912,0.4221,0.136
sec_contact_bottle_schange_thr_epoch	Round_2_Replicate_12	-1240686.13	2481394.26	3708919.2	204339.59	1.9905,0.1565,3.1789,0.3223,3.0086,0.1652,1.5593,0.8411,0.3328,0.4183,0.0931
sec_contact_bottle_schange_thr_epoch	Round_2_Replicate_13	-957165.53	1914353.06	2811264.02	190076.81	11.2387,0.4459,2.6376,0.8091,2.4025,0.5085,1.2744,0.7488,0.0624,0.2984,0.377
sec_contact_bottle_schange_thr_epoch	Round_2_Replicate_14	-1854057.75	3708137.5	16565386.66	171542.74	9.2784,0.2614,2.5782,0.4633,2.176,1.2859,16.2926,1.8939,0.0431,0.599,1.1554
sec_contact_bottle_schange_thr_epoch	Round_2_Replicate_15	-995231.01	1990484.02	3314195.68	260583.6	1.3731,0.2025,7.1586,3.7197,0.3083,1.7162,5.3576,0.6245,0.2037,0.1171,0.1661
sec_contact_bottle_schange_thr_epoch	Round_2_Replicate_16	-800891.42	1601804.84	2320679.36	210945.8	12.0453,0.148,6.5137,3.3621,0.2242,1.2099,2.4522,1.8605,0.0899,0.4256,0.2106
sec_contact_bottle_schange_thr_epoch	Round_2_Replicate_17	-1591850.82	3183723.64	10668824.19	236534.62	5.1158,0.092,5.5633,1.7667,0.3122,2.1531,1.6372,0.8679,0.406,0.0864,0.2222
sec_contact_bottle_schange_thr_epoch	Round_2_Replicate_18	-906312.8	1812647.6	2703931.18	169357.04	4.9703,0.9087,11.4461,3.3613,0.6213,1.9863,12.1885,1.3078,0.1459,0.1016,0.9679
sec_contact_bottle_schange_thr_epoch	Round_2_Replicate_19	-1552656.7	3105335.4	11704040.32	267364.62	3.3811,0.1468,3.6509,0.9083,0.5273,0.5659,14.6749,0.9723,0.0389,0.3466,1.0505
sec_contact_bottle_schange_thr_epoch	Round_2_Replicate_20	-890891.48	1781804.96	3264863.66	240427.84	0.8513,0.4903,1.019,1.453,1.2638,0.5237,15.3503,0.4263,0.0634,0.2056,0.621
sec_contact_bottle_schange_thr_epoch	Round_2_Replicate_21	-1256485.43	2512992.86	3641612.76	158364.21	1.0132,0.1711,8.3299,1.0723,2.9528,0.6028,3.575,0.8137,0.1502,0.3486,0.4316
sec_contact_bottle_schange_thr_epoch	Round_2_Replicate_22	-853060.01	1706142.02	3040876.21	276018.73	3.2935,0.1171,3.971,0.3372,0.3731,0.1945,2.1999,4.3582,0.3079,0.4285,0.2659
sec_contact_bottle_schange_thr_epoch	Round_2_Replicate_23	-1885869.56	3771761.12	14357240.82	195513.29	2.9591,0.3076,6.8507,0.6919,1.5415,0.1811,2.9038,0.5205,0.1676,0.2808,0.5915
sec_contact_bottle_schange_thr_epoch	Round_2_Replicate_24	-1084746.1	2169514.2	3917559.54	195225.03	5.1614,0.2022,2.6923,1.3813,2.6468,1.3723,2.4986,1.1995,0.086,0.1854,0.2109
sec_contact_bottle_schange_thr_epoch	Round_2_Replicate_25	-738033.85	1476089.7	2160140.67	304322.23	3.0516,0.2433,2.7353,0.6162,0.5139,0.6195,10.9515,0.8611,0.1906,0.0834,0.3115
sec_contact_bottle_schange_thr_epoch	Round_2_Replicate_26	-1286866.25	2573754.5	6560855.96	169414.87	3.4281,0.6235,5.4158,1.6176,1.7744,0.4113,1.5122,0.3273,0.0791,0.2443,0.846
sec_contact_bottle_schange_thr_epoch	Round_2_Replicate_27	-495232.63	990487.26	1123970.93	277811.69	0.8431,0.1692,4.6187,3.6742,0.4487,0.3234,2.3115,5.0697,0.2626,0.0925,0.2579
sec_contact_bottle_schange_thr_epoch	Round_2_Replicate_28	-595237.49	1190496.98	1275357.21	202309.54	3.1747,0.4821,0.8766,1.5589,2.1842,0.6555,6.5777,3.3118,0.2335,0.6493,0.2864
sec_contact_bottle_schange_thr_epoch	Round_2_Replicate_29	-1775067.97	3550157.94	15812369.16	158643.38	3.825,0.1944,1.6947,1.1104,2.2393,1.0559,5.7227,2.3712,0.2682,0.1391,1.3184
sec_contact_bottle_schange_thr_epoch	Round_2_Replicate_30	-625722.87	1251467.74	2004663.19	352325.47	3.989,0.3756,0.9271,1.1584,0.2719,0.1448,2.5202,1.2797,0.2531,0.5522,0.2453
sec_contact_bottle_schange_thr_epoch	Round_3_Replicate_1	-615839.92	1231701.84	1354765.29	263573.14	1.9292,0.3385,10.6255,2.9617,0.5899,0.1207,4.4922,4.6999,0.1235,0.0702,0.1703
sec_contact_bottle_schange_thr_epoch	Round_3_Replicate_2	-591485.97	1182993.94	1173156.63	330662.3	0.2802,0.2332,1.8473,13.2301,0.1735,0.3078,1.643,7.8598,0.0905,0.1835,0.2421
sec_contact_bottle_schange_thr_epoch	Round_3_Replicate_3	-492022.15	984066.3	909242.65	339943.96	0.5222,0.3339,3.1694,9.934,0.1385,0.3051,3.7967,16.0628,0.4973,0.0782,0.1783
sec_contact_bottle_schange_thr_epoch	Round_3_Replicate_4	-774749.98	1549521.96	2336819.2	281122.62	1.2345,0.1637,2.1301,3.7623,0.2067,0.616,2.1417,4.8341,0.866,0.0543,0.1608
sec_contact_bottle_schange_thr_epoch	Round_3_Replicate_5	-336130.15	672282.3	733109.21	324553.51	2.0362,0.1409,1.7115,1.6381,0.3707,0.1433,2.4055,20.1592,0.2138,0.0727,0.1822
sec_contact_bottle_schange_thr_epoch	Round_3_Replicate_6	-583387.68	1166797.36	1412819.6	248665.39	1.4079,0.2139,1.3732,10.9227,0.8204,0.1206,0.9508,1.2753,0.0796,0.3026,0.0991
sec_contact_bottle_schange_thr_epoch	Round_3_Replicate_7	-1052724.31	2105470.62	7076533.86	233255.46	0.3001,0.1466,5.8622,1.5555,1.1299,0.5739,3.5922,3.9018,0.0662,0.1748,0.1494
sec_contact_bottle_schange_thr_epoch	Round_3_Replicate_8	-546534.26	1093090.52	1065920.43	342926.25	0.2489,0.4125,2.6299,3.1056,0.2399,0.4972,0.615,13.4088,0.1006,0.0681,0.2154
sec_contact_bottle_schange_thr_epoch	Round_3_Replicate_9	-1259555.62	2519133.24	5794255.07	319961.13	0.2821,0.167,2.5792,0.9708,0.5428,0.1255,0.9916,1.5969,0.8833,0.1891,0.3523
sec_contact_bottle_schange_thr_epoch	Round_3_Replicate_10	-678051.46	1356124.92	1852369.98	315817.53	0.2499,0.2833,5.4396,3.3976,0.4722,0.2814,1.7307,15.4505,0.779,0.0638,0.3654
sec_contact_bottle_schange_thr_epoch	Round_3_Replicate_11	-667864.29	1335750.58	1676763.0	277713.79	0.6143,0.1852,6.868,2.2081,0.3781,0.8865,2.6702,4.9861,0.1367,0.0326,0.3188
sec_contact_bottle_schange_thr_epoch	Round_3_Replicate_12	-774746.82	1549515.64	2468851.35	273105.02	1.3064,0.1436,7.178,4.8448,0.3323,0.3114,1.2919,2.2337,0.336,0.0793,0.18
sec_contact_bottle_schange_thr_epoch	Round_3_Replicate_13	-589077.02	1178176.04	1692786.4	274643.43	0.5482,0.3509,14.5272,1.0556,0.3053,0.5267,4.7873,2.5096,0.4341,0.1582,0.3984
sec_contact_bottle_schange_thr_epoch	Round_3_Replicate_14	-764652.05	1529326.1	2119393.09	235794.89	3.3199,0.1731,16.7252,0.9396,0.5369,0.5252,4.5977,1.9655,0.1473,0.1801,0.3519
sec_contact_bottle_schange_thr_epoch	Round_3_Replicate_15	-664379.89	1328781.78	1370210.84	239617.75	0.2716,0.5242,12.255,3.969,0.9436,0.2882,4.448,1.3723,0.1384,0.0857,0.2342
sec_contact_bottle_schange_thr_epoch	Round_3_Replicate_16	-960625.02	1921272.04	3304937.89	235068.61	0.2615,0.3101,3.7303,2.6827,0.4024,1.1659,5.9546,3.515,0.0666,0.0923,0.775
sec_contact_bottle_schange_thr_epoch	Round_3_Replicate_17	-1109386.66	2218795.32	4896786.97	338102.46	0.981,0.0751,7.0393,4.1412,0.1787,0.3084,3.4926,4.738,0.0692,0.1861,0.7032
sec_contact_bottle_schange_thr_epoch	Round_3_Replicate_18	-894296.29	1788614.58	2762541.84	167959.67	2.3502,0.1363,9.1587,2.489,1.3501,0.5631,0.694,2.2718,0.1159,0.2577,0.5847
sec_contact_bottle_schange_thr_epoch	Round_3_Replicate_19	-585205.77	1170433.54	1809797.8	305678.03	0.4317,0.3515,6.183,3.3724,0.4809,0.1487,1.8052,14.9537,0.1585,0.0978,0.1317
sec_contact_bottle_schange_thr_epoch	Round_3_Replicate_20	-1558463.4	3116948.8	86911492.08	186996.28	0.5271,0.2922,3.754,8.2002,1.2619,0.5199,1.2832,5.3,0.7417,0.3205,0.1103
sec_contact_bottle_schange_thr_epoch	Round_3_Replicate_21	-1162218.14	2324458.28	5818266.41	289790.39	1.0953,0.2835,1.6262,14.5359,0.4127,0.3253,3.4254,1.2642,0.1082,0.0399,0.7766
sec_contact_bottle_schange_thr_epoch	Round_3_Replicate_22	-1483048.24	2966118.48	9361233.75	245137.86	3.2764,0.0902,3.198,1.9348,0.3426,0.8549,2.0325,1.842,0.5999,0.1138,0.7673
sec_contact_bottle_schange_thr_epoch	Round_3_Replicate_23	-1151151.89	2302325.78	5197024.36	298198.33	0.8277,0.1343,15.3029,0.9544,0.4938,0.1447,3.8106,2.469,0.0769,0.0287,0.3829
sec_contact_bottle_schange_thr_epoch	Round_3_Replicate_24	-466042.19	932106.38	1024729.67	320123.36	1.2676,0.058,2.3359,2.665,0.3258,0.3082,5.4973,6.3076,0.241,0.1043,0.2032
sec_contact_bottle_schange_thr_epoch	Round_3_Replicate_25	-1612679.5	3225381.0	9458402.43	362852.2	2.2982,0.6668,2.3572,2.2975,0.145,0.2577,1.1432,10.7524,0.472,0.059,0.644
sec_contact_bottle_schange_thr_epoch	Round_3_Replicate_26	-2745042.92	5490107.84	52935981.08	208007.12	0.6528,0.2316,3.2567,7.8445,1.649,0.11,2.629,1.9582,0.3892,0.0405,1.028
sec_contact_bottle_schange_thr_epoch	Round_3_Replicate_27	-838283.13	1676588.26	3015140.02	384380.89	2.4264,0.0413,5.5859,6.1181,0.1253,0.2448,5.2123,3.1405,0.2303,0.059,0.2027
sec_contact_bottle_schange_thr_epoch	Round_3_Replicate_28	-797835.06	1595692.12	2580237.71	316730.1	0.3346,0.0669,2.705,3.441,0.3722,0.3481,3.949,4.2357,0.3416,0.1782,0.1144
sec_contact_bottle_schange_thr_epoch	Round_3_Replicate_29	-1613544.92	3227111.84	11710863.78	307059.7	1.9823,0.1288,3.9744,1.0359,0.3464,0.2106,3.5927,14.6639,0.236,0.3113,0.7902
sec_contact_bottle_schange_thr_epoch	Round_3_Replicate_30	-828874.62	1657771.24	2478393.69	193286.58	2.6277,0.3328,11.6357,2.8886,1.1689,0.5106,2.0246,7.1133,0.07,0.0254,0.6317
sec_contact_bottle_schange_thr_epoch	Round_3_Replicate_31	-755861.02	1511744.04	2150176.92	214818.15	0.8964,0.3806,6.2167,1.7773,0.837,0.1801,0.8652,3.6111,0.0716,0.2741,0.1316
sec_contact_bottle_schange_thr_epoch	Round_3_Replicate_32	-1618399.75	3236821.5	12035792.42	296790.45	0.2954,0.0508,3.4726,8.4224,0.4075,0.3814,4.4099,1.9638,0.9101,0.0401,0.4862
sec_contact_bottle_schange_thr_epoch	Round_3_Replicate_33	-563374.74	1126771.48	1288141.69	209106.88	3.0001,0.0589,5.0429,6.4202,0.7086,0.1546,3.1335,4.8191,0.607,0.1656,0.2215
sec_contact_bottle_schange_thr_epoch	Round_3_Replicate_34	-334143.27	668308.54	638110.6	325013.89	0.7966,0.261,1.752,8.7371,0.2975,0.1691,2.9222,18.8319,0.5243,0.0433,0.1413
sec_contact_bottle_schange_thr_epoch	Round_3_Replicate_35	-603357.26	1206736.52	1379741.09	231091.78	2.4359,0.2087,1.3592,11.8031,1.6077,0.1068,2.1737,1.7571,0.2763,0.2969,0.1671
sec_contact_bottle_schange_thr_epoch	Round_3_Replicate_36	-1090888.17	2181798.34	5582636.59	256084.12	0.4425,0.0683,8.8991,2.2707,0.5657,0.3606,5.2461,3.9936,0.4725,0.1002,0.802
sec_contact_bottle_schange_thr_epoch	Round_3_Replicate_37	-1037905.23	2075832.46	3149124.4	195466.82	0.792,0.4877,10.1439,1.2883,1.7335,0.2368,2.0898,3.4896,0.1743,0.116,0.4179
sec_contact_bottle_schange_thr_epoch	Round_3_Replicate_38	-848750.41	1697522.82	2096175.31	278088.42	0.6259,0.5947,3.0553,10.0111,0.1479,0.9323,1.5008,11.6716,0.1327,0.1444,0.1612
sec_contact_bottle_schange_thr_epoch	Round_3_Replicate_39	-307021.64	614065.28	649429.47	356950.05	0.4612,0.0893,3.2092,1.187,0.1672,0.0865,2.0338,5.775,0.1007,0.2002,0.0896
sec_contact_bottle_schange_thr_epoch	Round_3_Replicate_40	-283021.88	566065.76	555850.23	294610.45	1.0142,0.5704,1.648,1.4727,0.2516,0.1521,0.9618,9.5829,0.8626,0.0967,0.1138
sec_contact_bottle_schange_thr_epoch	Round_3_Replicate_41	-507238.13	1014498.26	957017.76	293036.39	0.4594,0.3881,8.4938,1.5823,0.2222,0.6606,2.7885,4.5069,0.6845,0.0911,0.1302
sec_contact_bottle_schange_thr_epoch	Round_3_Replicate_42	-1834135.14	3668292.28	16278245.43	186409.29	3.0375,0.0579,6.3046,0.9725,1.3629,0.3113,2.7022,5.876,0.3014,0.1068,0.9794
sec_contact_bottle_schange_thr_epoch	Round_3_Replicate_43	-768471.41	1536964.82	1900996.06	174027.02	2.9693,0.6485,3.5633,1.924,1.3114,1.2716,7.7481,1.5586,0.1637,0.3649,0.5565
sec_contact_bottle_schange_thr_epoch	Round_3_Replicate_44	-586146.44	1172314.88	1177855.07	354446.26	0.4214,0.1131,5.387,2.4369,0.1828,1.2877,2.7765,10.647,0.0997,0.0232,0.1271
sec_contact_bottle_schange_thr_epoch	Round_3_Replicate_45	-739377.89	1478777.78	1784401.44	311451.51	0.4676,0.0793,4.307,2.4987,0.8869,0.237,2.7954,6.5265,0.1779,0.0582,0.1098
sec_contact_bottle_schange_thr_epoch	Round_3_Replicate_46	-762407.63	1524837.26	1928003.82	362908.08	0.2128,0.1543,11.8612,14.2756,0.4127,0.1966,4.5732,1.6466,0.1898,0.0845,0.0636
sec_contact_bottle_schange_thr_epoch	Round_3_Replicate_47	-692048.39	1384118.78	1769876.86	322508.93	0.2854,0.1479,1.2011,1.7564,0.7562,0.394,2.2432,1.8699,0.2926,0.1319,0.186
sec_contact_bottle_schange_thr_epoch	Round_3_Replicate_48	-496994.78	994011.56	1190154.55	309687.08	2.2069,0.3308,17.336,2.6101,0.2938,0.1255,7.1891,2.8405,0.1199,0.0418,0.1995
sec_contact_bottle_schange_thr_epoch	Round_3_Replicate_49	-1368398.4	2736818.8	6289502.28	319797.39	0.3855,0.1671,7.1101,2.7227,0.7762,0.9053,4.8393,2.6304,0.4897,0.0403,0.0862
sec_contact_bottle_schange_thr_epoch	Round_3_Replicate_50	-977972.19	1955966.38	3362713.34	346774.98	0.3792,0.5676,5.8075,3.5572,0.1431,0.4183,1.3767,6.1156,0.1266,0.0473,0.4888
sec_contact_bottle_schange_thr_epoch	Round_4_Replicate_1	-371714.59	743451.18	821251.63	311118.39	1.3613,0.7196,0.9294,2.7409,0.2069,0.1467,1.1174,5.901,0.6137,0.1037,0.1397
sec_contact_bottle_schange_thr_epoch	Round_4_Replicate_2	-320139.56	640301.12	641305.89	246544.42	1.2443,1.0257,1.7171,1.9625,0.2583,0.1788,1.5053,15.2363,1.2111,0.0536,0.1044
sec_contact_bottle_schange_thr_epoch	Round_4_Replicate_3	-289030.16	578082.32	605660.11	330587.45	1.4955,1.1278,0.9595,2.0025,0.1627,0.1098,0.8447,17.1453,1.1196,0.132,0.1393
sec_contact_bottle_schange_thr_epoch	Round_4_Replicate_4	-354134.88	708291.76	801514.6	380060.17	0.6146,0.6141,2.5595,1.0777,0.1691,0.1564,1.5329,19.8044,0.9952,0.0804,0.1652
sec_contact_bottle_schange_thr_epoch	Round_4_Replicate_5	-315538.41	631098.82	687076.33	478748.97	0.5228,0.3122,1.5709,1.0525,0.1446,0.1067,0.6303,20.848,0.8886,0.1671,0.1126
sec_contact_bottle_schange_thr_epoch	Round_4_Replicate_6	-351038.67	702099.34	705512.27	232751.76	1.5901,0.8441,2.137,1.2576,0.4821,0.1658,0.9061,5.8321,0.7765,0.1363,0.1122
sec_contact_bottle_schange_thr_epoch	Round_4_Replicate_7	-331890.4	663802.8	687437.02	256704.07	1.5649,0.6456,2.1297,1.43,0.1688,0.2555,1.1596,6.27,1.1011,0.1101,0.146
sec_contact_bottle_schange_thr_epoch	Round_4_Replicate_8	-286536.95	573095.9	624345.3	361449.02	0.6657,0.5003,2.6639,2.1985,0.1634,0.0905,1.4889,12.232,0.8684,0.0911,0.1372
sec_contact_bottle_schange_thr_epoch	Round_4_Replicate_9	-436265.55	872553.1	1163010.22	354687.56	1.1154,0.5782,1.536,1.4752,0.1522,0.0929,0.7898,11.4092,1.3059,0.1586,0.1862
sec_contact_bottle_schange_thr_epoch	Round_4_Replicate_10	-345679.72	691381.44	688839.25	232669.84	1.6153,0.6791,2.0344,1.2087,0.4606,0.1677,0.6864,5.515,0.8339,0.1245,0.101
sec_contact_bottle_schange_thr_epoch	Round_4_Replicate_11	-235451.83	470925.66	475355.18	350202.65	1.0616,0.4531,1.2436,1.2805,0.2181,0.0802,1.4182,12.9521,0.5103,0.101,0.096
sec_contact_bottle_schange_thr_epoch	Round_4_Replicate_12	-444262.64	888547.28	885619.62	305945.95	0.5751,0.923,1.0525,1.3593,0.1882,0.2163,0.7569,5.6177,0.9698,0.1516,0.0878
sec_contact_bottle_schange_thr_epoch	Round_4_Replicate_13	-279940.22	559902.44	551889.84	255259.48	1.4044,0.4107,2.5104,0.8241,0.2562,0.0967,0.5371,8.9847,1.0231,0.0946,0.0672
sec_contact_bottle_schange_thr_epoch	Round_4_Replicate_14	-223784.92	447591.84	431408.78	241169.72	1.5508,0.5477,1.6176,1.7442,0.3311,0.0718,1.5215,8.5372,1.3704,0.1208,0.0946
sec_contact_bottle_schange_thr_epoch	Round_4_Replicate_15	-280102.71	560227.42	558712.25	276290.42	1.5033,0.562,0.946,1.9992,0.4469,0.1049,0.6822,8.7308,0.8132,0.1244,0.1007
sec_contact_bottle_schange_thr_epoch	Round_4_Replicate_16	-353294.2	706610.4	665554.52	373541.32	0.5358,0.3513,1.5722,1.2421,0.1755,0.2621,1.8841,13.6945,0.515,0.0933,0.1263
sec_contact_bottle_schange_thr_epoch	Round_4_Replicate_17	-289927.15	579876.3	585984.79	268935.09	1.1339,0.99,3.1947,2.1838,0.3114,0.0896,1.3105,13.8124,0.9627,0.0687,0.1214
sec_contact_bottle_schange_thr_epoch	Round_4_Replicate_18	-330194.79	660411.58	772252.63	275121.65	1.0296,0.7799,2.3759,1.2685,0.2347,0.1135,0.5116,7.64,1.6449,0.1641,0.1545
sec_contact_bottle_schange_thr_epoch	Round_4_Replicate_19	-331927.19	663876.38	694971.4	244522.92	1.1238,0.7383,1.5929,1.0005,0.3705,0.2071,0.5516,6.9201,1.5813,0.128,0.1434
sec_contact_bottle_schange_thr_epoch	Round_4_Replicate_20	-296400.21	592822.42	596758.49	295585.03	1.6008,0.9159,0.8747,2.3544,0.4698,0.0989,1.471,8.1053,0.4616,0.1259,0.1137
sec_contact_bottle_schange_thr_epoch	Round_4_Replicate_21	-324126.69	648275.38	652775.0	264533.37	1.0805,0.8601,2.5322,2.3748,0.3563,0.0777,0.58,8.1734,0.8475,0.1143,0.0921
sec_contact_bottle_schange_thr_epoch	Round_4_Replicate_22	-321159.58	642341.16	740225.9	272569.82	1.6317,0.8417,1.6401,1.4135,0.3819,0.1076,0.7313,13.6367,1.0168,0.1079,0.1677
sec_contact_bottle_schange_thr_epoch	Round_4_Replicate_23	-256432.42	512886.84	497547.16	240387.54	1.5172,0.4831,1.6905,1.0799,0.278,0.2082,0.8393,8.3907,1.4065,0.1132,0.1214
sec_contact_bottle_schange_thr_epoch	Round_4_Replicate_24	-288582.55	577187.1	541201.57	273996.64	1.5268,0.6693,0.856,1.6225,0.289,0.2132,1.9568,19.1427,1.4082,0.1361,0.1425
sec_contact_bottle_schange_thr_epoch	Round_4_Replicate_25	-305090.31	610202.62	617640.24	382683.89	0.5958,0.5032,1.5255,1.4777,0.225,0.1222,1.025,16.1667,0.615,0.0939,0.1175
sec_contact_bottle_schange_thr_epoch	Round_4_Replicate_26	-245272.52	490567.04	517480.41	268455.57	1.9481,0.6264,1.1782,2.455,0.304,0.0811,1.0112,11.6243,0.9276,0.1611,0.0991
sec_contact_bottle_schange_thr_epoch	Round_4_Replicate_27	-302025.11	604072.22	586691.44	302051.87	1.0848,0.3127,2.8372,0.8279,0.2022,0.2609,1.3281,6.3615,0.5097,0.1203,0.1144
sec_contact_bottle_schange_thr_epoch	Round_4_Replicate_28	-417376.1	834774.2	818912.01	288505.24	1.8952,0.7219,0.9233,2.2079,0.2075,0.2713,0.5425,11.5738,0.585,0.0749,0.1449
sec_contact_bottle_schange_thr_epoch	Round_4_Replicate_29	-272901.69	545825.38	535242.45	258123.06	1.5818,0.3023,2.0184,0.8275,0.21,0.1691,1.12,6.4487,0.9579,0.0996,0.0725
sec_contact_bottle_schange_thr_epoch	Round_4_Replicate_30	-289314.3	578650.6	560664.95	348510.51	0.939,0.9894,0.9561,0.8952,0.1826,0.1489,0.7879,9.9422,0.6172,0.1644,0.0882
sec_contact_bottle_schange_thr_epoch	Round_4_Replicate_31	-382056.87	764135.74	772907.3	283379.95	1.3371,0.7803,1.138,1.6345,0.1938,0.2477,1.113,10.3057,0.9423,0.0869,0.1498
sec_contact_bottle_schange_thr_epoch	Round_4_Replicate_32	-344566.43	689154.86	681506.24	280334.9	0.5695,0.7684,1.1326,2.5668,0.3507,0.1111,1.1612,7.9352,1.6652,0.1104,0.1069
sec_contact_bottle_schange_thr_epoch	Round_4_Replicate_33	-280283.79	560589.58	570015.96	243509.37	1.6075,0.4133,1.1269,1.1677,0.2237,0.1994,0.7661,10.5502,1.3594,0.0767,0.0746
sec_contact_bottle_schange_thr_epoch	Round_4_Replicate_34	-379150.27	758322.54	808517.07	388835.49	0.6428,0.3415,1.3233,2.1963,0.3653,0.1376,0.5546,23.7214,1.1959,0.1676,0.1582
sec_contact_bottle_schange_thr_epoch	Round_4_Replicate_35	-330811.1	661644.2	787142.69	364904.15	1.0441,0.3869,1.3975,2.1913,0.2017,0.1117,0.6749,12.4839,0.5905,0.1473,0.1774
sec_contact_bottle_schange_thr_epoch	Round_4_Replicate_36	-310661.77	621345.54	593172.09	248741.51	0.9445,0.9995,2.0794,1.6292,0.2937,0.1992,1.5324,9.1649,1.3047,0.0793,0.12
sec_contact_bottle_schange_thr_epoch	Round_4_Replicate_37	-285720.78	571463.56	570911.71	317661.88	0.9735,0.4227,0.9874,0.9633,0.2732,0.151,0.8663,19.4306,1.5763,0.093,0.1238
sec_contact_bottle_schange_thr_epoch	Round_4_Replicate_38	-241403.5	482829.0	477264.12	325439.12	0.7937,0.3651,1.1856,0.8486,0.2264,0.0966,0.753,8.5399,1.3255,0.2007,0.0849
sec_contact_bottle_schange_thr_epoch	Round_4_Replicate_39	-267189.4	534400.8	537889.57	286196.11	1.1819,0.71,1.0888,2.1019,0.3338,0.1302,1.6941,16.8623,1.2465,0.0882,0.1535
sec_contact_bottle_schange_thr_epoch	Round_4_Replicate_40	-335463.49	670948.98	650225.46	346760.57	0.5726,0.7616,1.1487,0.9999,0.1757,0.1478,0.8335,6.5686,0.5786,0.1314,0.0712
sec_contact_bottle_schange_thr_epoch	Round_4_Replicate_41	-283628.33	567278.66	548457.18	308662.68	1.2792,0.2958,1.4021,0.9998,0.2008,0.2084,0.7029,7.9963,0.6277,0.1772,0.1161
sec_contact_bottle_schange_thr_epoch	Round_4_Replicate_42	-229263.23	458548.46	430577.25	221572.22	1.9381,0.2945,1.3256,0.8354,0.297,0.2092,1.8523,7.651,1.5906,0.1066,0.0866
sec_contact_bottle_schange_thr_epoch	Round_4_Replicate_43	-370013.15	740048.3	711123.67	278098.04	1.3117,0.6524,0.9019,2.2346,0.3013,0.2559,1.2659,18.07,0.9567,0.0714,0.1468
sec_contact_bottle_schange_thr_epoch	Round_4_Replicate_44	-403350.67	806723.34	917504.27	312200.97	0.6896,0.9009,1.9007,1.8408,0.4649,0.1297,0.987,13.9406,0.8664,0.0842,0.1859
sec_contact_bottle_schange_thr_epoch	Round_4_Replicate_45	-302470.44	604962.88	609336.99	327198.7	1.4222,0.3428,0.9143,2.211,0.2281,0.1452,0.8761,9.5739,0.571,0.1267,0.1386
sec_contact_bottle_schange_thr_epoch	Round_4_Replicate_46	-321607.25	643236.5	639385.0	374351.11	0.6989,0.5827,1.2459,1.325,0.1685,0.1494,0.5692,9.8291,0.5923,0.1977,0.1153
sec_contact_bottle_schange_thr_epoch	Round_4_Replicate_47	-310836.84	621695.68	619939.96	305470.08	1.3743,0.3225,1.0417,0.8454,0.4127,0.2158,0.6824,14.7774,0.5541,0.0803,0.1343
sec_contact_bottle_schange_thr_epoch	Round_4_Replicate_48	-328918.22	657858.44	695710.47	317649.43	0.6762,0.3325,1.5235,1.2162,0.2945,0.1585,0.6803,6.3395,0.9915,0.186,0.1436
sec_contact_bottle_schange_thr_epoch	Round_4_Replicate_49	-347228.44	694478.88	712077.94	265479.54	1.8177,0.8419,1.6666,0.8073,0.4137,0.0706,0.4993,10.3152,0.5952,0.0868,0.0702
sec_contact_bottle_schange_thr_epoch	Round_4_Replicate_50	-292506.63	585035.26	581929.97	261490.08	1.4338,1.0314,2.9003,0.8464,0.1458,0.229,0.5096,13.6585,1.4097,0.1171,0.1195
sec_contact_bottle_schange_thr_epoch	Round_4_Replicate_51	-350365.02	700752.04	724087.66	239185.95	1.2342,0.5606,2.8542,2.499,0.4225,0.2038,0.5187,7.5857,1.0052,0.1278,0.1715
sec_contact_bottle_schange_thr_epoch	Round_4_Replicate_52	-305399.82	610821.64	616508.75	281885.45	0.9373,0.7034,2.8584,1.1425,0.2753,0.1245,0.6016,10.8855,1.0309,0.0952,0.1025
sec_contact_bottle_schange_thr_epoch	Round_4_Replicate_53	-364306.34	728634.68	723411.71	288049.12	0.7359,0.5876,1.4125,0.8488,0.3861,0.22,0.9868,6.1001,0.9407,0.0875,0.0916
sec_contact_bottle_schange_thr_epoch	Round_4_Replicate_54	-380274.7	760571.4	940035.06	292295.0	0.798,0.2783,1.4519,1.8679,0.4737,0.1398,0.9483,13.7596,1.3752,0.1793,0.1176
sec_contact_bottle_schange_thr_epoch	Round_4_Replicate_55	-191333.35	382688.7	355662.88	284545.93	0.9327,0.3943,1.8986,1.8163,0.1805,0.073,1.6006,6.4127,1.2783,0.1612,0.0836
sec_contact_bottle_schange_thr_epoch	Round_4_Replicate_56	-218113.78	436249.56	404238.87	270473.46	0.9433,0.9778,1.0951,0.7888,0.2964,0.1022,1.6268,9.9424,1.5321,0.1018,0.081
sec_contact_bottle_schange_thr_epoch	Round_4_Replicate_57	-358402.61	716827.22	702690.86	320878.01	0.6171,0.5787,1.5614,1.3586,0.2366,0.2782,1.8953,10.126,0.6696,0.1111,0.1232
sec_contact_bottle_schange_thr_epoch	Round_4_Replicate_58	-327507.31	655036.62	639801.81	272144.27	1.124,1.0072,1.1742,1.7832,0.3224,0.1682,1.1032,6.2746,0.7452,0.104,0.1066
sec_contact_bottle_schange_thr_epoch	Round_4_Replicate_59	-366587.96	733197.92	766768.46	255955.53	0.9,0.7623,3.1039,1.5196,0.2297,0.2746,0.7483,11.5768,1.7309,0.1319,0.1566
sec_contact_bottle_schange_thr_epoch	Round_4_Replicate_60	-342899.02	685820.04	664660.36	341519.05	0.6669,0.3169,1.0257,1.3233,0.4877,0.101,0.4907,8.7835,0.5087,0.0884,0.0689
sec_contact_bottle_schange_thr_epoch	Round_4_Replicate_61	-224975.48	449972.96	434107.61	223727.46	1.6399,0.5308,2.1243,1.5026,0.1414,0.0944,1.6633,5.7741,1.6982,0.0947,0.0609
sec_contact_bottle_schange_thr_epoch	Round_4_Replicate_62	-338354.45	676730.9	699209.15	251027.11	1.9996,0.4512,2.277,0.9472,0.412,0.1223,1.5381,9.4754,0.7166,0.1148,0.1286
sec_contact_bottle_schange_thr_epoch	Round_4_Replicate_63	-453052.24	906126.48	919016.92	309604.84	0.6335,0.2948,3.4288,2.3852,0.1412,0.2662,0.7594,10.8016,1.3521,0.1293,0.1594
sec_contact_bottle_schange_thr_epoch	Round_4_Replicate_64	-278546.18	557114.36	567520.59	242318.27	1.7588,0.2956,2.7194,0.8671,0.3233,0.1907,0.7518,15.4902,1.1393,0.0804,0.1327
sec_contact_bottle_schange_thr_epoch	Round_4_Replicate_65	-351088.56	702199.12	848808.25	410673.74	0.6389,0.3594,3.193,2.0811,0.1635,0.0957,0.753,23.2777,0.9663,0.0785,0.1625
sec_contact_bottle_schange_thr_epoch	Round_4_Replicate_66	-227541.33	455104.66	460819.43	227996.2	1.7421,0.618,2.5703,1.0919,0.1952,0.1281,0.8053,15.7499,1.7613,0.0676,0.1032
sec_contact_bottle_schange_thr_epoch	Round_4_Replicate_67	-305927.42	611876.84	620101.04	259634.5	1.2713,0.9321,1.5961,1.032,0.4259,0.2019,0.9398,12.5543,1.1462,0.1144,0.1567
sec_contact_bottle_schange_thr_epoch	Round_4_Replicate_68	-261237.42	522496.84	499327.21	334312.57	1.2606,0.664,0.8638,0.9799,0.1984,0.1395,0.9746,12.5198,0.732,0.1435,0.0949
sec_contact_bottle_schange_thr_epoch	Round_4_Replicate_69	-290886.55	581795.1	588866.32	222621.94	1.6818,0.4075,2.8494,2.5157,0.4274,0.2036,1.5651,8.8185,1.1882,0.1471,0.2149
sec_contact_bottle_schange_thr_epoch	Round_4_Replicate_70	-384475.48	768972.96	987633.24	311722.46	1.3363,0.5805,2.9452,1.9011,0.1651,0.1247,0.5006,6.521,0.6813,0.1097,0.1686
sec_contact_bottle_schange_thr_epoch	Round_4_Replicate_71	-237612.75	475247.5	443447.18	301022.24	1.2556,0.3723,1.4382,2.3282,0.1295,0.1057,1.4285,9.0976,0.9546,0.1109,0.0868
sec_contact_bottle_schange_thr_epoch	Round_4_Replicate_72	-352366.64	704755.28	737044.08	301522.06	0.67,0.7964,2.4695,1.2377,0.3699,0.1027,0.8563,12.6734,1.4345,0.1176,0.1333
sec_contact_bottle_schange_thr_epoch	Round_4_Replicate_73	-425680.23	851382.46	906810.44	294310.12	0.6735,0.6742,1.6414,1.5294,0.2239,0.1989,0.6931,12.5354,1.4962,0.0895,0.1115
sec_contact_bottle_schange_thr_epoch	Round_4_Replicate_74	-280754.95	561531.9	537780.98	353845.36	1.1204,0.84,0.8839,0.8575,0.156,0.1672,1.2575,11.522,0.7603,0.1924,0.1102
sec_contact_bottle_schange_thr_epoch	Round_4_Replicate_75	-258246.73	516515.46	550173.66	300536.82	1.8498,0.6452,2.0855,0.9667,0.1456,0.088,0.9483,6.0699,0.5026,0.1246,0.0816
sec_contact_bottle_schange_thr_epoch	Round_4_Replicate_76	-289540.65	579103.3	624021.95	289851.84	1.5458,0.5832,1.2983,1.5142,0.268,0.1452,1.3213,7.4348,0.7331,0.1141,0.1435
sec_contact_bottle_schange_thr_epoch	Round_4_Replicate_77	-264272.21	528566.42	524019.43	308641.59	1.1873,0.8481,1.1732,1.3381,0.2606,0.1167,1.2789,10.448,0.6283,0.1045,0.1011
sec_contact_bottle_schange_thr_epoch	Round_4_Replicate_78	-369797.08	739616.16	731396.04	334694.4	0.7006,1.0354,1.2989,1.9908,0.1644,0.1371,1.3907,16.5488,0.9423,0.0684,0.1037
sec_contact_bottle_schange_thr_epoch	Round_4_Replicate_79	-349492.98	699007.96	698075.17	354371.0	0.6174,0.7411,1.3017,1.3651,0.2169,0.1896,1.7632,17.8733,0.7442,0.0809,0.1172
sec_contact_bottle_schange_thr_epoch	Round_4_Replicate_80	-311085.45	622192.9	645980.31	302433.47	0.9534,1.108,1.5993,2.9588,0.381,0.1211,1.6111,18.8495,0.8643,0.0903,0.1651
sec_contact_bottle_schange_thr_epoch	Round_4_Replicate_81	-340751.16	681524.32	677894.11	291876.93	0.5723,0.6657,2.3077,1.8442,0.4584,0.1407,1.6417,11.899,1.2032,0.1106,0.1643
sec_contact_bottle_schange_thr_epoch	Round_4_Replicate_82	-253573.07	507168.14	509815.73	387781.71	0.6364,0.6366,1.0202,0.91,0.1574,0.093,1.0009,6.8847,0.4387,0.1854,0.0825
sec_contact_bottle_schange_thr_epoch	Round_4_Replicate_83	-310102.89	620227.78	608687.61	246341.17	1.9091,0.6463,3.2476,2.7418,0.1763,0.2174,0.7046,14.8118,1.2554,0.1472,0.1866
sec_contact_bottle_schange_thr_epoch	Round_4_Replicate_84	-264545.06	529112.12	526367.4	330476.48	0.5616,0.703,2.0552,1.9189,0.2455,0.0827,1.6094,9.0424,0.9223,0.1328,0.1139
sec_contact_bottle_schange_thr_epoch	Round_4_Replicate_85	-354591.6	709205.2	705057.52	303510.01	0.5597,0.6384,2.9182,1.9488,0.1773,0.198,0.9513,6.0782,0.9029,0.1741,0.1308
sec_contact_bottle_schange_thr_epoch	Round_4_Replicate_86	-342960.58	685943.16	748303.91	242821.96	1.8862,1.0428,2.319,1.1561,0.2999,0.2289,0.7067,10.5727,0.8597,0.0646,0.1479
sec_contact_bottle_schange_thr_epoch	Round_4_Replicate_87	-323671.53	647365.06	744164.18	288970.39	0.8991,0.5007,1.4754,0.8657,0.3316,0.1143,1.0262,7.6734,1.6294,0.1804,0.1584
sec_contact_bottle_schange_thr_epoch	Round_4_Replicate_88	-321285.57	642593.14	764833.55	364641.4	0.8737,0.3214,1.2839,0.8371,0.2111,0.0976,1.5947,11.8606,0.9206,0.1155,0.144
sec_contact_bottle_schange_thr_epoch	Round_4_Replicate_89	-376299.25	752620.5	815226.56	312152.2	0.5426,0.4765,2.9232,2.3533,0.1711,0.122,0.9143,10.7221,1.3389,0.0852,0.0819
sec_contact_bottle_schange_thr_epoch	Round_4_Replicate_90	-266327.21	532676.42	543326.22	269538.79	1.2367,0.7377,2.9337,1.7903,0.2557,0.0623,0.7993,15.3152,1.2164,0.0686,0.0943
sec_contact_bottle_schange_thr_epoch	Round_4_Replicate_91	-245067.79	490157.58	471757.02	352579.66	0.5919,0.6088,1.019,1.1839,0.2592,0.0824,1.8279,5.966,0.5122,0.1692,0.0849
sec_contact_bottle_schange_thr_epoch	Round_4_Replicate_92	-265792.7	531607.4	524364.45	332222.46	1.2357,0.3842,0.9766,0.9798,0.2388,0.1353,0.5795,7.5273,0.5238,0.173,0.0984
sec_contact_bottle_schange_thr_epoch	Round_4_Replicate_93	-349201.38	698424.76	666285.62	293269.48	0.6865,1.038,2.1043,0.7516,0.4505,0.1203,1.8564,5.9708,0.5618,0.0721,0.0839
sec_contact_bottle_schange_thr_epoch	Round_4_Replicate_94	-315630.88	631283.76	655612.83	261783.73	1.7503,0.2796,1.4323,2.8796,0.1886,0.1657,0.5714,8.236,1.2218,0.1087,0.144
sec_contact_bottle_schange_thr_epoch	Round_4_Replicate_95	-266438.74	532899.48	530378.29	261039.25	1.5301,0.6283,1.5091,1.5219,0.239,0.1749,1.0313,15.3124,1.4998,0.1058,0.155
sec_contact_bottle_schange_thr_epoch	Round_4_Replicate_96	-344593.91	689209.82	653417.84	290207.28	1.2073,0.7981,1.8338,1.3468,0.1357,0.2383,0.8821,6.4616,0.668,0.1607,0.1091
sec_contact_bottle_schange_thr_epoch	Round_4_Replicate_97	-282896.58	565815.16	525184.65	365328.07	1.4911,1.0171,0.9074,2.0281,0.1675,0.1471,1.8227,22.7,0.4532,0.1912,0.1277
sec_contact_bottle_schange_thr_epoch	Round_4_Replicate_98	-384682.41	769386.82	774621.24	293169.02	0.9805,0.9095,0.9888,1.2109,0.4252,0.2763,0.5964,18.8131,1.6547,0.1205,0.1656
sec_contact_bottle_schange_thr_epoch	Round_4_Replicate_99	-332358.92	664739.84	679823.14	271302.93	1.8782,0.4038,0.9977,2.8508,0.3342,0.1509,0.8765,5.2305,0.6413,0.1075,0.1007
sec_contact_bottle_schange_thr_epoch	Round_4_Replicate_100	-266466.58	532955.16	529257.15	320038.65	0.7808,0.5617,2.3306,1.1492,0.1227,0.0834,0.5336,5.4682,0.6952,0.1547,0.0628
