Model	Replicate	log-likelihood	AIC	chi-squared	theta	optimized_params(nu1i, nu2i, nu1m, nu2m, nu1f, nu2f, m12, m21, T1, T2, T3)
sec_contact_bottle_schange_thr_epoch	Round_1_Replicate_1	-627989.82	1256001.64	1346672.74	226974.76	7.2228,1.432,0.7596,0.5159,5.695,0.3134,1.2452,1.9315,0.4341,0.4256,0.1697
sec_contact_bottle_schange_thr_epoch	Round_1_Replicate_2	-2935689.38	5871400.76	46297386.61	200312.7	1.6207,0.554,3.2916,0.7744,0.1938,4.0872,2.0383,0.1624,1.1859,0.1445,1.0767
sec_contact_bottle_schange_thr_epoch	Round_1_Replicate_3	-1973484.3	3946990.6	7709531.18	105408.74	0.934,0.195,0.559,5.2974,0.2523,7.589,2.7241,1.4105,4.7105,2.4486,0.6251
sec_contact_bottle_schange_thr_epoch	Round_1_Replicate_4	-9073457.67	18146937.34	3625121032301.72	194742.85	0.7194,1.324,1.755,0.1476,0.4913,0.9988,0.7012,0.2447,0.3112,1.3659,3.1876
sec_contact_bottle_schange_thr_epoch	Round_1_Replicate_5	-5192796.41	10385614.82	1247971306.81	180234.5	4.1627,0.901,0.5223,2.1719,0.2944,1.2187,5.7363,1.0296,3.5343,0.3864,2.3243
sec_contact_bottle_schange_thr_epoch	Round_1_Replicate_6	-3588892.01	7177806.02	90957408.75	124949.13	1.0246,0.5152,1.1956,4.0486,0.2811,1.5806,1.0203,0.3836,0.8551,4.8723,2.0489
sec_contact_bottle_schange_thr_epoch	Round_1_Replicate_7	-1341539.01	2683100.02	4175806.58	207481.44	0.5,2.2559,0.5188,1.8961,0.6185,4.4547,0.1903,1.6327,0.6051,0.8444,0.2678
sec_contact_bottle_schange_thr_epoch	Round_1_Replicate_8	-1215706.86	2431435.72	4602317.55	106087.04	1.5268,0.1944,0.9594,0.4348,2.063,5.1269,0.7726,0.8603,6.2048,0.4827,0.7982
sec_contact_bottle_schange_thr_epoch	Round_1_Replicate_9	-3162950.72	6325923.44	75044581.4	99712.22	0.22,0.213,3.6675,0.4008,7.6426,1.5477,0.2049,0.6022,2.0573,0.2653,1.2806
sec_contact_bottle_schange_thr_epoch	Round_1_Replicate_10	-4722622.63	9445267.26	515374893.62	226656.75	2.0295,0.3389,0.4911,4.8364,0.4437,0.1592,2.7636,0.845,5.8756,0.8638,1.7962
sec_contact_bottle_schange_thr_epoch	Round_1_Replicate_11	-6437986.13	12875994.26	20862072817.25	152264.87	0.4855,0.589,0.2012,0.3756,0.9639,4.3406,0.2279,0.6302,0.1249,0.1656,2.4124
sec_contact_bottle_schange_thr_epoch	Round_1_Replicate_12	-8302831.63	16605685.26	552931420296.28	112862.26	2.5818,0.1483,0.2313,2.8826,0.5526,2.3766,0.4365,1.1067,3.8043,0.7746,3.8285
sec_contact_bottle_schange_thr_epoch	Round_1_Replicate_13	-7868762.41	15737546.82	148807936288.09	151076.74	5.3091,0.7735,0.537,0.2771,0.3248,5.8759,0.2411,2.6511,0.2414,1.4549,3.0612
sec_contact_bottle_schange_thr_epoch	Round_1_Replicate_14	-3109570.37	6219162.74	99671636.09	135314.59	6.6232,0.2422,0.9505,0.3154,1.7281,1.0049,2.8641,0.305,4.0078,0.1589,1.1625
sec_contact_bottle_schange_thr_epoch	Round_1_Replicate_15	-1226476.96	2452975.92	3246986.71	237543.36	5.7613,0.3226,0.2658,3.5698,0.4413,1.6357,4.3039,0.3776,1.2245,0.7025,0.1744
sec_contact_bottle_schange_thr_epoch	Round_2_Replicate_1	-1327150.85	2654323.7	5764066.41	149713.8	16.9242,1.1923,2.6221,1.9113,3.0418,0.1753,0.9953,0.4972,0.709,0.1944,0.4477
sec_contact_bottle_schange_thr_epoch	Round_2_Replicate_2	-758424.95	1516871.9	1701237.14	189103.91	6.6192,5.4863,1.6131,0.8795,2.5773,1.1984,2.927,0.562,0.171,0.4055,0.2534
sec_contact_bottle_schange_thr_epoch	Round_2_Replicate_3	-549561.15	1099144.3	1235898.69	274177.42	3.4324,0.7156,0.5765,1.4586,2.0702,0.3083,3.7991,3.5377,0.1409,0.1379,0.1319
sec_contact_bottle_schange_thr_epoch	Round_2_Replicate_4	-611978.71	1223979.42	1314368.12	297311.83	10.3931,4.3928,0.3444,0.404,3.7975,0.6715,1.6075,0.5279,0.1755,0.1824,0.1227
sec_contact_bottle_schange_thr_epoch	Round_2_Replicate_5	-1450127.19	2900276.38	6764132.79	297642.72	11.3849,0.4331,0.2018,1.2897,6.4748,0.1186,0.846,0.6763,0.1201,0.1144,0.3056
sec_contact_bottle_schange_thr_epoch	Round_2_Replicate_6	-1123942.62	2247907.24	4107983.59	190352.71	18.207,1.5747,2.0264,0.2851,15.9879,0.9134,1.8327,0.6812,0.6741,0.584,0.0422
sec_contact_bottle_schange_thr_epoch	Round_2_Replicate_7	-350799.87	701621.74	863430.38	198910.86	27.368,0.9222,0.5658,0.8239,1.9437,0.1943,4.584,7.608,1.3963,0.3156,0.0984
sec_contact_bottle_schange_thr_epoch	Round_2_Replicate_8	-608292.25	1216606.5	1348281.57	221416.32	19.9668,0.4837,0.8578,1.8591,1.8189,0.6104,2.2658,6.7669,0.1063,0.7066,0.2471
sec_contact_bottle_schange_thr_epoch	Round_2_Replicate_9	-959052.75	1918127.5	2504951.28	138472.5	3.5369,1.0285,2.4662,0.6558,7.9601,0.3051,1.0663,0.9552,0.7891,1.0583,0.2563
sec_contact_bottle_schange_thr_epoch	Round_2_Replicate_10	-1159764.27	2319550.54	4218376.73	338544.66	1.8525,1.3323,0.3998,0.2919,3.1574,0.2844,0.3811,1.1994,0.2707,1.1189,0.152
sec_contact_bottle_schange_thr_epoch	Round_2_Replicate_11	-2224306.32	4448634.64	19369786.52	454189.07	23.479,2.3284,0.2321,0.146,1.7373,0.1191,0.4695,0.5834,0.2604,0.5314,0.1351
sec_contact_bottle_schange_thr_epoch	Round_2_Replicate_12	-3391182.66	6782387.32	85443185.55	320612.51	4.6161,1.0304,0.221,0.1728,10.6728,0.0954,3.9654,1.3258,0.4382,0.6565,0.372
sec_contact_bottle_schange_thr_epoch	Round_2_Replicate_13	-357240.03	714502.06	656839.21	315110.52	12.9077,2.9216,0.3169,0.3308,13.5253,0.1953,1.8418,1.3758,0.4314,0.2025,0.0421
sec_contact_bottle_schange_thr_epoch	Round_2_Replicate_14	-667889.58	1335801.16	1452085.17	225655.17	2.6012,3.3302,1.3215,0.4967,9.3138,0.1066,2.246,6.5897,0.1378,0.8257,0.0881
sec_contact_bottle_schange_thr_epoch	Round_2_Replicate_15	-340704.3	681430.6	605813.75	379806.04	5.1503,2.8021,0.2814,0.5767,1.708,0.1138,2.9848,5.0649,0.156,0.2127,0.0699
sec_contact_bottle_schange_thr_epoch	Round_2_Replicate_16	-351484.21	702990.42	619905.51	347758.0	21.8476,0.7187,0.3733,0.5012,2.8486,0.1074,1.0611,5.0712,0.8184,0.5797,0.0593
sec_contact_bottle_schange_thr_epoch	Round_2_Replicate_17	-727637.14	1455296.28	1897719.92	167934.46	6.0121,1.6734,1.6876,0.4669,5.2538,0.2277,1.475,0.7112,1.2982,0.6476,0.0668
sec_contact_bottle_schange_thr_epoch	Round_2_Replicate_18	-755598.03	1511218.06	1940698.18	237475.89	2.9008,1.7952,1.4635,0.2604,4.9955,0.351,2.3314,3.7447,0.1613,0.9451,0.0726
sec_contact_bottle_schange_thr_epoch	Round_2_Replicate_19	-535305.68	1070633.36	1153980.48	166057.3	14.7228,2.0078,2.1025,1.7043,1.5184,0.1836,1.0723,0.5154,0.2935,0.9398,0.1145
sec_contact_bottle_schange_thr_epoch	Round_2_Replicate_20	-1757143.32	3514308.64	9432958.61	145516.91	11.4286,0.4763,1.5625,0.7427,10.4313,0.3173,3.8692,1.2247,0.4992,0.1898,0.6024
sec_contact_bottle_schange_thr_epoch	Round_2_Replicate_21	-684082.33	1368186.66	1595332.99	196812.8	12.0025,0.4065,1.3957,0.4094,14.0521,0.6499,1.0462,1.1049,0.4592,1.639,0.07
sec_contact_bottle_schange_thr_epoch	Round_2_Replicate_22	-2054528.36	4109078.72	17569679.09	124661.28	24.9669,0.9971,2.7974,0.3654,3.5086,0.4402,1.0576,0.6268,1.2064,0.1838,0.6057
sec_contact_bottle_schange_thr_epoch	Round_2_Replicate_23	-880164.53	1760351.06	2249777.07	306608.57	11.2771,0.5351,0.5447,0.1887,5.3031,0.909,2.5476,1.3497,0.1193,0.2391,0.1189
sec_contact_bottle_schange_thr_epoch	Round_2_Replicate_24	-646396.24	1292814.48	1550849.84	357981.08	13.6775,1.8566,0.2881,0.5045,1.4715,0.3268,0.6684,2.0117,0.194,0.3518,0.1088
sec_contact_bottle_schange_thr_epoch	Round_2_Replicate_25	-774783.05	1549588.1	1656308.48	321042.47	25.8582,1.5187,0.2415,1.6268,3.1269,0.2934,1.3636,3.16,0.1736,0.4711,0.0752
sec_contact_bottle_schange_thr_epoch	Round_2_Replicate_26	-955162.5	1910347.0	2734419.35	252459.04	10.4711,2.6288,1.6753,0.2339,1.8668,0.1427,4.7492,2.3652,1.0728,0.7164,0.1086
sec_contact_bottle_schange_thr_epoch	Round_2_Replicate_27	-749196.87	1498415.74	2218205.5	313666.44	4.8663,3.5177,0.5239,0.4265,1.4763,0.1856,2.1142,1.0067,0.185,0.2545,0.1881
sec_contact_bottle_schange_thr_epoch	Round_2_Replicate_28	-1085986.17	2171994.34	3471805.33	219672.67	2.0816,2.627,0.6052,0.1793,7.243,0.5181,4.3397,2.2356,1.026,0.2713,0.2319
sec_contact_bottle_schange_thr_epoch	Round_2_Replicate_29	-1331536.42	2663094.84	5177041.44	175810.17	13.6509,2.2914,0.531,0.2044,14.2008,0.5827,1.9329,0.6623,1.657,0.3017,0.2524
sec_contact_bottle_schange_thr_epoch	Round_2_Replicate_30	-628364.47	1256750.94	1481975.16	281275.8	3.2561,1.32,0.5773,0.4678,2.9316,0.1655,2.1822,2.9669,0.2809,0.2393,0.1618
sec_contact_bottle_schange_thr_epoch	Round_3_Replicate_1	-486982.06	973986.12	941893.89	354878.06	4.8545,11.3461,0.3071,1.4733,0.8384,0.2527,1.3974,7.2236,0.0691,0.1431,0.1341
sec_contact_bottle_schange_thr_epoch	Round_3_Replicate_2	-753403.21	1506828.42	2607341.69	221692.78	2.756,5.7639,0.3058,1.0687,5.6119,0.3941,1.9294,3.2074,0.4892,0.0664,0.0344
sec_contact_bottle_schange_thr_epoch	Round_3_Replicate_3	-430127.64	860277.28	1092535.67	268732.27	3.0165,6.787,0.4847,1.9592,2.4725,0.0417,3.4979,1.5222,0.2678,0.1614,0.0368
sec_contact_bottle_schange_thr_epoch	Round_3_Replicate_4	-1452230.77	2904483.54	5802487.72	606043.66	1.9622,5.1027,0.1157,0.3455,6.0633,0.0588,1.0237,2.2734,0.0549,0.7795,0.0955
sec_contact_bottle_schange_thr_epoch	Round_3_Replicate_5	-604869.31	1209760.62	1428573.4	340431.36	1.4007,9.5779,0.1686,1.4132,0.6134,0.1565,3.3327,1.3303,0.2842,0.1365,0.1057
sec_contact_bottle_schange_thr_epoch	Round_3_Replicate_6	-495967.99	991957.98	1423394.14	328229.17	7.8742,9.5336,0.4471,0.9788,0.9309,0.2593,8.6082,11.1626,0.0622,0.0676,0.0968
sec_contact_bottle_schange_thr_epoch	Round_3_Replicate_7	-572231.65	1144485.3	1170650.46	270148.4	12.9677,8.0207,0.7106,0.4915,4.7252,0.1903,2.0994,6.1556,0.1427,0.1023,0.1042
sec_contact_bottle_schange_thr_epoch	Round_3_Replicate_8	-444090.17	888202.34	1315301.36	291094.72	3.2337,4.3966,0.7722,0.8904,1.2778,0.0357,2.0705,4.6759,0.1578,0.6974,0.0264
sec_contact_bottle_schange_thr_epoch	Round_3_Replicate_9	-1066451.79	2132925.58	3381142.86	408164.02	18.2669,1.9274,0.3143,0.7031,3.7614,0.0456,3.0945,13.9965,0.058,0.3257,0.1647
sec_contact_bottle_schange_thr_epoch	Round_3_Replicate_10	-679645.36	1359312.72	3974922.59	306275.46	10.7621,2.636,0.7852,0.7286,1.8652,0.1265,1.9032,7.335,0.0463,0.4379,0.0391
sec_contact_bottle_schange_thr_epoch	Round_3_Replicate_11	-578718.18	1157458.36	1237541.68	299144.77	1.5137,5.1929,0.7498,0.7293,2.061,0.1328,8.4136,1.2745,0.0586,0.0675,0.1555
sec_contact_bottle_schange_thr_epoch	Round_3_Replicate_12	-574809.17	1149640.34	1282946.72	239234.73	6.3702,0.9898,1.0508,0.7081,1.9776,0.0982,7.443,5.6937,0.5391,0.4518,0.1453
sec_contact_bottle_schange_thr_epoch	Round_3_Replicate_13	-1074725.9	2149473.8	3649030.01	330436.5	1.6639,2.1946,0.4427,0.2694,3.1846,0.1703,1.5357,8.2552,0.3905,0.5129,0.2357
sec_contact_bottle_schange_thr_epoch	Round_3_Replicate_14	-690448.63	1380919.26	1711426.01	625465.13	5.9844,9.774,0.5192,0.1671,0.7683,0.0372,11.0695,5.5328,0.2825,0.8358,0.0371
sec_contact_bottle_schange_thr_epoch	Round_3_Replicate_15	-1055385.18	2110792.36	2704697.52	377199.33	2.9336,1.4159,0.1015,2.311,1.3047,0.1772,1.7542,6.2332,0.4017,0.1963,0.0625
sec_contact_bottle_schange_thr_epoch	Round_3_Replicate_16	-1102210.99	2204443.98	3785506.47	723047.15	15.5863,5.3412,0.1186,0.154,1.0353,0.0594,1.7577,3.3393,0.5554,0.5268,0.0754
sec_contact_bottle_schange_thr_epoch	Round_3_Replicate_17	-1515106.43	3030234.86	7749055.31	753655.17	4.9126,9.2775,0.0969,0.3247,0.7727,0.0492,1.01,2.8207,0.2754,0.5974,0.097
sec_contact_bottle_schange_thr_epoch	Round_3_Replicate_18	-375088.26	750198.52	692734.3	449799.86	13.1909,1.1489,0.0885,0.1991,3.034,0.1721,13.2345,10.9535,0.2083,0.0699,0.0659
sec_contact_bottle_schange_thr_epoch	Round_3_Replicate_19	-1172008.44	2344038.88	3873489.86	497341.0	3.2219,0.8912,0.3892,0.2174,3.3519,0.0474,10.3295,5.332,0.0915,0.8491,0.1059
sec_contact_bottle_schange_thr_epoch	Round_3_Replicate_20	-900737.94	1801497.88	2996221.88	546271.65	5.2521,10.5823,0.1707,0.5272,1.1964,0.0973,7.6307,13.3424,0.1032,0.5474,0.1884
sec_contact_bottle_schange_thr_epoch	Round_3_Replicate_21	-744167.04	1488356.08	2021903.17	367195.36	2.2789,1.3156,0.24,1.3012,0.5551,0.3301,3.0913,3.7224,0.0657,0.4889,0.2152
sec_contact_bottle_schange_thr_epoch	Round_3_Replicate_22	-461399.56	922821.12	1025790.23	351409.04	3.2062,0.9135,0.1853,0.6894,1.1116,0.2167,1.829,6.9226,0.2332,0.0489,0.123
sec_contact_bottle_schange_thr_epoch	Round_3_Replicate_23	-1283089.39	2566200.78	4756735.22	354231.69	2.1658,3.7355,0.313,0.2416,6.6683,0.0496,1.5964,6.2214,0.0896,0.0801,0.1404
sec_contact_bottle_schange_thr_epoch	Round_3_Replicate_24	-303223.76	606469.52	579513.55	375371.93	2.0236,9.6892,0.2449,1.2472,0.6099,0.0924,10.5116,2.3852,0.0852,0.0515,0.0721
sec_contact_bottle_schange_thr_epoch	Round_3_Replicate_25	-1445717.74	2891457.48	5760723.97	278343.66	17.0005,4.3883,0.9177,0.2784,6.1027,0.0555,1.4329,1.4207,0.0694,0.1078,0.1514
sec_contact_bottle_schange_thr_epoch	Round_3_Replicate_26	-646065.13	1292152.26	1756459.21	306907.41	2.9286,4.7344,0.7062,0.2076,3.8077,0.1695,4.827,3.2778,0.3614,0.2598,0.0491
sec_contact_bottle_schange_thr_epoch	Round_3_Replicate_27	-565894.51	1131811.02	1660195.44	235307.81	5.1339,4.8724,0.7789,1.0477,2.3086,0.3461,5.3132,1.8048,0.1492,0.7765,0.1142
sec_contact_bottle_schange_thr_epoch	Round_3_Replicate_28	-702099.63	1404221.26	1809571.26	300222.28	4.2483,7.9466,1.1033,0.1953,4.4377,0.0548,2.8104,4.4711,0.1252,0.1578,0.0282
sec_contact_bottle_schange_thr_epoch	Round_3_Replicate_29	-552448.67	1104919.34	1235045.29	289150.05	2.6392,1.897,0.9389,0.6153,1.5048,0.3689,1.4836,14.0877,0.0537,0.094,0.1496
sec_contact_bottle_schange_thr_epoch	Round_3_Replicate_30	-542331.58	1084685.16	1120149.07	401365.75	1.4876,0.9246,0.1279,0.8599,1.699,0.177,0.7836,5.1955,0.0924,0.064,0.0767
sec_contact_bottle_schange_thr_epoch	Round_3_Replicate_31	-986883.09	1973788.18	3615344.3	394791.39	7.9207,1.0551,0.1431,0.3481,0.9868,0.2757,3.2398,2.1718,0.2036,0.0805,0.2125
sec_contact_bottle_schange_thr_epoch	Round_3_Replicate_32	-1372031.57	2744085.14	6569006.22	536470.69	3.6861,1.1282,0.2045,1.4282,1.3322,0.0459,2.4474,12.5474,0.1627,0.3957,0.2377
sec_contact_bottle_schange_thr_epoch	Round_3_Replicate_33	-995809.1	1991640.2	18194396.31	248905.48	5.2625,3.6838,0.5809,2.2446,2.2347,0.2354,7.3679,2.7835,0.0808,0.3025,0.0553
sec_contact_bottle_schange_thr_epoch	Round_3_Replicate_34	-370060.92	740143.84	734559.23	280511.55	1.7451,1.0266,0.7471,0.3083,0.4721,0.3222,1.5808,1.6939,0.4312,0.0929,0.0264
sec_contact_bottle_schange_thr_epoch	Round_3_Replicate_35	-868767.5	1737557.0	2035960.68	362934.6	10.6868,6.8788,0.1099,1.1402,2.2926,0.1607,0.7791,1.954,0.1768,0.1164,0.0392
sec_contact_bottle_schange_thr_epoch	Round_3_Replicate_36	-1077072.63	2154167.26	3036218.66	414512.92	7.6725,1.211,0.0988,1.4024,1.7274,0.1327,1.9047,1.7839,0.0374,0.731,0.0806
sec_contact_bottle_schange_thr_epoch	Round_3_Replicate_37	-360279.88	720581.76	676469.98	390167.61	1.723,2.9985,0.175,1.4738,1.3202,0.0749,5.3774,7.5358,0.2795,0.1935,0.0782
sec_contact_bottle_schange_thr_epoch	Round_3_Replicate_38	-844418.38	1688858.76	2181430.77	296881.39	1.8376,1.5899,0.4722,0.5268,6.8846,0.0741,5.1675,3.4911,0.1313,0.0992,0.1472
sec_contact_bottle_schange_thr_epoch	Round_3_Replicate_39	-605628.84	1211279.68	1259257.75	562037.92	9.8157,8.7421,0.1112,0.3252,3.7617,0.3742,4.7189,7.7681,0.0483,0.2754,0.039
sec_contact_bottle_schange_thr_epoch	Round_3_Replicate_40	-755962.95	1511947.9	5013265.31	289560.59	18.619,6.9087,0.9974,0.6799,1.9775,0.1912,1.7258,16.7227,0.0459,0.7784,0.0657
sec_contact_bottle_schange_thr_epoch	Round_3_Replicate_41	-649334.81	1298691.62	1365736.21	327856.28	12.7253,5.4701,0.6758,0.1667,5.0094,0.3007,0.9691,15.4922,0.112,0.422,0.1001
sec_contact_bottle_schange_thr_epoch	Round_3_Replicate_42	-253309.23	506640.46	471574.33	410249.05	3.2638,8.07,0.4202,0.4851,0.5078,0.0525,1.9203,3.2964,0.0607,0.2352,0.0398
sec_contact_bottle_schange_thr_epoch	Round_3_Replicate_43	-1247626.04	2495274.08	90095180.16	323481.85	1.9555,10.1624,0.571,1.2634,0.4743,0.2292,12.2062,8.4747,0.0465,0.0719,0.0296
sec_contact_bottle_schange_thr_epoch	Round_3_Replicate_44	-303894.32	607810.64	532869.66	478507.08	20.7295,3.9823,0.1694,0.2196,2.1881,0.2064,4.486,3.361,0.1317,0.1631,0.0209
sec_contact_bottle_schange_thr_epoch	Round_3_Replicate_45	-321670.64	643363.28	591421.76	390462.08	3.1643,1.0239,0.2687,0.5256,1.4607,0.0826,0.925,1.5908,0.1324,0.1392,0.0285
sec_contact_bottle_schange_thr_epoch	Round_3_Replicate_46	-387408.04	774838.08	712823.69	354717.81	6.2763,3.3375,0.2071,1.5242,2.1189,0.0849,2.5734,1.707,0.1232,0.0875,0.0633
sec_contact_bottle_schange_thr_epoch	Round_3_Replicate_47	-697385.79	1394793.58	1847141.93	592470.4	3.6283,0.8082,0.2248,0.1787,0.6247,0.0568,1.1127,1.5378,0.04,0.3755,0.0361
sec_contact_bottle_schange_thr_epoch	Round_3_Replicate_48	-505907.05	1011836.1	1098059.14	353722.26	14.3701,0.7642,0.2982,0.6052,1.4778,0.245,3.3774,11.8081,0.0901,0.1269,0.1816
sec_contact_bottle_schange_thr_epoch	Round_3_Replicate_49	-708227.28	1416476.56	1832714.25	706546.89	2.9262,4.6595,0.1503,0.2196,0.6316,0.2155,1.9743,7.3117,0.558,0.5782,0.0886
sec_contact_bottle_schange_thr_epoch	Round_3_Replicate_50	-393607.53	787237.06	725713.33	484033.97	3.2733,1.307,0.3943,0.1897,5.1752,0.3152,0.9116,3.0573,0.0968,0.8425,0.0158
sec_contact_bottle_schange_thr_epoch	Round_4_Replicate_1	-279491.34	559004.68	599308.49	449595.96	4.5806,9.7397,0.377,0.3982,0.3255,0.0384,3.6831,4.2163,0.1112,0.278,0.0486
sec_contact_bottle_schange_thr_epoch	Round_4_Replicate_2	-252135.47	504292.94	454710.28	470478.44	1.763,4.7239,0.2848,0.3789,0.4022,0.0676,3.3712,1.6896,0.0778,0.4331,0.0247
sec_contact_bottle_schange_thr_epoch	Round_4_Replicate_3	-294730.92	589483.84	633468.16	431763.84	3.4315,12.9515,0.3427,0.2782,0.3641,0.0411,3.4047,2.0824,0.1281,0.144,0.0361
sec_contact_bottle_schange_thr_epoch	Round_4_Replicate_4	-315220.46	630462.92	613318.34	370304.18	1.6814,4.4709,0.5355,0.3951,0.7908,0.0422,2.2513,1.8145,0.0917,0.1898,0.0252
sec_contact_bottle_schange_thr_epoch	Round_4_Replicate_5	-269535.62	539093.24	527370.91	411718.75	2.0226,16.9697,0.4663,0.601,0.4561,0.0384,3.4296,6.1209,0.0362,0.1813,0.045
sec_contact_bottle_schange_thr_epoch	Round_4_Replicate_6	-354152.43	708326.86	746500.5	362114.3	2.4863,5.3333,0.7828,0.4312,0.3716,0.0514,2.6086,2.1454,0.0355,0.2117,0.0312
sec_contact_bottle_schange_thr_epoch	Round_4_Replicate_7	-262143.19	524308.38	520619.88	356230.55	2.7888,7.2383,0.6968,0.7046,0.31,0.0702,2.0724,3.2724,0.1169,0.1786,0.06
sec_contact_bottle_schange_thr_epoch	Round_4_Replicate_8	-233431.11	466884.22	443587.25	445512.37	4.0143,7.9998,0.3969,0.3675,0.2534,0.0826,1.0703,6.2884,0.0394,0.1314,0.0456
sec_contact_bottle_schange_thr_epoch	Round_4_Replicate_9	-243981.54	487985.08	485970.78	410631.24	1.7684,4.2733,0.4834,0.6192,0.26,0.066,1.245,3.735,0.0814,0.1799,0.0546
sec_contact_bottle_schange_thr_epoch	Round_4_Replicate_10	-289788.61	579599.22	595343.89	360808.35	6.5177,4.468,0.7491,0.608,0.3209,0.0436,3.4734,5.7021,0.0857,0.2556,0.0485
sec_contact_bottle_schange_thr_epoch	Round_4_Replicate_11	-245953.36	491928.72	469835.08	424993.76	4.8403,4.0097,0.3273,0.3393,0.3839,0.0621,1.0154,1.8248,0.062,0.1145,0.027
sec_contact_bottle_schange_thr_epoch	Round_4_Replicate_12	-219052.29	438126.58	393716.24	459258.98	3.5599,7.6296,0.2952,0.6661,0.2988,0.0386,2.9623,4.2423,0.072,0.3886,0.0341
sec_contact_bottle_schange_thr_epoch	Round_4_Replicate_13	-243828.09	487678.18	450034.42	432529.04	3.7308,7.4028,0.2958,0.4859,0.8303,0.0287,1.3554,7.3103,0.1283,0.1362,0.0297
sec_contact_bottle_schange_thr_epoch	Round_4_Replicate_14	-240788.64	481599.28	463213.84	381808.02	3.4748,5.2978,0.5447,0.8599,0.3057,0.0353,2.222,2.2181,0.0508,0.2218,0.0386
sec_contact_bottle_schange_thr_epoch	Round_4_Replicate_15	-267292.26	534606.52	501816.33	391773.19	4.367,7.3573,0.4296,0.4109,0.6161,0.0594,0.9911,3.0056,0.0977,0.1759,0.034
sec_contact_bottle_schange_thr_epoch	Round_4_Replicate_16	-217008.94	434039.88	390037.78	502102.03	3.4271,12.8574,0.3035,0.371,0.3266,0.0332,2.7054,5.8507,0.1208,0.4007,0.0244
sec_contact_bottle_schange_thr_epoch	Round_4_Replicate_17	-230039.06	460100.12	441978.05	468086.01	1.8765,4.6843,0.2943,0.609,0.3484,0.0297,1.0392,5.6742,0.0597,0.1388,0.0332
sec_contact_bottle_schange_thr_epoch	Round_4_Replicate_18	-336347.0	672716.0	625040.19	442657.36	4.1383,14.144,0.2513,0.8418,0.76,0.0735,2.339,4.8405,0.0594,0.3107,0.058
sec_contact_bottle_schange_thr_epoch	Round_4_Replicate_19	-272476.83	544975.66	503018.42	471038.07	1.6954,12.5348,0.3076,0.3856,0.3978,0.0838,1.2641,4.8923,0.0465,0.2324,0.0403
sec_contact_bottle_schange_thr_epoch	Round_4_Replicate_20	-377586.39	755194.78	786044.05	355148.5	3.0303,11.398,0.7121,0.3246,0.6704,0.0851,3.2791,6.6377,0.0918,0.1879,0.0555
sec_contact_bottle_schange_thr_epoch	Round_4_Replicate_21	-240360.0	480742.0	444920.22	406403.99	2.7021,5.525,0.3459,0.7433,0.3546,0.0525,2.3723,1.8098,0.0618,0.137,0.0402
sec_contact_bottle_schange_thr_epoch	Round_4_Replicate_22	-262376.83	524775.66	462563.93	412946.75	6.6666,12.2172,0.3103,0.6987,0.8452,0.0462,2.3655,3.1565,0.079,0.3307,0.0385
sec_contact_bottle_schange_thr_epoch	Round_4_Replicate_23	-357511.06	715044.12	733761.53	362986.76	6.2315,7.4333,0.6741,0.3539,0.6985,0.0374,1.9596,4.2425,0.1025,0.4027,0.0325
sec_contact_bottle_schange_thr_epoch	Round_4_Replicate_24	-242258.41	484538.82	468793.03	396174.86	1.9031,12.0164,0.617,0.5712,0.284,0.0742,1.5655,5.7329,0.0806,0.3636,0.0592
sec_contact_bottle_schange_thr_epoch	Round_4_Replicate_25	-232127.9	464277.8	439306.11	402610.77	3.1771,11.4869,0.4291,0.3587,0.3063,0.0638,1.8219,2.8453,0.1198,0.1799,0.0323
sec_contact_bottle_schange_thr_epoch	Round_4_Replicate_26	-259337.15	518696.3	528445.95	365136.77	2.7698,8.0859,0.8269,0.9169,0.2605,0.0422,1.7439,4.207,0.0542,0.2857,0.056
sec_contact_bottle_schange_thr_epoch	Round_4_Replicate_27	-432331.26	864684.52	1016062.8	532073.49	4.6393,9.5442,0.2708,0.2756,0.344,0.0473,0.983,2.2958,0.0567,0.315,0.0381
sec_contact_bottle_schange_thr_epoch	Round_4_Replicate_28	-275315.31	550652.62	510075.2	377179.85	3.0659,15.562,0.5057,0.5634,0.4621,0.0848,1.8938,2.3237,0.0501,0.2046,0.0434
sec_contact_bottle_schange_thr_epoch	Round_4_Replicate_29	-294590.43	589202.86	579831.62	417617.29	5.2854,8.8322,0.3909,0.3934,0.7041,0.0511,1.7479,2.0128,0.0605,0.2508,0.037
sec_contact_bottle_schange_thr_epoch	Round_4_Replicate_30	-248936.51	497895.02	447371.05	459822.37	5.6466,5.8796,0.2902,0.3239,0.8936,0.0401,2.366,4.3757,0.093,0.2314,0.027
sec_contact_bottle_schange_thr_epoch	Round_4_Replicate_31	-291120.96	582263.92	579250.7	389146.42	2.2389,4.9205,0.6582,0.3572,0.328,0.0551,1.7915,3.2524,0.0347,0.3456,0.0332
sec_contact_bottle_schange_thr_epoch	Round_4_Replicate_32	-223126.56	446275.12	421228.26	431331.68	3.1079,6.0207,0.3032,0.5738,0.4375,0.0308,3.1512,2.4214,0.1163,0.2987,0.0333
sec_contact_bottle_schange_thr_epoch	Round_4_Replicate_33	-285825.49	571672.98	581074.13	426702.26	3.1587,10.8502,0.3995,0.4543,0.5031,0.044,3.113,3.7231,0.0666,0.265,0.0501
sec_contact_bottle_schange_thr_epoch	Round_4_Replicate_34	-367459.75	734941.5	731118.72	361899.02	2.9704,6.5104,0.7775,0.325,0.7106,0.07,1.0755,5.6672,0.0347,0.2735,0.0434
sec_contact_bottle_schange_thr_epoch	Round_4_Replicate_35	-257921.28	515864.56	478011.98	444755.64	3.0191,5.881,0.3175,0.4381,0.6173,0.0524,1.9018,4.0832,0.0665,0.2229,0.0403
sec_contact_bottle_schange_thr_epoch	Round_4_Replicate_36	-245676.01	491374.02	482117.75	372166.81	2.7452,12.5395,0.7214,0.6242,0.2485,0.0984,3.129,4.184,0.0644,0.2898,0.0703
sec_contact_bottle_schange_thr_epoch	Round_4_Replicate_37	-261364.92	522751.84	504469.34	452885.54	3.1808,5.1627,0.4273,0.5711,0.2954,0.0671,1.1075,4.9127,0.0378,0.4107,0.0516
sec_contact_bottle_schange_thr_epoch	Round_4_Replicate_38	-264184.8	528391.6	481437.71	385654.02	5.469,12.8643,0.3574,0.5977,0.6208,0.0691,2.3481,1.9236,0.0826,0.1504,0.0426
sec_contact_bottle_schange_thr_epoch	Round_4_Replicate_39	-357908.24	715838.48	701919.71	353427.39	2.3783,10.9063,0.6557,0.4946,0.9097,0.081,2.3609,5.8169,0.0493,0.3893,0.0596
sec_contact_bottle_schange_thr_epoch	Round_4_Replicate_40	-214567.44	429156.88	408599.76	431450.65	2.732,10.6244,0.4773,0.6844,0.2349,0.0283,1.2348,5.2678,0.1234,0.4098,0.033
sec_contact_bottle_schange_thr_epoch	Round_4_Replicate_41	-376317.31	752656.62	800618.77	359829.5	4.9973,10.935,0.6608,0.3665,0.6637,0.0582,2.6457,3.0956,0.0573,0.1271,0.0332
sec_contact_bottle_schange_thr_epoch	Round_4_Replicate_42	-284934.12	569890.24	554395.56	368975.38	2.7424,6.9132,0.5016,0.426,0.4456,0.1076,3.387,1.6794,0.1107,0.1291,0.0567
sec_contact_bottle_schange_thr_epoch	Round_4_Replicate_43	-368766.94	737555.88	720530.54	349860.01	4.0306,8.1171,0.7111,0.487,0.9106,0.0612,1.2779,2.14,0.0387,0.1629,0.0407
sec_contact_bottle_schange_thr_epoch	Round_4_Replicate_44	-242677.99	485377.98	438317.87	433399.28	5.9891,16.5076,0.2977,0.5857,0.3431,0.0701,3.236,1.7683,0.0462,0.4203,0.0396
sec_contact_bottle_schange_thr_epoch	Round_4_Replicate_45	-281488.99	562999.98	511236.04	428230.93	6.1174,11.9885,0.2836,0.7162,0.8845,0.0548,2.5232,5.3732,0.0381,0.1543,0.0508
sec_contact_bottle_schange_thr_epoch	Round_4_Replicate_46	-249238.45	498498.9	458463.18	428177.7	2.7598,8.6529,0.2942,0.6601,0.451,0.0638,3.4798,2.1151,0.0333,0.3376,0.0477
sec_contact_bottle_schange_thr_epoch	Round_4_Replicate_47	-338224.65	676471.3	720964.98	421359.2	2.1685,5.1594,0.4961,0.281,0.4812,0.0555,2.0411,3.3836,0.0415,0.1932,0.0435
sec_contact_bottle_schange_thr_epoch	Round_4_Replicate_48	-252576.74	505175.48	469946.08	400724.01	3.5833,4.2112,0.502,0.4538,0.3895,0.0417,1.7169,2.4364,0.039,0.3229,0.0267
sec_contact_bottle_schange_thr_epoch	Round_4_Replicate_49	-353901.47	707824.94	728440.58	468103.44	6.3185,9.7117,0.3026,0.2829,0.5763,0.1001,1.0378,1.8832,0.0507,0.2891,0.0301
sec_contact_bottle_schange_thr_epoch	Round_4_Replicate_50	-248609.65	497241.3	473383.49	348608.04	1.9002,5.7383,0.6142,0.8539,0.3677,0.0498,2.0477,2.0666,0.0642,0.4678,0.0474
sec_contact_bottle_schange_thr_epoch	Round_4_Replicate_51	-232695.55	465413.1	431824.69	447358.88	1.6459,8.6089,0.2764,0.5013,0.3789,0.0571,3.5031,2.2004,0.0554,0.2107,0.0399
sec_contact_bottle_schange_thr_epoch	Round_4_Replicate_52	-207113.93	414249.86	371572.95	475653.51	5.8238,15.8729,0.2801,0.6913,0.2543,0.0238,2.7176,4.991,0.0831,0.3372,0.0246
sec_contact_bottle_schange_thr_epoch	Round_4_Replicate_53	-317736.69	635495.38	608353.3	374879.36	3.4104,6.9627,0.6039,0.7901,0.762,0.0512,1.1068,5.8228,0.0364,0.2866,0.0544
sec_contact_bottle_schange_thr_epoch	Round_4_Replicate_54	-449194.75	898411.5	993776.23	381750.37	5.3249,11.2286,0.5852,0.3548,0.9094,0.0524,2.7369,1.9594,0.0412,0.319,0.0503
sec_contact_bottle_schange_thr_epoch	Round_4_Replicate_55	-276524.21	553070.42	509601.08	436152.76	1.7765,8.5287,0.2954,0.2761,0.8499,0.0905,2.7463,1.9057,0.0348,0.1249,0.0316
sec_contact_bottle_schange_thr_epoch	Round_4_Replicate_56	-244537.19	489096.38	449812.11	454653.03	5.7528,5.4734,0.3068,0.7882,0.5521,0.0318,2.478,6.1051,0.1192,0.3433,0.0407
sec_contact_bottle_schange_thr_epoch	Round_4_Replicate_57	-287833.36	575688.72	567055.35	362193.12	3.5373,7.6328,0.8315,0.5202,0.3061,0.068,1.09,3.3009,0.0295,0.2527,0.0442
sec_contact_bottle_schange_thr_epoch	Round_4_Replicate_58	-216279.54	432581.08	407306.65	414799.08	6.1172,10.9034,0.3006,0.9458,0.4067,0.0212,3.4662,2.0459,0.0759,0.1638,0.0302
sec_contact_bottle_schange_thr_epoch	Round_4_Replicate_59	-336235.07	672492.14	691545.85	401203.14	2.1094,4.0351,0.4717,0.3506,0.6332,0.057,3.5225,1.7483,0.0719,0.2493,0.0353
sec_contact_bottle_schange_thr_epoch	Round_4_Replicate_60	-282660.07	565342.14	504607.71	408189.54	1.7617,8.9546,0.2973,0.5459,0.9294,0.0778,3.6172,4.8946,0.0944,0.2054,0.0485
sec_contact_bottle_schange_thr_epoch	Round_4_Replicate_61	-282099.34	564220.68	550448.99	363750.47	2.3479,6.3731,0.581,0.4725,0.4055,0.0561,2.251,1.9148,0.1058,0.1449,0.0376
sec_contact_bottle_schange_thr_epoch	Round_4_Replicate_62	-221894.55	443811.1	415076.74	415278.03	2.4067,5.7163,0.4077,0.4115,0.2854,0.0283,1.0452,2.5862,0.1079,0.2094,0.0185
sec_contact_bottle_schange_thr_epoch	Round_4_Replicate_63	-322514.58	645051.16	601685.17	361749.51	3.8536,9.7922,0.6298,0.4049,0.83,0.0711,1.2498,2.9134,0.0485,0.3462,0.0334
sec_contact_bottle_schange_thr_epoch	Round_4_Replicate_64	-263488.69	526999.38	497906.07	384348.3	4.6687,5.0574,0.4606,0.4629,0.5597,0.0485,2.1514,3.1257,0.1067,0.1987,0.0374
sec_contact_bottle_schange_thr_epoch	Round_4_Replicate_65	-278478.01	556978.02	517045.6	451744.74	2.6614,5.1669,0.2382,0.3787,0.9037,0.0606,1.6118,1.8329,0.0384,0.1412,0.0292
sec_contact_bottle_schange_thr_epoch	Round_4_Replicate_66	-230845.09	461712.18	427781.14	471230.63	3.2706,6.7574,0.2312,0.3046,0.4956,0.0509,3.3,1.9855,0.0328,0.1154,0.0276
sec_contact_bottle_schange_thr_epoch	Round_4_Replicate_67	-316301.6	632625.2	687913.73	438292.23	2.4047,10.1234,0.2706,0.5073,0.5311,0.0558,0.9859,1.8995,0.0648,0.11,0.0522
sec_contact_bottle_schange_thr_epoch	Round_4_Replicate_68	-240747.65	481517.3	457534.12	432728.94	4.6774,7.9148,0.4387,0.5244,0.287,0.065,1.3872,4.3698,0.095,0.4287,0.0476
sec_contact_bottle_schange_thr_epoch	Round_4_Replicate_69	-314978.64	629979.28	615189.32	332563.46	4.2993,10.9329,0.7586,0.5283,0.5165,0.0522,1.7178,2.6224,0.1083,0.3291,0.036
sec_contact_bottle_schange_thr_epoch	Round_4_Replicate_70	-268372.65	536767.3	502274.97	401501.72	2.0511,4.6837,0.4528,0.3827,0.4688,0.0713,2.4125,2.7648,0.0626,0.2232,0.0312
sec_contact_bottle_schange_thr_epoch	Round_4_Replicate_71	-286665.19	573352.38	596148.19	442908.38	4.8894,7.3516,0.3842,0.3668,0.3856,0.0599,2.395,2.5395,0.0808,0.3223,0.0472
sec_contact_bottle_schange_thr_epoch	Round_4_Replicate_72	-311702.22	623426.44	564626.62	406762.09	3.7231,6.6634,0.4814,0.3634,1.0072,0.0763,1.0494,5.3261,0.0969,0.4158,0.0356
sec_contact_bottle_schange_thr_epoch	Round_4_Replicate_73	-289501.84	579025.68	580043.25	371659.68	5.8818,4.801,0.7972,0.5373,0.298,0.0812,1.8305,2.5775,0.0344,0.1574,0.0542
sec_contact_bottle_schange_thr_epoch	Round_4_Replicate_74	-242221.41	484464.82	465509.99	407365.09	2.741,7.2475,0.4752,0.5541,0.3263,0.0699,1.9551,7.0371,0.0795,0.1475,0.0553
sec_contact_bottle_schange_thr_epoch	Round_4_Replicate_75	-274756.81	549535.62	513667.3	409038.69	2.441,13.9012,0.3853,0.6349,0.5771,0.0638,1.2958,4.25,0.0748,0.2121,0.0507
sec_contact_bottle_schange_thr_epoch	Round_4_Replicate_76	-318080.44	636182.88	698148.92	470487.58	2.659,7.3535,0.4374,0.3264,0.3671,0.0424,1.5313,6.0381,0.0528,0.2935,0.0514
sec_contact_bottle_schange_thr_epoch	Round_4_Replicate_77	-274803.92	549629.84	551787.07	385261.91	3.2789,8.7367,0.605,0.9652,0.4,0.0656,0.9917,5.366,0.0565,0.1639,0.0749
sec_contact_bottle_schange_thr_epoch	Round_4_Replicate_78	-199232.19	398486.38	362763.82	428932.66	6.2606,4.3365,0.3296,0.6075,0.2822,0.0279,3.2243,2.3291,0.101,0.4174,0.0263
sec_contact_bottle_schange_thr_epoch	Round_4_Replicate_79	-377992.28	756006.56	761487.75	329298.0	3.2603,14.9342,0.749,0.4882,0.7044,0.1055,3.3932,1.7251,0.1078,0.1487,0.0706
sec_contact_bottle_schange_thr_epoch	Round_4_Replicate_80	-323470.98	646963.96	627174.17	385190.69	1.7458,10.1018,0.5202,0.5856,0.8364,0.0455,2.3351,5.8532,0.043,0.1599,0.0489
sec_contact_bottle_schange_thr_epoch	Round_4_Replicate_81	-228095.86	456213.72	419506.38	425727.5	2.6633,11.3647,0.3383,0.4038,0.4342,0.0514,3.0769,3.6858,0.111,0.2086,0.0349
sec_contact_bottle_schange_thr_epoch	Round_4_Replicate_82	-291589.08	583200.16	568483.78	373888.02	2.4205,13.1706,0.6307,0.794,0.4795,0.0613,1.3712,3.5105,0.0316,0.1666,0.0571
sec_contact_bottle_schange_thr_epoch	Round_4_Replicate_83	-220762.87	441547.74	404883.17	419124.94	5.5251,8.3626,0.3194,0.3606,0.356,0.0499,2.1464,2.2206,0.0948,0.1338,0.0246
sec_contact_bottle_schange_thr_epoch	Round_4_Replicate_84	-199782.34	399586.68	361133.81	432718.42	2.0226,4.0348,0.336,0.4621,0.2747,0.0326,2.4681,3.5762,0.1303,0.2255,0.0247
sec_contact_bottle_schange_thr_epoch	Round_4_Replicate_85	-245777.72	491577.44	466686.06	422265.17	2.3616,10.0592,0.3615,0.6182,0.4382,0.0275,1.3352,2.2501,0.1017,0.3883,0.0269
sec_contact_bottle_schange_thr_epoch	Round_4_Replicate_86	-262714.5	525451.0	491559.67	393654.1	2.797,9.6475,0.4522,0.3239,0.6414,0.0383,1.1697,3.4505,0.1009,0.1609,0.0204
sec_contact_bottle_schange_thr_epoch	Round_4_Replicate_87	-263676.3	527374.6	520093.49	391755.54	5.8549,14.9215,0.5557,0.5028,0.309,0.0655,3.0412,1.8656,0.0466,0.1364,0.0464
sec_contact_bottle_schange_thr_epoch	Round_4_Replicate_88	-309190.82	618403.64	648037.94	426728.02	2.2793,9.3515,0.4063,0.3775,0.5263,0.0343,1.6406,2.3184,0.1036,0.2861,0.0354
sec_contact_bottle_schange_thr_epoch	Round_4_Replicate_89	-312858.27	625738.54	628428.95	384712.5	4.4298,13.4592,0.6195,0.3795,0.4427,0.0546,1.9778,3.4044,0.0332,0.1456,0.0344
sec_contact_bottle_schange_thr_epoch	Round_4_Replicate_90	-459764.97	919551.94	1093327.5	516846.57	2.3074,10.7865,0.2623,0.2691,0.4192,0.0426,1.5736,1.9101,0.1091,0.2978,0.0425
sec_contact_bottle_schange_thr_epoch	Round_4_Replicate_91	-321560.25	643142.5	645186.03	424126.26	2.7771,9.4217,0.418,0.2769,0.7426,0.0664,3.471,4.2648,0.0491,0.2195,0.0342
sec_contact_bottle_schange_thr_epoch	Round_4_Replicate_92	-244751.49	489524.98	446186.31	482339.6	5.2197,11.2709,0.3349,0.2579,0.4176,0.0586,0.9728,5.7724,0.0347,0.2106,0.0246
sec_contact_bottle_schange_thr_epoch	Round_4_Replicate_93	-252115.79	504253.58	467377.42	396314.3	1.9839,14.6804,0.4234,0.6122,0.321,0.0771,1.5622,2.8093,0.0868,0.2026,0.0452
sec_contact_bottle_schange_thr_epoch	Round_4_Replicate_94	-368535.09	737092.18	751491.2	372069.1	7.6572,6.2924,0.6939,0.3587,0.7169,0.071,1.5157,6.6464,0.0543,0.3634,0.0631
sec_contact_bottle_schange_thr_epoch	Round_4_Replicate_95	-241450.4	482922.8	453588.4	382085.43	3.6381,5.4893,0.4636,0.599,0.3777,0.0382,2.7744,2.5241,0.091,0.2779,0.0285
sec_contact_bottle_schange_thr_epoch	Round_4_Replicate_96	-300060.85	600143.7	608926.53	388637.29	1.6394,9.6118,0.6431,0.2853,0.2479,0.0516,1.2709,1.8521,0.0479,0.1089,0.0211
sec_contact_bottle_schange_thr_epoch	Round_4_Replicate_97	-325586.99	651195.98	654759.84	372733.74	2.2429,6.5918,0.5725,0.3878,0.671,0.0516,1.942,2.8434,0.0565,0.2049,0.0226
sec_contact_bottle_schange_thr_epoch	Round_4_Replicate_98	-365515.58	731053.16	759410.1	523623.86	1.6694,4.593,0.2896,0.4673,0.7744,0.046,1.0001,5.7207,0.0591,0.375,0.0532
sec_contact_bottle_schange_thr_epoch	Round_4_Replicate_99	-228675.49	457372.98	441153.08	425791.53	1.7808,13.9648,0.3522,0.426,0.3223,0.0564,2.3508,4.0814,0.089,0.1169,0.0431
sec_contact_bottle_schange_thr_epoch	Round_4_Replicate_100	-246862.68	493747.36	483755.55	426004.24	2.222,7.6619,0.4089,0.382,0.3337,0.0397,3.2828,2.6435,0.0492,0.151,0.031
