Model	Replicate	log-likelihood	AIC	chi-squared	theta	optimized_params(nu1i, nu2i, nu1m, nu2m, nu1f, nu2f, m12, m21, T1, T2, T3)
sec_contact_bottle_schange_thr_epoch	Round_1_Replicate_1	-503380.5	1006783.0	1205698.99	85099.85	0.17,5.5932,3.1298,0.535,1.4982,7.094,7.1733,5.1369,1.494,0.754,0.6885
sec_contact_bottle_schange_thr_epoch	Round_1_Replicate_2	-1760504.71	3521031.42	28073619.07	42281.86	0.1533,4.0347,7.3984,0.2022,3.6395,7.5288,0.9994,0.1592,7.5464,0.2905,1.556
sec_contact_bottle_schange_thr_epoch	Round_1_Replicate_3	-1003578.74	2007179.48	4127315.9	136853.97	0.4556,4.1305,0.1798,1.3428,4.4068,0.1541,0.3688,0.2712,2.3976,5.1333,0.1217
sec_contact_bottle_schange_thr_epoch	Round_1_Replicate_4	-2762624.68	5525271.36	157166763.42	75541.39	2.0103,1.7689,0.8039,2.9315,0.2899,6.1705,3.0833,0.6256,1.2539,0.3283,2.0838
sec_contact_bottle_schange_thr_epoch	Round_1_Replicate_5	-439276.42	878574.84	1250068.16	48546.9	0.4,0.7499,3.688,7.3696,0.508,0.6828,0.4484,0.3425,1.9412,7.8376,0.8519
sec_contact_bottle_schange_thr_epoch	Round_1_Replicate_6	-691046.28	1382114.56	2901613.11	92654.76	0.266,2.8756,3.2463,2.8392,0.8407,1.7861,5.7725,0.4414,0.3436,0.6179,1.195
sec_contact_bottle_schange_thr_epoch	Round_1_Replicate_7	-876592.35	1753206.7	4924378.96	169271.32	0.5756,0.1534,0.7881,0.4785,1.4975,0.3322,0.2567,2.8803,0.2838,1.0222,0.4737
sec_contact_bottle_schange_thr_epoch	Round_1_Replicate_8	-1609217.56	3218457.12	22930063.9	142481.51	2.1842,0.6888,1.0148,0.8339,0.3462,0.8812,0.5832,0.1763,1.4089,0.8851,0.9391
sec_contact_bottle_schange_thr_epoch	Round_1_Replicate_9	-2386307.14	4772636.28	82404260.71	105558.24	0.2251,0.4394,0.6167,2.3182,0.3153,6.1712,0.4468,0.5261,0.2079,0.1321,1.2752
sec_contact_bottle_schange_thr_epoch	Round_1_Replicate_10	-3447256.38	6894534.76	1450761311.07	152926.31	0.6929,3.7272,0.8321,1.4167,0.539,0.2735,2.7156,0.1271,0.7376,0.1388,2.2996
sec_contact_bottle_schange_thr_epoch	Round_1_Replicate_11	-1938576.54	3877175.08	40403320.42	116706.38	1.3896,8.1026,2.2895,3.5764,0.2959,0.7669,0.1526,6.4411,4.475,0.3015,1.9648
sec_contact_bottle_schange_thr_epoch	Round_1_Replicate_12	-1042102.07	2084226.14	4617200.43	148007.02	0.6028,0.89,0.284,2.841,0.3519,4.1551,0.9298,0.4684,0.9612,0.1394,0.184
sec_contact_bottle_schange_thr_epoch	Round_1_Replicate_13	-236115.15	472252.3	487679.47	102944.78	0.174,1.1119,1.779,2.8373,1.5166,0.1636,0.5808,4.3611,0.3804,4.8717,0.1821
sec_contact_bottle_schange_thr_epoch	Round_1_Replicate_14	-828839.01	1657700.02	2585778.1	214921.55	0.2165,0.6671,0.1886,1.0419,0.1911,2.3641,4.4527,0.2623,0.1797,0.2368,0.1888
sec_contact_bottle_schange_thr_epoch	Round_1_Replicate_15	-312416.73	624855.46	653143.34	45858.22	0.5089,0.2804,4.3871,1.3794,2.5966,4.8385,0.2249,0.5485,0.1451,6.9679,0.1226
sec_contact_bottle_schange_thr_epoch	Round_2_Replicate_1	-265924.9	531871.8	536139.38	159701.08	0.0998,0.8716,0.9831,1.8266,0.8748,0.3458,1.4417,10.6974,0.1225,13.8754,0.2079
sec_contact_bottle_schange_thr_epoch	Round_2_Replicate_2	-521643.15	1043308.3	1570707.76	135643.16	0.5361,0.6566,1.3249,9.3147,0.4773,0.4727,0.1582,2.8105,0.5777,1.4548,0.4933
sec_contact_bottle_schange_thr_epoch	Round_2_Replicate_3	-385420.36	770862.72	1109643.42	73379.24	0.063,0.4873,5.5515,1.8389,0.4476,0.1089,0.1543,11.0348,0.1024,7.9982,0.3622
sec_contact_bottle_schange_thr_epoch	Round_2_Replicate_4	-683275.59	1366573.18	14875172.79	142427.59	0.1575,1.6677,1.5811,1.425,2.4914,0.5149,0.1761,17.5321,0.5009,1.9708,0.1129
sec_contact_bottle_schange_thr_epoch	Round_2_Replicate_5	-172706.28	345434.56	354224.37	109133.02	0.1526,2.4419,2.0841,0.822,0.4084,0.0793,0.1623,3.6577,0.309,15.1946,0.0714
sec_contact_bottle_schange_thr_epoch	Round_2_Replicate_6	-1166800.91	2333623.82	197722169.95	92574.13	0.0716,2.9641,4.3603,2.2449,3.5405,0.3207,0.2476,13.5896,0.9601,1.5346,0.0795
sec_contact_bottle_schange_thr_epoch	Round_2_Replicate_7	-173374.25	346770.5	378632.62	62700.29	0.655,1.0865,3.5222,2.8317,0.9152,0.3051,1.2607,4.0948,0.1475,7.2015,0.3984
sec_contact_bottle_schange_thr_epoch	Round_2_Replicate_8	-308258.78	616539.56	778252.81	246275.54	0.4978,0.5529,0.5767,4.1379,0.4526,0.0756,0.4582,3.749,1.0816,5.9939,0.1319
sec_contact_bottle_schange_thr_epoch	Round_2_Replicate_9	-311204.49	622430.98	662104.69	148340.82	0.0997,1.1219,1.2731,0.8877,3.3932,0.0404,0.6351,7.8937,1.1549,6.9261,0.0545
sec_contact_bottle_schange_thr_epoch	Round_2_Replicate_10	-375200.9	750423.8	1046475.35	49791.39	0.1331,0.4535,4.0302,1.8839,2.1341,0.3225,0.4018,1.5463,0.198,13.5005,0.6085
sec_contact_bottle_schange_thr_epoch	Round_2_Replicate_11	-347009.5	694041.0	904695.6	72531.76	0.4734,0.5216,4.8959,10.5941,0.6432,0.069,0.2713,1.1,0.1016,2.1273,0.1314
sec_contact_bottle_schange_thr_epoch	Round_2_Replicate_12	-240886.05	481794.1	477939.2	84070.24	0.1427,0.6391,1.6547,1.0155,2.3599,0.4525,0.5186,1.3826,0.1265,11.7197,0.216
sec_contact_bottle_schange_thr_epoch	Round_2_Replicate_13	-996168.19	1992358.38	6063129.31	181469.8	0.1186,3.6525,0.6481,0.7466,2.149,0.1492,0.2812,2.9263,1.3131,2.8884,0.4243
sec_contact_bottle_schange_thr_epoch	Round_2_Replicate_14	-372782.01	745586.02	872386.83	102145.54	0.0834,3.7615,2.7334,1.5357,1.7424,0.1896,0.1541,2.8746,0.3548,2.5003,0.2468
sec_contact_bottle_schange_thr_epoch	Round_2_Replicate_15	-565915.93	1131853.86	1390896.07	75941.25	0.6587,2.1476,6.3863,1.3591,1.3491,0.0698,1.1447,2.8595,0.2796,1.6275,0.1507
sec_contact_bottle_schange_thr_epoch	Round_2_Replicate_16	-360009.86	720041.72	765894.62	120751.76	0.0646,0.5515,2.5145,0.8873,1.2055,0.1421,2.2806,5.2773,0.5157,1.2588,0.1373
sec_contact_bottle_schange_thr_epoch	Round_2_Replicate_17	-584200.3	1168422.6	7172557.57	69122.68	0.1446,0.2931,4.2643,2.0198,2.8346,0.1687,0.4559,10.5501,1.1354,3.7438,0.0888
sec_contact_bottle_schange_thr_epoch	Round_2_Replicate_18	-996869.71	1993761.42	5779951.05	96975.7	0.6336,2.9336,2.4338,0.715,2.1458,0.2083,1.6257,1.7282,0.1386,2.7997,0.6514
sec_contact_bottle_schange_thr_epoch	Round_2_Replicate_19	-309262.84	618547.68	698392.54	120677.21	0.392,2.7587,1.1075,1.166,1.8714,0.3519,0.7322,3.2142,0.2664,13.4159,0.2908
sec_contact_bottle_schange_thr_epoch	Round_2_Replicate_20	-631065.61	1262153.22	2548317.94	119874.91	0.134,0.3181,0.6102,11.3874,1.6215,0.2538,0.6126,1.5766,0.1267,4.3875,0.552
sec_contact_bottle_schange_thr_epoch	Round_2_Replicate_21	-878877.27	1757776.54	4435707.73	217012.13	0.1324,0.5204,0.6709,1.6584,1.5995,0.0605,0.1722,3.5165,0.1603,3.985,0.2965
sec_contact_bottle_schange_thr_epoch	Round_2_Replicate_22	-356523.2	713068.4	850461.95	91139.37	0.1098,1.0449,1.4044,9.3789,4.9752,0.243,1.3148,5.7711,0.2356,5.0384,0.2794
sec_contact_bottle_schange_thr_epoch	Round_2_Replicate_23	-286169.97	572361.94	571081.33	74935.91	0.1203,0.3955,1.3808,10.2273,2.5001,0.5499,1.9057,4.9602,0.3957,9.8647,0.5149
sec_contact_bottle_schange_thr_epoch	Round_2_Replicate_24	-362888.4	725798.8	794075.32	175947.41	0.1955,0.4428,0.741,1.2238,1.7744,0.2216,0.2415,2.783,0.1724,2.8662,0.1381
sec_contact_bottle_schange_thr_epoch	Round_2_Replicate_25	-275037.96	550097.92	568564.16	247150.06	0.4195,0.4243,0.7667,0.9479,0.9317,0.0848,0.3291,11.6335,0.1656,1.3205,0.0818
sec_contact_bottle_schange_thr_epoch	Round_2_Replicate_26	-375882.51	751787.02	1660643.24	119980.48	0.1473,0.8318,1.437,7.2659,2.1178,0.049,1.2063,4.8345,0.2909,2.0968,0.0621
sec_contact_bottle_schange_thr_epoch	Round_2_Replicate_27	-165185.67	330393.34	307225.95	120585.8	0.2931,3.5346,1.2484,0.8493,0.6483,0.1516,0.5231,1.7436,1.2112,13.9366,0.0707
sec_contact_bottle_schange_thr_epoch	Round_2_Replicate_28	-313205.49	626432.98	665572.28	207804.82	0.0585,4.178,0.6417,1.8113,2.3071,0.0372,0.2939,2.287,0.317,1.7811,0.0496
sec_contact_bottle_schange_thr_epoch	Round_2_Replicate_29	-623574.96	1247171.92	4892503.09	160348.71	0.1987,0.9819,0.992,4.4279,2.0669,0.4759,0.2857,10.2953,0.2993,1.9017,0.1548
sec_contact_bottle_schange_thr_epoch	Round_2_Replicate_30	-141292.66	282607.32	291479.13	69007.22	0.2076,2.2257,2.9758,4.5657,0.3822,0.0579,0.313,1.527,0.2433,7.2624,0.0992
sec_contact_bottle_schange_thr_epoch	Round_3_Replicate_1	-418000.09	836022.18	1529635.21	48530.04	0.1646,1.5434,10.1037,7.0624,0.3816,0.0854,0.886,1.8801,0.1462,3.3092,0.1167
sec_contact_bottle_schange_thr_epoch	Round_3_Replicate_2	-201517.93	403057.86	452485.95	109045.8	0.2359,1.651,1.6709,5.0856,0.1782,0.049,0.1202,1.2761,0.081,14.6775,0.0852
sec_contact_bottle_schange_thr_epoch	Round_3_Replicate_3	-862817.01	1725656.02	3769950.3	48936.3	0.2741,0.5651,9.7135,1.4149,0.586,0.0653,1.0418,1.7942,0.1266,11.4991,0.3814
sec_contact_bottle_schange_thr_epoch	Round_3_Replicate_4	-185036.15	370094.3	439343.41	49377.39	0.1489,8.6106,2.8035,7.7962,0.3057,0.0338,0.5697,0.9166,0.0973,18.3023,0.1305
sec_contact_bottle_schange_thr_epoch	Round_3_Replicate_5	-793839.59	1587701.18	3105762.76	84023.3	0.1189,3.4018,5.663,2.9308,1.3881,0.0632,0.126,2.8901,0.102,2.3828,0.3372
sec_contact_bottle_schange_thr_epoch	Round_3_Replicate_6	-634602.29	1269226.58	2265839.57	109469.29	0.0623,4.7799,2.0229,1.9716,0.2333,0.0363,0.1802,0.8228,0.8417,14.6427,0.1998
sec_contact_bottle_schange_thr_epoch	Round_3_Replicate_7	-173689.75	347401.5	358228.14	182025.52	0.0529,4.2249,1.2296,3.6653,0.3261,0.0253,0.1164,5.2456,0.0701,21.915,0.0554
sec_contact_bottle_schange_thr_epoch	Round_3_Replicate_8	-206392.38	412806.76	460789.56	166024.8	0.0816,3.0964,1.9799,1.4478,0.3337,0.085,0.1929,5.6182,0.4359,2.1218,0.1236
sec_contact_bottle_schange_thr_epoch	Round_3_Replicate_9	-589470.42	1178962.84	2110110.63	79234.54	0.0776,0.9195,5.1105,3.3423,1.4036,0.1758,0.081,0.6848,0.1031,2.1415,0.3589
sec_contact_bottle_schange_thr_epoch	Round_3_Replicate_10	-219623.48	439268.96	467219.48	80701.11	0.1888,2.2814,1.8018,2.351,1.347,0.0423,0.4955,0.7689,0.0824,5.1424,0.0884
sec_contact_bottle_schange_thr_epoch	Round_3_Replicate_11	-267468.06	534958.12	614696.79	41697.31	0.0661,8.1515,7.3795,8.1376,0.656,0.0496,0.1716,1.2574,0.2804,6.7849,0.098
sec_contact_bottle_schange_thr_epoch	Round_3_Replicate_12	-178474.73	356971.46	378910.17	70540.47	0.4892,4.0839,2.8391,17.7409,0.5723,0.0386,0.8653,3.6432,0.1936,6.4265,0.1087
sec_contact_bottle_schange_thr_epoch	Round_3_Replicate_13	-243885.24	487792.48	583678.86	64622.65	0.3886,2.058,3.2659,1.3584,0.4027,0.0671,0.6842,0.6461,0.2569,13.1433,0.0955
sec_contact_bottle_schange_thr_epoch	Round_3_Replicate_14	-129278.77	258579.54	267206.39	63113.71	0.4337,4.2209,3.8098,10.5463,0.1106,0.0495,0.5675,1.7574,0.7555,5.9612,0.0839
sec_contact_bottle_schange_thr_epoch	Round_3_Replicate_15	-226455.48	452932.96	570734.51	79240.75	0.1889,3.4401,2.7565,11.7199,0.6401,0.1342,1.0275,1.7787,0.2351,3.3922,0.3232
sec_contact_bottle_schange_thr_epoch	Round_3_Replicate_16	-633107.4	1266236.8	2258432.1	112074.92	0.4184,2.3154,2.6571,2.4681,0.4776,0.0372,0.1341,4.6526,0.1713,8.3228,0.2434
sec_contact_bottle_schange_thr_epoch	Round_3_Replicate_17	-315788.52	631599.04	699616.93	40283.02	0.3925,0.5967,6.3328,5.3576,1.198,0.0174,0.1723,2.2112,0.2476,9.204,0.0334
sec_contact_bottle_schange_thr_epoch	Round_3_Replicate_18	-424678.49	849378.98	1070276.44	37241.05	0.1988,5.7726,8.4667,17.959,1.3121,0.0247,0.1006,1.5766,0.1361,8.8411,0.137
sec_contact_bottle_schange_thr_epoch	Round_3_Replicate_19	-659909.97	1319841.94	2601298.95	116642.68	0.8159,1.5288,1.2641,1.8077,0.3803,0.2076,0.1142,0.5731,0.1592,11.5747,0.3568
sec_contact_bottle_schange_thr_epoch	Round_3_Replicate_20	-317476.2	634974.4	667750.89	155239.45	0.0509,1.2036,0.9282,2.958,0.3311,0.1624,0.3556,2.5688,0.4091,3.363,0.0821
sec_contact_bottle_schange_thr_epoch	Round_3_Replicate_21	-260090.51	520203.02	562332.02	124705.6	0.1141,1.1484,1.9743,3.1618,1.0194,0.0595,0.1591,4.2001,0.7482,2.9068,0.0933
sec_contact_bottle_schange_thr_epoch	Round_3_Replicate_22	-901761.12	1803544.24	4066084.78	88223.14	0.2257,1.1737,4.4423,7.9796,0.1514,0.033,0.2199,0.7688,0.1533,7.3121,0.3352
sec_contact_bottle_schange_thr_epoch	Round_3_Replicate_23	-1514952.8	3029927.6	12490236.13	68952.64	0.1158,8.4248,11.9102,1.2672,0.1622,0.0324,1.1604,3.1887,0.4697,9.0712,0.3718
sec_contact_bottle_schange_thr_epoch	Round_3_Replicate_24	-1076470.15	2152962.3	5098254.78	38700.3	0.5249,4.6622,11.8193,4.9708,1.4447,0.0238,0.2062,1.3807,0.4492,5.3821,0.2193
sec_contact_bottle_schange_thr_epoch	Round_3_Replicate_25	-169333.02	338688.04	365873.23	61172.61	0.2788,6.5652,3.0204,1.2793,0.6481,0.2306,0.54,1.027,0.1773,26.4808,0.1744
sec_contact_bottle_schange_thr_epoch	Round_3_Replicate_26	-190687.95	381397.9	464389.41	175243.73	0.252,0.6014,1.815,2.2078,0.2167,0.0781,0.1519,4.752,0.2798,2.2556,0.145
sec_contact_bottle_schange_thr_epoch	Round_3_Replicate_27	-197389.24	394800.48	429461.21	149917.06	0.1261,0.7939,1.1819,4.1729,0.6111,0.1006,0.603,4.22,0.0792,4.9365,0.1753
sec_contact_bottle_schange_thr_epoch	Round_3_Replicate_28	-1557742.31	3115506.62	17707013.81	108561.77	0.1419,1.8723,6.3539,1.1672,0.4795,0.0461,0.145,0.4389,0.2986,2.2494,0.3753
sec_contact_bottle_schange_thr_epoch	Round_3_Replicate_29	-1105290.48	2210602.96	6421136.22	164544.17	0.057,1.6486,2.1449,1.3007,0.1267,0.0585,0.2408,0.5772,0.7238,3.469,0.3214
sec_contact_bottle_schange_thr_epoch	Round_3_Replicate_30	-269006.86	538035.72	581978.75	129670.0	0.3391,3.225,1.0455,12.4365,1.1691,0.0415,0.3356,1.7069,0.1627,2.5447,0.0876
sec_contact_bottle_schange_thr_epoch	Round_3_Replicate_31	-700608.75	1401239.5	10283527.01	52977.69	0.2111,1.232,7.3574,2.7718,1.419,0.1241,0.5073,5.9469,0.1923,3.0816,0.0724
sec_contact_bottle_schange_thr_epoch	Round_3_Replicate_32	-477647.79	955317.58	1636061.44	120793.88	0.0674,1.7894,2.7581,2.2179,0.2257,0.0402,0.1789,0.8743,0.3614,3.2104,0.1629
sec_contact_bottle_schange_thr_epoch	Round_3_Replicate_33	-337038.21	674098.42	1630444.03	99260.49	0.4004,5.7865,2.1811,1.4668,0.701,0.0651,0.1254,4.1496,0.1746,5.5506,0.0363
sec_contact_bottle_schange_thr_epoch	Round_3_Replicate_34	-248179.05	496380.1	522064.56	126646.56	0.402,1.2388,1.4862,1.7567,1.0045,0.1548,0.292,2.0428,0.0944,1.8974,0.1388
sec_contact_bottle_schange_thr_epoch	Round_3_Replicate_35	-324389.61	648801.22	920327.25	324371.99	0.2505,3.1669,0.8145,1.4246,0.0988,0.0353,0.3724,5.7398,0.3276,17.8124,0.1072
sec_contact_bottle_schange_thr_epoch	Round_3_Replicate_36	-308859.9	617741.8	795606.75	75718.76	0.0578,9.0971,1.4474,2.7722,1.3767,0.0855,0.5677,0.5173,0.062,9.0507,0.2319
sec_contact_bottle_schange_thr_epoch	Round_3_Replicate_37	-279779.83	559581.66	600349.11	143759.11	0.1408,4.4905,1.1214,1.6282,0.3259,0.2013,0.0937,1.7159,0.5398,20.7572,0.0992
sec_contact_bottle_schange_thr_epoch	Round_3_Replicate_38	-145091.95	290205.9	325271.46	29252.36	0.4692,1.4349,10.3357,13.8607,0.4443,0.1249,0.642,5.8992,0.0906,26.3333,0.3655
sec_contact_bottle_schange_thr_epoch	Round_3_Replicate_39	-340115.88	680253.76	981540.43	115125.89	0.4107,6.4969,1.7955,4.5077,0.6718,0.0449,0.2375,0.9031,0.1005,2.2177,0.1445
sec_contact_bottle_schange_thr_epoch	Round_3_Replicate_40	-377919.07	755860.14	1069641.5	139169.96	0.5063,1.5654,1.136,6.5198,0.2657,0.2115,0.4803,4.1728,0.1588,8.3163,0.0924
sec_contact_bottle_schange_thr_epoch	Round_3_Replicate_41	-207977.76	415977.52	410266.24	201181.81	0.085,4.7769,1.0306,5.8925,0.2556,0.1018,0.2124,5.8925,0.8113,6.286,0.1246
sec_contact_bottle_schange_thr_epoch	Round_3_Replicate_42	-223627.05	447276.1	628691.14	73373.34	0.0549,4.4583,3.1034,16.1126,0.3479,0.0316,0.7714,2.9002,0.0639,4.1219,0.0648
sec_contact_bottle_schange_thr_epoch	Round_3_Replicate_43	-529763.1	1059548.2	1697143.39	70445.61	0.0559,2.4943,4.1303,3.9873,0.355,0.0872,0.1139,0.3813,0.2013,1.984,0.0371
sec_contact_bottle_schange_thr_epoch	Round_3_Replicate_44	-251966.78	503955.56	581935.85	100951.11	0.1434,4.9056,2.2031,1.4212,0.2413,0.0287,1.1989,0.5177,0.2943,3.5975,0.0524
sec_contact_bottle_schange_thr_epoch	Round_3_Replicate_45	-161657.64	323337.28	335279.86	103265.22	0.294,3.8457,1.0645,3.9615,0.2678,0.0413,0.6624,0.7518,0.1977,3.4904,0.0643
sec_contact_bottle_schange_thr_epoch	Round_3_Replicate_46	-1135723.24	2271468.48	6894255.37	110127.65	0.3073,5.9582,2.9496,4.5801,0.56,0.0244,1.0774,1.5376,0.1957,2.2488,0.2886
sec_contact_bottle_schange_thr_epoch	Round_3_Replicate_47	-193028.46	386078.92	446335.54	26823.54	0.0877,5.078,10.8133,17.7576,0.8211,0.1066,0.279,1.9988,0.1489,19.6419,0.3575
sec_contact_bottle_schange_thr_epoch	Round_3_Replicate_48	-150175.51	300373.02	383683.52	28443.12	0.0651,1.1556,3.5817,14.1819,0.2041,0.0224,1.0396,1.2241,0.1193,25.5301,0.0464
sec_contact_bottle_schange_thr_epoch	Round_3_Replicate_49	-479547.88	959117.76	6381310.89	83004.43	0.3084,0.7471,2.979,7.5456,0.4268,0.2224,0.4014,4.6869,0.0608,3.2812,0.0942
sec_contact_bottle_schange_thr_epoch	Round_3_Replicate_50	-155356.83	310735.66	326738.94	217900.71	0.0914,0.6286,1.089,4.9714,0.1977,0.0478,0.1156,6.0514,0.1874,17.4721,0.0925
sec_contact_bottle_schange_thr_epoch	Round_4_Replicate_1	-112876.51	225775.02	234060.59	90492.19	0.3865,7.2526,2.6169,4.3743,0.1221,0.0383,0.4315,2.3545,0.5477,6.1443,0.0743
sec_contact_bottle_schange_thr_epoch	Round_4_Replicate_2	-113204.93	226431.86	223509.97	81924.71	0.6239,3.8376,2.148,7.3246,0.0995,0.0316,0.6591,1.9061,0.4771,7.3473,0.062
sec_contact_bottle_schange_thr_epoch	Round_4_Replicate_3	-130738.26	261498.52	281794.96	69831.45	0.4188,5.1171,3.9941,8.3899,0.1928,0.0479,0.6344,2.5884,1.2194,4.853,0.103
sec_contact_bottle_schange_thr_epoch	Round_4_Replicate_4	-102981.39	205984.78	213346.59	49475.15	0.6571,2.6324,4.3718,8.8943,0.1403,0.0455,1.1133,2.466,0.6664,9.0992,0.0977
sec_contact_bottle_schange_thr_epoch	Round_4_Replicate_5	-103395.17	206812.34	214799.3	37831.79	0.59,2.5672,6.6774,19.6657,0.0903,0.0325,0.5711,1.5753,0.3808,11.7629,0.0843
sec_contact_bottle_schange_thr_epoch	Round_4_Replicate_6	-228210.24	456442.48	766427.42	36406.85	0.3458,4.3963,7.5552,14.1801,0.2034,0.0406,0.6214,1.8258,1.4892,7.2236,0.0646
sec_contact_bottle_schange_thr_epoch	Round_4_Replicate_7	-115673.51	231369.02	239972.63	73784.18	0.6797,2.4994,3.9883,6.305,0.0789,0.0409,0.7323,2.3945,1.247,4.6753,0.0787
sec_contact_bottle_schange_thr_epoch	Round_4_Replicate_8	-134437.26	268896.52	266270.01	45442.83	0.2975,3.7013,4.5228,16.1089,0.1241,0.0673,0.6385,1.1541,1.0029,8.5705,0.1214
sec_contact_bottle_schange_thr_epoch	Round_4_Replicate_9	-109811.97	219645.94	226471.38	69691.61	0.82,6.14,3.9839,13.7875,0.1638,0.0461,0.3921,2.9839,1.5018,7.0407,0.1094
sec_contact_bottle_schange_thr_epoch	Round_4_Replicate_10	-130483.4	260988.8	286660.41	65290.01	0.2349,3.7432,5.1293,19.1857,0.158,0.0458,0.3109,2.5014,0.5732,5.751,0.1025
sec_contact_bottle_schange_thr_epoch	Round_4_Replicate_11	-119510.08	239042.16	242241.04	59360.21	0.3038,6.1032,2.3752,14.2624,0.1486,0.0444,0.7487,1.3739,0.4823,11.7558,0.1054
sec_contact_bottle_schange_thr_epoch	Round_4_Replicate_12	-117341.25	234704.5	251395.12	39743.73	0.6201,5.109,6.6876,6.031,0.1735,0.0623,1.0646,1.3188,0.6563,9.5633,0.1283
sec_contact_bottle_schange_thr_epoch	Round_4_Replicate_13	-149052.57	298127.14	306236.79	55766.95	0.3042,6.5869,3.6741,13.0703,0.0703,0.0305,0.4399,0.983,0.5842,6.438,0.0543
sec_contact_bottle_schange_thr_epoch	Round_4_Replicate_14	-216029.77	432081.54	547789.1	56819.51	0.4508,4.8751,7.0699,12.7962,0.1237,0.042,0.5754,0.9343,0.8021,3.9347,0.1074
sec_contact_bottle_schange_thr_epoch	Round_4_Replicate_15	-112347.93	224717.86	230857.23	105826.25	0.4832,4.9472,2.2923,5.8043,0.1309,0.0343,0.4383,3.5056,0.5224,6.2005,0.0738
sec_contact_bottle_schange_thr_epoch	Round_4_Replicate_16	-194680.3	389382.6	378849.91	63970.0	0.2984,4.4481,2.656,10.7233,0.1064,0.0819,0.9529,1.0275,0.7902,4.6179,0.1073
sec_contact_bottle_schange_thr_epoch	Round_4_Replicate_17	-122249.45	244520.9	257137.43	84083.26	0.7122,3.0927,3.7383,8.9191,0.1022,0.0476,0.3682,2.9456,0.4959,5.8059,0.1093
sec_contact_bottle_schange_thr_epoch	Round_4_Replicate_18	-98438.08	196898.16	197544.75	41817.0	0.4905,3.6721,5.2463,4.886,0.1335,0.0667,0.595,1.1267,0.9062,12.6752,0.1075
sec_contact_bottle_schange_thr_epoch	Round_4_Replicate_19	-110251.76	220525.52	234124.37	41449.16	0.406,5.6893,5.281,6.8612,0.1628,0.063,1.1307,0.9737,1.3499,8.1629,0.1105
sec_contact_bottle_schange_thr_epoch	Round_4_Replicate_20	-125676.89	251375.78	269016.65	61191.05	0.7282,3.9564,4.8946,9.8407,0.1119,0.0493,0.5969,1.817,0.4141,5.5554,0.1012
sec_contact_bottle_schange_thr_epoch	Round_4_Replicate_21	-121612.56	243247.12	262292.0	46723.6	0.2188,2.79,7.0469,5.5934,0.0855,0.0517,0.5119,0.9591,1.3885,6.8945,0.0853
sec_contact_bottle_schange_thr_epoch	Round_4_Replicate_22	-137659.53	275341.06	282250.37	82571.46	0.7408,2.5878,3.051,15.6703,0.1259,0.0612,0.7323,2.7611,0.9147,5.3178,0.1353
sec_contact_bottle_schange_thr_epoch	Round_4_Replicate_23	-141271.64	282565.28	298859.99	72263.62	0.8433,3.5176,5.6943,5.5768,0.0559,0.0456,0.6676,2.4356,1.0015,3.8042,0.0723
sec_contact_bottle_schange_thr_epoch	Round_4_Replicate_24	-128690.52	257403.04	274300.23	78575.39	0.4231,2.6639,2.3058,13.2919,0.1608,0.0507,0.9392,2.1768,0.5345,6.9217,0.1282
sec_contact_bottle_schange_thr_epoch	Round_4_Replicate_25	-139257.25	278536.5	290192.6	121950.59	0.4192,3.3363,2.076,13.1502,0.2222,0.0533,0.3191,3.4586,0.7254,3.8844,0.1173
sec_contact_bottle_schange_thr_epoch	Round_4_Replicate_26	-105886.93	211795.86	220331.06	60250.91	0.4589,4.9068,3.7201,21.6428,0.1011,0.0273,0.9077,2.5116,0.6294,7.4625,0.0772
sec_contact_bottle_schange_thr_epoch	Round_4_Replicate_27	-108111.05	216244.1	217999.96	69857.69	0.2173,3.6553,2.8837,5.6507,0.1642,0.0495,0.4191,1.8764,0.4205,12.2121,0.0929
sec_contact_bottle_schange_thr_epoch	Round_4_Replicate_28	-200796.89	401615.78	381059.29	70218.98	0.3324,6.4701,2.8601,10.4011,0.0735,0.0605,0.5181,1.2032,0.5369,5.2129,0.0793
sec_contact_bottle_schange_thr_epoch	Round_4_Replicate_29	-163687.74	327397.48	341605.9	54831.38	0.2271,4.4718,8.1033,8.4834,0.0623,0.0656,0.8575,2.5543,1.1759,5.4719,0.099
sec_contact_bottle_schange_thr_epoch	Round_4_Replicate_30	-115164.75	230351.5	244603.79	53977.78	0.4165,3.4031,6.1171,8.3759,0.1185,0.0561,0.3975,2.3613,0.7985,7.29,0.0975
sec_contact_bottle_schange_thr_epoch	Round_4_Replicate_31	-184115.01	368252.02	429455.72	68889.1	0.3588,2.6274,4.6007,7.7002,0.1823,0.0687,0.3104,1.0268,0.6902,3.8323,0.1196
sec_contact_bottle_schange_thr_epoch	Round_4_Replicate_32	-125971.56	251965.12	272167.95	49255.99	0.2592,4.7092,6.0314,14.8973,0.111,0.0447,0.5109,1.5292,0.3996,7.2415,0.0977
sec_contact_bottle_schange_thr_epoch	Round_4_Replicate_33	-96668.25	193358.5	195293.56	41928.39	0.4141,2.1869,6.7293,9.1071,0.0818,0.0379,0.5434,2.4865,0.4788,12.5515,0.0772
sec_contact_bottle_schange_thr_epoch	Round_4_Replicate_34	-162722.35	325466.7	312269.78	79436.06	0.2484,3.0947,2.1513,16.087,0.1654,0.0692,0.6653,1.8199,0.866,5.8348,0.1122
sec_contact_bottle_schange_thr_epoch	Round_4_Replicate_35	-136345.45	272712.9	270817.37	94279.85	0.249,2.7439,2.454,15.9252,0.0929,0.0435,1.0235,2.9628,0.4042,4.3021,0.0909
sec_contact_bottle_schange_thr_epoch	Round_4_Replicate_36	-203451.04	406924.08	490298.04	54541.36	0.2571,8.635,6.6282,13.0953,0.067,0.0394,0.5972,0.91,0.4558,4.5251,0.074
sec_contact_bottle_schange_thr_epoch	Round_4_Replicate_37	-170326.1	340674.2	398395.16	55644.16	0.4642,2.1746,6.0164,7.0604,0.1676,0.0544,0.4195,0.881,1.0368,4.7441,0.1161
sec_contact_bottle_schange_thr_epoch	Round_4_Replicate_38	-123407.1	246836.2	249278.71	82936.62	0.6854,4.0161,2.5572,5.296,0.1948,0.0731,0.4314,2.0171,0.6437,6.9072,0.1178
sec_contact_bottle_schange_thr_epoch	Round_4_Replicate_39	-123096.29	246214.58	261739.43	56441.16	0.8317,6.6191,4.6531,6.8057,0.1496,0.0782,0.8518,1.9754,0.9663,5.688,0.1137
sec_contact_bottle_schange_thr_epoch	Round_4_Replicate_40	-130403.77	260829.54	261833.52	64036.64	0.3794,6.0009,2.5412,10.501,0.1235,0.0299,0.4055,1.0878,0.5266,7.8135,0.0579
sec_contact_bottle_schange_thr_epoch	Round_4_Replicate_41	-147145.08	294312.16	328240.26	69193.08	0.4262,6.7822,4.9458,8.8594,0.0749,0.0316,0.3005,1.373,0.3674,4.5308,0.0661
sec_contact_bottle_schange_thr_epoch	Round_4_Replicate_42	-268847.16	537716.32	501961.21	68250.09	0.235,6.3133,2.0686,18.9552,0.0746,0.0535,0.3879,1.063,0.9868,7.7349,0.07
sec_contact_bottle_schange_thr_epoch	Round_4_Replicate_43	-306825.71	613673.42	681632.44	47068.69	0.2686,5.2364,7.4521,6.9729,0.1814,0.0613,0.6751,1.3389,1.0556,3.883,0.03
sec_contact_bottle_schange_thr_epoch	Round_4_Replicate_44	-137027.09	274076.18	301138.47	54293.38	0.5001,3.3826,4.2391,19.2066,0.1909,0.0319,0.448,1.612,0.4341,7.0091,0.0795
sec_contact_bottle_schange_thr_epoch	Round_4_Replicate_45	-120901.4	241824.8	250701.55	89428.9	0.3605,7.5402,2.2408,14.379,0.1761,0.0471,0.5968,2.6279,1.1143,8.8936,0.1175
sec_contact_bottle_schange_thr_epoch	Round_4_Replicate_46	-132280.54	264583.08	277092.81	76614.14	0.5189,4.4259,2.5436,11.6999,0.1288,0.0388,0.3672,1.4603,0.8322,8.1785,0.0912
sec_contact_bottle_schange_thr_epoch	Round_4_Replicate_47	-137739.48	275500.96	306170.81	84491.25	0.6713,3.1798,4.4232,12.7805,0.1183,0.0525,0.3931,3.29,1.0111,4.8154,0.1394
sec_contact_bottle_schange_thr_epoch	Round_4_Replicate_48	-133146.21	266314.42	267232.02	64351.0	0.3074,6.714,4.044,9.1058,0.0935,0.0519,0.4142,1.7431,0.6457,6.433,0.0804
sec_contact_bottle_schange_thr_epoch	Round_4_Replicate_49	-117264.46	234550.92	246159.71	59060.64	0.7888,2.201,3.7499,13.2605,0.1806,0.0508,0.6125,1.7178,0.4201,7.04,0.1157
sec_contact_bottle_schange_thr_epoch	Round_4_Replicate_50	-139445.95	278913.9	270153.29	66042.67	0.7956,6.348,2.3463,6.2807,0.104,0.0434,0.3457,0.9591,0.726,10.9837,0.0678
sec_contact_bottle_schange_thr_epoch	Round_4_Replicate_51	-105079.09	210180.18	219248.88	36808.13	0.8379,7.6633,4.1338,9.6198,0.1695,0.0393,0.9909,1.113,0.7105,12.403,0.0866
sec_contact_bottle_schange_thr_epoch	Round_4_Replicate_52	-250417.58	500857.16	882779.01	41129.95	0.4764,5.5193,7.4785,9.6319,0.2046,0.0683,0.4366,1.0349,0.8183,5.4454,0.0825
sec_contact_bottle_schange_thr_epoch	Round_4_Replicate_53	-114698.0	229418.0	238038.82	54181.85	0.4393,5.1717,4.6543,18.6535,0.1298,0.0543,0.8036,2.4499,0.8524,9.0117,0.1393
sec_contact_bottle_schange_thr_epoch	Round_4_Replicate_54	-129845.81	259713.62	285506.03	49816.12	0.7471,4.4379,4.5975,7.3193,0.1374,0.0276,0.469,1.6356,0.786,8.2905,0.0564
sec_contact_bottle_schange_thr_epoch	Round_4_Replicate_55	-123233.66	246489.32	264688.01	56638.4	0.2539,6.7652,3.7084,11.7191,0.0955,0.0315,0.387,1.0806,0.404,9.1279,0.0816
sec_contact_bottle_schange_thr_epoch	Round_4_Replicate_56	-116643.8	233309.6	232919.52	37052.13	0.2947,3.6339,5.9187,14.8718,0.1115,0.0623,0.595,1.1217,0.5676,12.421,0.1264
sec_contact_bottle_schange_thr_epoch	Round_4_Replicate_57	-127795.17	255612.34	268653.28	38116.78	0.3672,2.5524,6.5832,10.1718,0.0932,0.0653,1.0056,0.9226,1.275,9.8359,0.1307
sec_contact_bottle_schange_thr_epoch	Round_4_Replicate_58	-110440.3	220902.6	222373.0	70362.68	0.3367,7.1584,5.3195,12.8005,0.0627,0.0337,0.4035,3.549,1.0937,6.0843,0.0735
sec_contact_bottle_schange_thr_epoch	Round_4_Replicate_59	-105373.53	210769.06	214594.37	91265.41	0.7413,6.4097,2.4995,7.6612,0.0881,0.0279,0.8452,3.25,0.4437,5.5149,0.0642
sec_contact_bottle_schange_thr_epoch	Round_4_Replicate_60	-123085.42	246192.84	258078.47	94087.89	0.3481,2.3922,2.8517,5.974,0.17,0.0489,0.3353,2.7285,0.6801,5.0336,0.0963
sec_contact_bottle_schange_thr_epoch	Round_4_Replicate_61	-134087.26	268196.52	266885.55	80446.67	0.7606,8.2217,2.1704,7.5288,0.2072,0.0696,0.6112,1.6878,0.4318,5.9188,0.1128
sec_contact_bottle_schange_thr_epoch	Round_4_Replicate_62	-150912.82	301847.64	324958.85	66657.72	0.8042,3.7064,2.8837,18.3668,0.2076,0.0541,0.4489,1.1431,1.0133,5.3111,0.1235
sec_contact_bottle_schange_thr_epoch	Round_4_Replicate_63	-120706.43	241434.86	242451.92	55141.18	0.7206,4.601,6.5312,9.8771,0.1006,0.0723,0.5153,2.9911,1.0499,7.7315,0.1359
sec_contact_bottle_schange_thr_epoch	Round_4_Replicate_64	-141749.58	283521.16	278591.41	114036.06	0.2404,3.3573,2.0954,16.1873,0.0888,0.0376,0.3064,2.9637,0.6283,8.2574,0.0835
sec_contact_bottle_schange_thr_epoch	Round_4_Replicate_65	-159958.35	319938.7	329134.09	94311.09	0.4092,6.2818,2.6671,12.1654,0.1616,0.0811,0.9179,2.6653,0.4205,3.3374,0.1418
sec_contact_bottle_schange_thr_epoch	Round_4_Replicate_66	-106518.52	213059.04	222907.46	62980.93	0.2859,6.5467,5.2039,5.0601,0.0857,0.0406,0.5002,2.9843,1.5062,6.5667,0.0723
sec_contact_bottle_schange_thr_epoch	Round_4_Replicate_67	-123830.58	247683.16	262370.98	63986.46	0.2591,2.5378,3.5703,9.3844,0.1213,0.0352,0.3649,1.2493,0.9389,6.5458,0.077
sec_contact_bottle_schange_thr_epoch	Round_4_Replicate_68	-160349.82	320721.64	341997.73	70075.08	0.2937,2.9994,2.3032,6.0703,0.1715,0.0829,0.7111,1.7218,0.8271,6.7856,0.0824
sec_contact_bottle_schange_thr_epoch	Round_4_Replicate_69	-110126.28	220274.56	225977.01	62285.93	0.4407,4.3313,4.1235,16.4337,0.1854,0.0631,0.9991,3.5273,0.7445,6.7901,0.1376
sec_contact_bottle_schange_thr_epoch	Round_4_Replicate_70	-130161.49	260344.98	278279.67	65582.35	0.3041,5.5903,4.0318,5.6939,0.1265,0.0661,0.8899,1.348,1.2291,4.2946,0.1076
sec_contact_bottle_schange_thr_epoch	Round_4_Replicate_71	-119012.73	238047.46	247558.71	85041.68	0.5326,3.4226,2.8306,15.897,0.1025,0.0372,0.7256,3.721,0.8798,9.9136,0.1069
sec_contact_bottle_schange_thr_epoch	Round_4_Replicate_72	-117755.36	235532.72	240349.84	51648.17	0.3485,2.6209,3.8717,15.6415,0.1617,0.0534,0.3957,1.2414,0.4649,11.0861,0.1209
sec_contact_bottle_schange_thr_epoch	Round_4_Replicate_73	-108099.32	216220.64	225649.13	60137.44	0.8595,2.1037,4.1175,18.5519,0.0731,0.0246,0.6771,2.1413,0.9676,7.4077,0.0708
sec_contact_bottle_schange_thr_epoch	Round_4_Replicate_74	-155510.37	311042.74	346169.72	64720.4	0.7577,2.1689,4.9116,9.6226,0.0972,0.0435,0.3412,1.1652,0.9596,4.3419,0.0844
sec_contact_bottle_schange_thr_epoch	Round_4_Replicate_75	-131694.03	263410.06	287200.85	104650.28	0.4724,5.2807,2.1439,16.9298,0.1392,0.027,0.4861,2.3133,0.9696,4.1775,0.0789
sec_contact_bottle_schange_thr_epoch	Round_4_Replicate_76	-169701.18	339424.36	387004.82	65014.14	0.4384,2.6134,4.1949,10.5837,0.1329,0.066,0.9982,1.1996,0.6585,3.9597,0.1289
sec_contact_bottle_schange_thr_epoch	Round_4_Replicate_77	-128833.58	257689.16	264592.14	102997.41	0.3383,3.9538,3.0244,5.9904,0.1036,0.0478,0.2999,2.9496,0.8864,3.9379,0.0815
sec_contact_bottle_schange_thr_epoch	Round_4_Replicate_78	-108754.76	217531.52	224542.97	50014.33	0.5298,3.3531,5.7522,18.4954,0.1414,0.0553,0.6035,2.6317,0.7658,8.4677,0.1182
sec_contact_bottle_schange_thr_epoch	Round_4_Replicate_79	-100252.22	200526.44	204538.39	54871.42	0.5079,3.121,5.4898,5.9008,0.0811,0.0397,0.5448,2.6072,0.9303,8.5152,0.0768
sec_contact_bottle_schange_thr_epoch	Round_4_Replicate_80	-116489.75	233001.5	238948.1	50955.69	0.3923,6.523,3.2086,10.2993,0.2147,0.068,0.5415,1.0966,0.6544,11.5566,0.1406
sec_contact_bottle_schange_thr_epoch	Round_4_Replicate_81	-113738.85	227499.7	220732.09	68378.6	0.2606,5.1854,2.8461,7.5455,0.0825,0.035,0.4718,1.6541,0.7134,10.1694,0.0653
sec_contact_bottle_schange_thr_epoch	Round_4_Replicate_82	-133013.48	266048.96	268987.24	77137.25	0.6587,5.4564,2.9363,13.2814,0.1915,0.066,0.309,1.8873,0.4695,7.4007,0.1314
sec_contact_bottle_schange_thr_epoch	Round_4_Replicate_83	-102007.26	204036.52	199170.49	63798.32	0.6369,3.5868,3.4827,5.386,0.0983,0.0509,0.8456,2.4834,1.4438,8.322,0.0871
sec_contact_bottle_schange_thr_epoch	Round_4_Replicate_84	-154698.21	309418.42	310922.1	91975.04	0.2908,7.9437,3.0888,8.1907,0.1053,0.0645,0.3366,2.8102,0.68,4.5182,0.085
sec_contact_bottle_schange_thr_epoch	Round_4_Replicate_85	-274183.1	548388.2	710644.43	99351.45	0.7964,9.5707,3.3096,9.0898,0.0692,0.0359,0.7442,1.8662,1.1647,3.7192,0.1347
sec_contact_bottle_schange_thr_epoch	Round_4_Replicate_86	-212720.27	425462.54	409100.97	103322.75	0.3123,3.7757,2.0782,9.9552,0.0842,0.079,0.6025,2.6597,0.9611,5.4275,0.109
sec_contact_bottle_schange_thr_epoch	Round_4_Replicate_87	-118790.69	237603.38	251688.83	45704.32	0.839,7.2685,5.2912,9.4359,0.0944,0.0401,0.5201,0.9881,0.3919,7.8093,0.0766
sec_contact_bottle_schange_thr_epoch	Round_4_Replicate_88	-127108.37	254238.74	269513.1	72616.76	0.7072,4.5907,4.2872,18.5417,0.1072,0.0357,0.3053,2.0247,0.5082,5.0417,0.0853
sec_contact_bottle_schange_thr_epoch	Round_4_Replicate_89	-135136.96	270295.92	292013.88	76186.41	0.4738,5.028,2.1947,13.8774,0.0981,0.0222,0.3615,1.2497,0.4575,12.0304,0.0642
sec_contact_bottle_schange_thr_epoch	Round_4_Replicate_90	-146228.69	292479.38	311650.37	53206.34	0.7623,2.7079,3.9005,14.6224,0.0895,0.045,0.7772,1.0131,1.3099,6.0667,0.1
sec_contact_bottle_schange_thr_epoch	Round_4_Replicate_91	-173280.68	346583.36	375839.57	59030.3	0.5436,5.1429,6.9401,5.4485,0.0606,0.072,0.9159,1.549,0.5296,4.3848,0.0804
sec_contact_bottle_schange_thr_epoch	Round_4_Replicate_92	-174758.96	349539.92	410967.62	66500.66	0.3493,5.1415,4.8642,8.1355,0.1606,0.065,0.4073,1.0354,1.4153,3.7886,0.1287
sec_contact_bottle_schange_thr_epoch	Round_4_Replicate_93	-101249.39	202520.78	196921.46	54710.58	0.3852,8.6747,4.0235,5.8577,0.1319,0.0671,0.7089,2.3328,0.4675,11.7618,0.1094
sec_contact_bottle_schange_thr_epoch	Round_4_Replicate_94	-137947.1	275916.2	311622.04	37124.67	0.4598,3.1937,5.9005,19.9463,0.0993,0.0376,0.8533,0.9872,0.4707,8.2894,0.0838
sec_contact_bottle_schange_thr_epoch	Round_4_Replicate_95	-112323.23	224668.46	230978.38	82271.29	0.8419,5.4162,2.2575,14.729,0.1797,0.0415,0.9288,2.8162,0.6117,7.1005,0.1054
sec_contact_bottle_schange_thr_epoch	Round_4_Replicate_96	-165867.01	331756.02	358225.25	67682.11	0.3269,3.9407,5.0817,8.2691,0.1369,0.0883,0.3554,1.7641,0.7161,4.4923,0.1192
sec_contact_bottle_schange_thr_epoch	Round_4_Replicate_97	-118997.97	238017.94	250631.67	71321.76	0.6465,7.4527,3.5626,24.6512,0.1834,0.0313,0.5704,3.3278,0.5825,6.8626,0.0934
sec_contact_bottle_schange_thr_epoch	Round_4_Replicate_98	-145059.94	290141.88	321579.3	77341.28	0.2937,3.2833,2.6951,8.477,0.1581,0.0429,1.1283,1.546,0.6211,3.4023,0.0884
sec_contact_bottle_schange_thr_epoch	Round_4_Replicate_99	-119728.46	239478.92	237958.62	72819.73	0.8405,2.4665,2.1392,10.6071,0.139,0.0352,0.5224,1.5033,0.8957,10.9642,0.0753
sec_contact_bottle_schange_thr_epoch	Round_4_Replicate_100	-105090.38	210202.76	220780.0	39361.51	0.3555,8.2108,9.0053,5.2047,0.0954,0.0714,0.5011,2.953,1.3931,10.8677,0.0982
