Model	Replicate	log-likelihood	AIC	chi-squared	theta	optimized_params(nu1i, nu2i, nu1m, nu2m, nu1f, nu2f, m12, m21, T1, T2, T3)
sec_contact_bottle_schange_thr_epoch	Round_1_Replicate_1	-1844303.54	3688629.08	34777192.7	158253.78	0.5262,0.5588,0.3755,0.1755,0.5942,5.799,0.36,2.2093,0.7315,0.4082,0.7356
sec_contact_bottle_schange_thr_epoch	Round_1_Replicate_2	-1222443.5	2444909.0	7098257.15	57447.18	2.1698,0.1366,0.4141,7.4783,1.0673,2.9857,0.4377,2.0206,7.29,0.6287,1.065
sec_contact_bottle_schange_thr_epoch	Round_1_Replicate_3	-3240008.02	6480038.04	8.674264447678156e+18	82080.55	7.4359,1.0451,0.2493,0.2135,0.3685,0.5116,1.8323,0.4184,7.3477,1.8761,6.2906
sec_contact_bottle_schange_thr_epoch	Round_1_Replicate_4	-1259808.01	2519638.02	13161160.69	66201.3	0.1863,1.735,1.7848,1.4786,2.5951,0.9271,0.4329,0.1885,1.9011,3.0956,1.7517
sec_contact_bottle_schange_thr_epoch	Round_1_Replicate_5	-508790.01	1017602.02	1613449.86	150922.89	3.59,7.2967,1.7016,4.4076,0.2869,0.4239,0.2321,0.5355,0.3008,0.2875,0.3619
sec_contact_bottle_schange_thr_epoch	Round_1_Replicate_6	-2895756.84	5791535.68	279911200.6	133239.65	3.6831,0.1784,0.6546,0.9316,0.2253,2.2773,5.0581,1.4294,1.4627,0.3807,1.7073
sec_contact_bottle_schange_thr_epoch	Round_1_Replicate_7	-7882235.68	15764493.36	631860908505585.2	81577.55	2.5864,4.8427,1.9386,0.3449,0.3492,0.4455,1.31,0.8406,4.8895,0.261,5.3956
sec_contact_bottle_schange_thr_epoch	Round_1_Replicate_8	-2542021.94	5084065.88	399853215502134.4	77537.04	1.4857,0.3117,0.7338,0.7557,0.449,0.1492,1.654,1.1101,0.4625,1.048,6.4001
sec_contact_bottle_schange_thr_epoch	Round_1_Replicate_9	-1555113.54	3110249.08	18832894.33	227969.7	0.1623,0.2327,2.0433,0.1754,1.301,0.1375,7.0063,0.1561,1.8021,0.4908,0.2702
sec_contact_bottle_schange_thr_epoch	Round_1_Replicate_10	-333394.48	666810.96	674041.94	58013.15	0.3175,1.8812,1.0951,2.9312,7.1678,2.2699,1.634,0.1839,7.4521,3.2352,0.2487
sec_contact_bottle_schange_thr_epoch	Round_1_Replicate_11	-451145.75	902313.5	1224423.88	49834.47	1.7789,1.7946,2.0145,3.5316,5.0512,4.1778,8.0519,0.5665,0.4915,5.8549,0.6849
sec_contact_bottle_schange_thr_epoch	Round_1_Replicate_12	-1676497.68	3353017.36	34098425.58	53972.7	0.1483,2.0144,1.2397,3.1594,6.5635,1.437,1.3405,0.6883,1.2014,0.1564,2.5774
sec_contact_bottle_schange_thr_epoch	Round_1_Replicate_13	-3602789.66	7205601.32	2555347125.39	99681.31	3.3308,0.507,0.1968,0.7396,0.7184,6.5679,0.3888,1.8745,4.1162,3.6794,1.8581
sec_contact_bottle_schange_thr_epoch	Round_1_Replicate_14	-1296378.04	2592778.08	8879839.06	122740.26	3.6504,3.7006,1.3423,0.2388,0.2318,0.1634,2.9928,5.2527,7.9246,0.7704,0.4926
sec_contact_bottle_schange_thr_epoch	Round_1_Replicate_15	-1344217.7	2688457.4	15966498.48	143558.46	0.2029,2.9495,2.3577,1.0063,0.51,0.5275,1.0315,0.4345,0.2384,0.9902,1.1985
sec_contact_bottle_schange_thr_epoch	Round_2_Replicate_1	-681016.39	1362054.78	2595731.74	27956.69	0.9323,4.3889,0.3783,5.9196,1.959,5.523,0.9055,0.7084,23.4995,0.8997,0.0895
sec_contact_bottle_schange_thr_epoch	Round_2_Replicate_2	-463248.64	926519.28	1078709.72	67100.0	0.1782,0.6895,0.986,0.9871,16.155,8.1805,1.0399,0.0951,20.3724,2.8051,0.1965
sec_contact_bottle_schange_thr_epoch	Round_2_Replicate_3	-456446.93	912915.86	1859682.11	56513.4	0.1874,2.9381,3.0424,2.276,2.5321,2.1407,0.9137,0.0464,2.9629,4.3027,0.0903
sec_contact_bottle_schange_thr_epoch	Round_2_Replicate_4	-486060.66	972143.32	2714622.22	116488.22	0.3183,1.4392,0.6516,1.528,1.998,3.4708,5.3691,0.1741,21.2557,5.5492,0.0967
sec_contact_bottle_schange_thr_epoch	Round_2_Replicate_5	-313776.08	627574.16	653648.1	52498.47	0.8943,5.1348,0.5305,1.1635,7.7113,4.0179,0.8755,0.6755,10.0056,0.8424,0.1743
sec_contact_bottle_schange_thr_epoch	Round_2_Replicate_6	-302034.14	604090.28	517207.64	143831.21	0.3632,1.2121,0.2915,0.8138,1.8973,4.5984,3.6687,0.2939,22.722,2.0281,0.0946
sec_contact_bottle_schange_thr_epoch	Round_2_Replicate_7	-458242.74	916507.48	1332894.11	63322.76	0.58,2.2248,1.9714,4.5125,2.3165,1.1595,0.4471,0.4125,1.9322,1.5231,0.7424
sec_contact_bottle_schange_thr_epoch	Round_2_Replicate_8	-298374.18	596770.36	521041.71	80031.16	0.0928,3.364,0.4421,2.4283,7.5762,1.5147,1.759,0.0882,4.8719,2.135,0.0682
sec_contact_bottle_schange_thr_epoch	Round_2_Replicate_9	-442119.29	884260.58	851250.64	94244.0	1.0651,0.6439,0.2982,3.109,2.6649,1.2396,2.2675,0.438,3.3565,1.9982,0.0743
sec_contact_bottle_schange_thr_epoch	Round_2_Replicate_10	-783068.55	1566159.1	4752837.98	79014.93	0.8124,4.2274,3.2668,1.3256,5.1626,6.3565,3.6152,0.0676,7.3234,11.1171,0.3287
sec_contact_bottle_schange_thr_epoch	Round_2_Replicate_11	-625188.66	1250399.32	1659434.79	29878.35	0.2947,5.3722,0.5748,7.0603,3.0553,4.0475,1.0956,0.1612,21.8823,2.3721,0.8585
sec_contact_bottle_schange_thr_epoch	Round_2_Replicate_12	-453578.19	907178.38	982797.86	118802.67	0.0868,1.1178,0.3147,1.4109,9.0461,0.8082,2.7782,0.0477,15.7575,3.3188,0.2389
sec_contact_bottle_schange_thr_epoch	Round_2_Replicate_13	-518851.26	1037724.52	1096416.3	40966.62	0.2066,1.1517,0.8363,6.7868,5.2161,4.7654,0.4256,0.1535,10.5827,2.0562,0.1611
sec_contact_bottle_schange_thr_epoch	Round_2_Replicate_14	-778262.45	1556546.9	3240139.3	60432.1	0.1261,1.946,3.0334,0.765,4.6045,2.3515,1.0861,0.4279,2.5514,2.3285,0.9283
sec_contact_bottle_schange_thr_epoch	Round_2_Replicate_15	-256469.47	512960.94	539250.51	52983.51	0.3492,3.5985,3.0081,2.6419,2.3228,1.2098,2.1812,0.6704,4.2048,4.3032,0.6818
sec_contact_bottle_schange_thr_epoch	Round_2_Replicate_16	-440232.09	880486.18	1196353.92	32864.67	0.4088,4.0074,2.6121,5.366,13.3202,4.5293,0.7135,0.622,3.9551,5.0614,0.5975
sec_contact_bottle_schange_thr_epoch	Round_2_Replicate_17	-322193.75	644409.5	642565.52	71426.69	0.0955,3.1214,0.6496,1.8286,9.382,0.9681,0.5001,0.2378,17.2793,8.0915,0.072
sec_contact_bottle_schange_thr_epoch	Round_2_Replicate_18	-427662.35	855346.7	2742198.17	34066.91	0.2655,4.3043,3.9509,4.153,2.1305,7.1712,2.3387,0.4254,11.5218,1.3245,0.4181
sec_contact_bottle_schange_thr_epoch	Round_2_Replicate_19	-279307.0	558636.0	497562.88	64465.29	0.186,0.5179,0.6027,2.4175,2.8782,2.0827,1.1896,0.2072,20.6246,4.9718,0.123
sec_contact_bottle_schange_thr_epoch	Round_2_Replicate_20	-622955.99	1245933.98	1949168.0	108758.0	1.1273,2.5482,0.5604,1.1105,2.0074,2.7023,2.4389,0.1417,4.0551,4.1419,0.5133
sec_contact_bottle_schange_thr_epoch	Round_2_Replicate_21	-428924.64	857871.28	769857.49	116990.67	0.5672,1.3068,0.3732,1.3401,25.7258,8.2916,2.7318,0.1232,14.6982,5.0405,0.1112
sec_contact_bottle_schange_thr_epoch	Round_2_Replicate_22	-319203.78	638429.56	652934.77	43716.68	0.2266,2.5933,0.7302,2.9719,22.2754,0.5904,0.6775,0.1046,14.7787,1.5802,0.1501
sec_contact_bottle_schange_thr_epoch	Round_2_Replicate_23	-312550.68	625123.36	762643.22	35461.19	1.0895,6.7122,1.8148,2.1358,18.8243,1.2011,3.9224,0.5938,13.5173,1.0751,0.4594
sec_contact_bottle_schange_thr_epoch	Round_2_Replicate_24	-580093.6	1160209.2	1307474.12	62748.43	0.2498,4.1479,0.3361,5.4804,19.4234,2.0228,1.2939,0.4284,2.9623,2.2467,0.0638
sec_contact_bottle_schange_thr_epoch	Round_2_Replicate_25	-315432.65	630887.3	595089.4	37405.0	0.7717,1.3543,1.4133,3.7947,3.3839,6.1083,0.8511,0.5697,22.2175,9.3878,0.3942
sec_contact_bottle_schange_thr_epoch	Round_2_Replicate_26	-776928.56	1553879.12	2156033.63	80649.86	0.2291,5.2154,0.3866,1.2956,22.3983,4.1072,0.9282,0.6942,14.9998,12.5632,0.4575
sec_contact_bottle_schange_thr_epoch	Round_2_Replicate_27	-472013.51	944049.02	1116893.67	41362.8	0.1377,5.6046,0.8719,1.0558,8.0441,5.2408,0.6407,0.0958,14.7402,1.2841,0.2627
sec_contact_bottle_schange_thr_epoch	Round_2_Replicate_28	-383494.38	767010.76	1262706.59	37015.57	0.1096,3.5589,3.494,3.528,2.9764,9.1451,0.5773,0.4556,2.3863,7.3522,0.2824
sec_contact_bottle_schange_thr_epoch	Round_2_Replicate_29	-501870.63	1003763.26	1138107.91	58333.68	0.1641,2.1359,2.4624,11.3484,5.2264,0.6147,0.5332,0.563,2.8129,0.9225,0.184
sec_contact_bottle_schange_thr_epoch	Round_2_Replicate_30	-495251.2	990524.4	1676121.48	54024.11	0.6577,0.6009,2.3848,3.5661,20.3199,0.635,6.3755,0.0707,26.039,5.8733,0.3698
sec_contact_bottle_schange_thr_epoch	Round_3_Replicate_1	-226040.45	452102.9	437847.48	57599.16	0.1883,4.6025,1.2741,5.5102,0.7536,0.6232,3.1093,2.5119,2.9219,9.5563,0.2683
sec_contact_bottle_schange_thr_epoch	Round_3_Replicate_2	-205652.9	411327.8	465144.63	41920.55	0.6042,13.0521,2.9387,8.7052,1.0242,0.6229,3.8494,2.603,4.1583,6.2932,0.7968
sec_contact_bottle_schange_thr_epoch	Round_3_Replicate_3	-276892.4	553806.8	641399.37	46754.39	0.8565,2.671,3.2424,2.8917,2.8111,1.123,3.4604,0.6235,9.968,1.0901,0.9137
sec_contact_bottle_schange_thr_epoch	Round_3_Replicate_4	-169518.48	339058.96	352697.35	46730.95	0.4797,1.1437,3.7761,3.0853,0.8361,0.7177,0.9464,1.0468,4.4949,6.2847,0.2971
sec_contact_bottle_schange_thr_epoch	Round_3_Replicate_5	-393030.64	786083.28	975651.19	49520.47	0.7662,1.0757,2.7154,4.652,4.8746,0.5069,2.4684,0.2079,12.5303,1.4745,0.7207
sec_contact_bottle_schange_thr_epoch	Round_3_Replicate_6	-289072.35	578166.7	1247284.0	26512.24	0.1169,7.9801,4.9901,8.8464,1.7941,0.8602,1.6251,1.4845,13.5974,2.3279,0.3764
sec_contact_bottle_schange_thr_epoch	Round_3_Replicate_7	-238005.73	476033.46	530090.98	45840.71	0.0975,1.5222,2.5558,6.4812,2.7288,0.7418,8.2616,0.8141,6.7734,5.2143,0.8714
sec_contact_bottle_schange_thr_epoch	Round_3_Replicate_8	-1336617.89	2673257.78	13229572.81	49036.35	1.0514,2.5589,1.2365,0.6797,9.0787,1.2993,0.8795,2.3732,10.4693,1.9199,1.9717
sec_contact_bottle_schange_thr_epoch	Round_3_Replicate_9	-517361.84	1034745.68	1210795.85	41603.6	0.1496,4.0337,3.0809,8.3453,1.07,4.375,0.5972,2.583,13.6919,2.2707,1.333
sec_contact_bottle_schange_thr_epoch	Round_3_Replicate_10	-378317.88	756657.76	781783.0	61550.11	0.0852,0.9676,1.6566,2.4065,7.6719,2.7319,0.8708,0.2216,3.774,1.7113,0.2066
sec_contact_bottle_schange_thr_epoch	Round_3_Replicate_11	-347134.36	694290.72	641216.86	30573.8	0.4148,14.2252,2.4104,8.537,1.5046,4.3387,4.0464,0.9511,4.3695,7.7203,0.9994
sec_contact_bottle_schange_thr_epoch	Round_3_Replicate_12	-355127.47	710276.94	1200818.15	31808.29	0.3151,7.9605,11.8403,2.4602,1.3219,0.7811,0.8978,0.5207,8.4548,13.1978,0.2442
sec_contact_bottle_schange_thr_epoch	Round_3_Replicate_13	-763002.88	1526027.76	3730398.76	68907.16	0.598,12.2454,4.4177,1.1484,1.1682,2.8141,1.7147,1.9532,1.411,1.6451,1.5878
sec_contact_bottle_schange_thr_epoch	Round_3_Replicate_14	-520784.0	1041590.0	6356472.08	23845.34	0.1182,16.1137,9.8495,8.2789,5.2816,1.1089,2.7107,0.3615,2.2795,13.3529,0.4283
sec_contact_bottle_schange_thr_epoch	Round_3_Replicate_15	-1205892.89	2411807.78	10291857.87	95574.53	0.2546,13.6729,4.9338,0.903,0.597,3.25,3.4404,0.4587,8.564,15.1761,1.7049
sec_contact_bottle_schange_thr_epoch	Round_3_Replicate_16	-424213.98	848449.96	1232771.17	40201.86	0.4031,1.6351,6.6357,5.5359,0.6418,0.6579,0.635,0.5673,11.0109,6.3502,1.2422
sec_contact_bottle_schange_thr_epoch	Round_3_Replicate_17	-229584.42	459190.84	445773.05	39042.13	0.0944,7.236,3.3919,1.4269,3.1383,2.4472,0.7058,0.8498,10.8051,1.148,0.3141
sec_contact_bottle_schange_thr_epoch	Round_3_Replicate_18	-1058032.75	2116087.5	6567331.69	46755.12	0.0922,2.0011,8.0987,0.6977,5.8151,2.1236,1.6243,0.711,6.8119,4.2861,1.4694
sec_contact_bottle_schange_thr_epoch	Round_3_Replicate_19	-379325.58	758673.16	692063.09	31614.13	0.6787,6.6669,1.5882,7.8421,0.7375,4.5284,0.5804,0.1988,10.8773,1.5768,0.1738
sec_contact_bottle_schange_thr_epoch	Round_3_Replicate_20	-409116.16	818254.32	936015.89	52780.94	0.6225,11.3855,4.5689,1.7927,4.5676,0.7258,2.2343,0.8387,1.1461,10.4368,0.6032
sec_contact_bottle_schange_thr_epoch	Round_3_Replicate_21	-720674.46	1441370.92	2542883.14	43540.37	0.0898,5.1547,6.2238,1.5854,7.6136,0.6014,2.215,2.5292,3.8397,1.6714,1.1096
sec_contact_bottle_schange_thr_epoch	Round_3_Replicate_22	-1511857.18	3023736.36	20754098.04	65934.62	0.1874,12.0489,2.131,3.1285,2.8023,0.3461,1.2074,0.3001,1.4207,2.6295,2.1215
sec_contact_bottle_schange_thr_epoch	Round_3_Replicate_23	-573260.88	1146543.76	2052979.67	118587.89	0.8436,5.4313,7.9627,0.7124,0.9581,2.1773,6.5422,0.3785,1.4142,1.1147,0.2449
sec_contact_bottle_schange_thr_epoch	Round_3_Replicate_24	-1206914.57	2413851.14	10932408.09	47786.79	0.286,2.3727,2.4708,1.3498,5.3457,1.0293,2.0198,2.6444,3.5245,6.3984,2.4419
sec_contact_bottle_schange_thr_epoch	Round_3_Replicate_25	-953799.43	1907620.86	5661579.91	50216.28	0.2627,8.045,3.9678,5.0312,4.548,0.4191,4.0699,0.6412,2.2609,1.4093,1.8418
sec_contact_bottle_schange_thr_epoch	Round_3_Replicate_26	-352147.67	704317.34	715962.54	74948.56	0.2448,2.8085,1.238,0.9971,3.6186,2.0193,6.3452,1.848,5.2986,1.3545,0.5393
sec_contact_bottle_schange_thr_epoch	Round_3_Replicate_27	-723424.73	1446871.46	1932249.19	86827.91	0.1071,7.8096,6.9502,0.9826,6.324,0.7598,6.3779,0.9331,1.0878,9.0078,0.3248
sec_contact_bottle_schange_thr_epoch	Round_3_Replicate_28	-1124821.21	2249664.42	901201945.92	41631.61	0.5018,2.6621,8.8137,4.0463,2.3959,4.1907,8.4987,1.774,3.6812,4.8691,0.2056
sec_contact_bottle_schange_thr_epoch	Round_3_Replicate_29	-641351.68	1282725.36	2433197.6	90612.67	0.4629,5.7546,1.0138,1.0665,1.0132,1.6184,1.1981,0.9056,8.427,5.8499,0.8532
sec_contact_bottle_schange_thr_epoch	Round_3_Replicate_30	-329618.39	659258.78	779137.64	28630.22	0.1731,5.7389,5.4569,3.5236,5.7223,2.5547,0.9232,0.3666,10.7477,6.5983,1.4559
sec_contact_bottle_schange_thr_epoch	Round_3_Replicate_31	-1821472.21	3642966.42	26397870.13	64610.14	0.2812,10.3282,1.3943,8.2286,0.6409,0.3458,0.8917,0.5287,8.1425,14.1275,2.2889
sec_contact_bottle_schange_thr_epoch	Round_3_Replicate_32	-437036.52	874095.04	1388463.6	38773.4	1.294,6.1572,8.8206,4.9016,2.8579,0.8891,2.4406,1.3661,2.6656,3.9683,1.5804
sec_contact_bottle_schange_thr_epoch	Round_3_Replicate_33	-450633.04	901288.08	1177956.31	84525.88	0.1598,3.5197,3.1987,1.9898,0.8377,2.5623,8.7888,0.2078,1.4289,16.7585,0.9198
sec_contact_bottle_schange_thr_epoch	Round_3_Replicate_34	-626294.7	1252611.4	6739893.96	61779.18	0.3923,4.0727,3.5113,4.048,1.3246,3.8779,2.397,1.2463,1.3012,1.0845,0.2976
sec_contact_bottle_schange_thr_epoch	Round_3_Replicate_35	-171095.6	342213.2	318114.7	61133.81	0.3765,5.7943,1.4193,4.1383,1.1384,0.5905,5.556,0.3008,5.2233,3.0316,0.3858
sec_contact_bottle_schange_thr_epoch	Round_3_Replicate_36	-1575529.11	3151080.22	23456194.35	72653.37	0.9424,1.864,0.788,3.5576,1.7054,0.5691,6.1098,0.9078,10.846,1.0879,2.3874
sec_contact_bottle_schange_thr_epoch	Round_3_Replicate_37	-208819.13	417660.26	514790.7	32212.06	0.346,1.7346,3.7919,5.9649,2.9129,0.5887,2.0702,0.5622,2.1925,14.8839,0.422
sec_contact_bottle_schange_thr_epoch	Round_3_Replicate_38	-318301.43	636624.86	879358.01	44948.54	0.1429,10.6163,5.9581,2.5333,2.131,0.3294,0.5819,2.298,2.0098,5.1922,0.2233
sec_contact_bottle_schange_thr_epoch	Round_3_Replicate_39	-1190614.67	2381251.34	11405481.18	60518.43	0.2276,1.2303,1.4982,2.3813,3.8471,0.9961,2.85,0.2292,5.6049,2.1532,2.3225
sec_contact_bottle_schange_thr_epoch	Round_3_Replicate_40	-385579.82	771181.64	980328.59	59926.19	0.2815,6.2188,4.2258,6.7871,2.3095,0.4845,1.7413,0.3185,1.3287,1.1912,0.6247
sec_contact_bottle_schange_thr_epoch	Round_3_Replicate_41	-683602.12	1367226.24	34757477.67	35429.87	0.833,3.2033,3.3834,4.9392,2.5655,2.3268,2.9509,1.0149,2.2736,8.6444,0.2049
sec_contact_bottle_schange_thr_epoch	Round_3_Replicate_42	-465090.45	930202.9	1452215.1	44698.72	0.1305,2.9943,9.7923,1.686,4.1186,2.5658,4.4995,2.3107,1.7438,17.1292,0.5776
sec_contact_bottle_schange_thr_epoch	Round_3_Replicate_43	-356942.97	713907.94	1776580.47	44708.54	0.1216,3.9029,3.1301,4.4192,2.9223,0.8997,4.1831,0.5554,3.9348,6.0913,0.3277
sec_contact_bottle_schange_thr_epoch	Round_3_Replicate_44	-458296.83	916615.66	1021151.4	50051.08	0.823,1.7313,5.5593,1.7376,6.4092,0.7126,2.0859,0.8864,3.9725,2.5055,0.4598
sec_contact_bottle_schange_thr_epoch	Round_3_Replicate_45	-476853.04	953728.08	2107387.99	92499.32	0.0867,11.1699,1.4937,1.3411,3.7499,1.2765,7.6069,1.6216,4.1486,10.2276,0.236
sec_contact_bottle_schange_thr_epoch	Round_3_Replicate_46	-1122086.71	2244195.42	8256882.59	48699.21	1.2229,2.0424,1.8962,0.8487,7.2158,3.6836,5.4927,1.5748,11.5132,3.1438,2.1465
sec_contact_bottle_schange_thr_epoch	Round_3_Replicate_47	-666754.23	1333530.46	23697015.0	42735.22	0.093,8.6505,5.983,2.5297,1.9668,4.0107,6.6876,1.7159,7.3127,2.1765,0.2708
sec_contact_bottle_schange_thr_epoch	Round_3_Replicate_48	-329634.84	659291.68	611148.04	91717.16	0.4075,5.6213,0.9436,1.651,1.4694,2.5448,4.0344,0.6186,1.446,7.2559,0.3253
sec_contact_bottle_schange_thr_epoch	Round_3_Replicate_49	-705779.49	1411580.98	2707838.15	43359.89	0.3923,5.1364,6.1835,7.7164,1.6928,4.3379,1.9804,1.1574,1.3586,1.6126,2.132
sec_contact_bottle_schange_thr_epoch	Round_3_Replicate_50	-394960.94	789943.88	909684.49	84310.48	1.1632,1.6156,0.8423,1.2591,0.9821,2.519,0.7503,0.8808,14.2318,5.6933,0.4009
sec_contact_bottle_schange_thr_epoch	Round_4_Replicate_1	-173384.37	346790.74	323519.78	49599.33	0.6479,0.5881,2.5047,2.8805,0.7465,0.9255,1.1669,0.7572,6.9185,13.0713,0.2697
sec_contact_bottle_schange_thr_epoch	Round_4_Replicate_2	-231478.68	462979.36	573651.55	32736.03	0.8945,1.7859,4.7209,5.7093,0.6185,1.1113,0.8518,1.4859,4.151,14.7136,0.3215
sec_contact_bottle_schange_thr_epoch	Round_4_Replicate_3	-164082.4	328186.8	314320.26	50795.27	0.9228,1.5098,2.5786,2.5733,1.1712,0.8385,1.43,0.6019,10.8552,4.3936,0.4098
sec_contact_bottle_schange_thr_epoch	Round_4_Replicate_4	-153793.25	307608.5	297272.07	33566.22	0.3314,0.7273,5.2489,3.5734,1.5828,1.0407,0.7528,1.5227,9.6129,12.6166,0.601
sec_contact_bottle_schange_thr_epoch	Round_4_Replicate_5	-164554.45	329130.9	328108.66	45600.79	0.3172,0.6022,3.2572,3.0957,1.5557,0.5643,1.673,0.9133,4.1418,15.4143,0.4295
sec_contact_bottle_schange_thr_epoch	Round_4_Replicate_6	-216488.29	432998.58	455981.45	69320.85	0.6787,2.2217,2.1664,1.7987,1.5894,0.4447,1.7447,0.8484,2.7535,9.5865,0.3433
sec_contact_bottle_schange_thr_epoch	Round_4_Replicate_7	-283940.64	567903.28	1252065.67	32914.98	0.9515,0.6589,5.1815,3.2547,1.4421,0.7383,0.7595,1.3932,7.8136,10.7837,0.224
sec_contact_bottle_schange_thr_epoch	Round_4_Replicate_8	-191342.72	382707.44	422256.29	41591.56	0.2322,0.7159,5.0114,3.6587,1.503,0.66,0.8843,1.7706,6.5331,4.8375,0.408
sec_contact_bottle_schange_thr_epoch	Round_4_Replicate_9	-192049.6	384121.2	404216.14	50595.33	0.3176,1.8613,7.9845,1.9302,0.541,1.3453,1.1391,0.8525,4.1228,9.2466,0.5353
sec_contact_bottle_schange_thr_epoch	Round_4_Replicate_10	-180769.06	361560.12	404529.5	61956.62	0.589,1.1551,3.997,1.9805,0.6832,0.5488,1.7514,1.5187,3.6468,6.1694,0.4602
sec_contact_bottle_schange_thr_epoch	Round_4_Replicate_11	-289243.52	578509.04	955297.35	40786.21	0.3755,1.6969,4.0769,4.8863,0.6033,1.2961,1.3302,1.0258,2.7101,6.5,0.2614
sec_contact_bottle_schange_thr_epoch	Round_4_Replicate_12	-150708.92	301439.84	309129.93	45114.03	0.2817,1.331,4.906,3.9991,0.9486,0.3869,0.5853,1.3912,4.9768,6.3816,0.3813
sec_contact_bottle_schange_thr_epoch	Round_4_Replicate_13	-157891.35	315804.7	314004.22	41523.27	0.3409,1.6891,6.8746,2.3682,0.6599,1.1457,0.8201,1.1082,5.4213,8.652,0.5213
sec_contact_bottle_schange_thr_epoch	Round_4_Replicate_14	-215407.1	430836.2	439192.94	56845.93	0.3908,2.2735,2.1151,4.2106,1.3016,0.6217,0.8793,1.2501,3.712,4.1681,0.2869
sec_contact_bottle_schange_thr_epoch	Round_4_Replicate_15	-175935.36	351892.72	358811.31	54948.67	0.6231,0.7561,6.1256,2.8365,0.5115,0.6918,0.8869,1.3928,2.8331,3.9815,0.3877
sec_contact_bottle_schange_thr_epoch	Round_4_Replicate_16	-214570.88	429163.76	402523.59	49254.5	0.2283,1.7446,2.5032,2.5468,1.5446,1.4036,0.5293,0.5993,6.6663,3.2183,0.2307
sec_contact_bottle_schange_thr_epoch	Round_4_Replicate_17	-251026.81	502075.62	614213.89	62227.82	0.8535,1.0604,2.349,2.7553,1.1515,0.6432,0.5494,0.726,4.279,3.6979,0.5419
sec_contact_bottle_schange_thr_epoch	Round_4_Replicate_18	-147040.1	294102.2	274212.87	42527.52	0.3478,0.9726,4.8274,2.6104,0.6838,1.0128,1.141,1.1352,5.0467,13.5015,0.4039
sec_contact_bottle_schange_thr_epoch	Round_4_Replicate_19	-149156.81	298335.62	281866.33	36070.63	0.3223,2.1498,4.5782,3.7222,1.092,0.9769,0.6694,0.6193,3.6649,14.6601,0.4816
sec_contact_bottle_schange_thr_epoch	Round_4_Replicate_20	-323156.59	646335.18	1916010.96	30916.28	0.5356,1.8408,6.38,4.451,1.5269,0.7113,1.2184,1.7538,7.0096,6.9071,0.2693
sec_contact_bottle_schange_thr_epoch	Round_4_Replicate_21	-144847.47	289716.94	279543.02	48322.97	0.6381,0.8264,4.8179,3.085,0.6557,0.6828,1.6712,1.8464,6.2836,4.6074,0.4383
sec_contact_bottle_schange_thr_epoch	Round_4_Replicate_22	-218588.87	437199.74	521331.7	40415.67	0.3558,1.7005,5.5897,3.2691,1.4624,0.8943,1.5026,0.6388,3.543,11.4942,0.3943
sec_contact_bottle_schange_thr_epoch	Round_4_Replicate_23	-139587.43	279196.86	282817.36	39443.24	0.2749,0.9355,6.3522,3.5758,0.5774,0.5994,0.5614,1.32,4.778,10.525,0.4716
sec_contact_bottle_schange_thr_epoch	Round_4_Replicate_24	-148149.96	296321.92	301051.15	51794.48	0.2574,0.6459,5.3019,2.32,0.6379,0.4969,0.9309,1.9547,2.2405,6.4441,0.339
sec_contact_bottle_schange_thr_epoch	Round_4_Replicate_25	-183230.7	366483.4	347421.63	41051.53	0.3199,1.266,5.9318,4.9971,0.4926,0.9936,1.7381,0.7047,3.155,8.444,0.4008
sec_contact_bottle_schange_thr_epoch	Round_4_Replicate_26	-136065.31	272152.62	269944.8	47763.95	0.3105,2.186,4.5603,4.2177,0.5675,0.4379,1.5774,0.7416,3.8696,6.7292,0.3686
sec_contact_bottle_schange_thr_epoch	Round_4_Replicate_27	-140665.99	281353.98	275464.58	40273.07	0.4432,0.8053,3.533,4.4599,1.1699,0.5145,1.3064,0.5412,10.4821,7.5034,0.4141
sec_contact_bottle_schange_thr_epoch	Round_4_Replicate_28	-155061.49	310144.98	307976.2	56324.71	0.497,0.6754,4.7616,2.5557,0.4603,0.5808,0.93,0.7926,3.3309,5.0008,0.3094
sec_contact_bottle_schange_thr_epoch	Round_4_Replicate_29	-210141.18	420304.36	398256.44	64063.98	0.7517,0.7325,2.0757,4.716,0.9695,0.6074,0.9025,1.8657,2.2917,5.8865,0.3559
sec_contact_bottle_schange_thr_epoch	Round_4_Replicate_30	-162003.84	324029.68	294666.47	46922.21	0.8538,0.7666,5.2051,3.0,0.4387,1.0457,1.4835,0.6532,10.6231,6.118,0.3538
sec_contact_bottle_schange_thr_epoch	Round_4_Replicate_31	-206662.4	413346.8	416264.99	42882.55	0.5493,0.7149,2.3397,4.3365,1.4556,0.9893,1.0034,0.641,7.9732,5.0838,0.3101
sec_contact_bottle_schange_thr_epoch	Round_4_Replicate_32	-260177.1	520376.2	683527.51	66430.47	0.4968,1.5154,4.0364,2.1511,0.7528,0.481,1.2994,0.8595,3.4549,4.2449,0.5596
sec_contact_bottle_schange_thr_epoch	Round_4_Replicate_33	-174443.23	348908.46	372388.97	50301.57	0.7695,1.0172,5.7778,2.3711,0.8533,0.6258,1.4348,1.0278,4.0644,7.3175,0.4687
sec_contact_bottle_schange_thr_epoch	Round_4_Replicate_34	-141495.59	283013.18	290559.32	45315.72	0.7626,0.9473,5.2465,1.9052,0.551,0.4813,0.5496,0.8784,9.4079,4.5661,0.2739
sec_contact_bottle_schange_thr_epoch	Round_4_Replicate_35	-231073.51	462169.02	548106.7	49922.3	0.3083,0.9899,6.8768,2.5445,0.9573,0.4116,1.8739,1.0934,5.0371,3.8748,0.2741
sec_contact_bottle_schange_thr_epoch	Round_4_Replicate_36	-356524.61	713071.22	1738312.43	41753.66	0.941,0.6238,2.5835,5.0792,1.5807,1.3247,1.5872,1.079,6.8448,3.7216,0.2561
sec_contact_bottle_schange_thr_epoch	Round_4_Replicate_37	-218106.62	436235.24	566061.91	48324.8	0.2928,1.0036,2.7124,3.1364,1.286,0.7111,1.4167,0.7545,3.5065,8.7693,0.2383
sec_contact_bottle_schange_thr_epoch	Round_4_Replicate_38	-343428.3	686878.6	1462780.24	39893.84	0.6085,1.8169,6.3022,1.786,1.5637,0.9757,1.6187,1.4255,9.8984,5.758,0.2308
sec_contact_bottle_schange_thr_epoch	Round_4_Replicate_39	-161203.71	322429.42	295929.07	42840.11	0.5848,0.9271,5.3226,2.6587,0.4826,1.1904,0.8778,1.0282,3.899,12.1499,0.4357
sec_contact_bottle_schange_thr_epoch	Round_4_Replicate_40	-308077.25	616176.5	1014876.43	43527.53	0.4871,1.2309,6.1671,5.8766,0.5396,1.1582,1.3523,0.9666,3.7963,3.3931,0.3025
sec_contact_bottle_schange_thr_epoch	Round_4_Replicate_41	-288401.9	576825.8	760340.93	75412.99	0.5611,1.8766,2.4076,1.6182,0.7385,0.6447,0.7361,0.8022,2.758,4.7904,0.505
sec_contact_bottle_schange_thr_epoch	Round_4_Replicate_42	-143365.03	286752.06	283609.77	64433.63	0.6101,0.6764,3.471,2.733,0.4713,0.3815,1.6602,0.958,4.3354,3.5748,0.2691
sec_contact_bottle_schange_thr_epoch	Round_4_Replicate_43	-204502.98	409027.96	422427.46	45135.85	0.8768,0.6637,4.6285,2.4815,1.6109,0.4669,0.6541,0.9347,3.169,6.1592,0.2984
sec_contact_bottle_schange_thr_epoch	Round_4_Replicate_44	-182361.1	364744.2	331563.27	50213.55	0.29,1.6029,3.2656,3.4728,0.6621,0.8911,0.5194,0.9996,7.7346,3.466,0.358
sec_contact_bottle_schange_thr_epoch	Round_4_Replicate_45	-188056.15	376134.3	347666.34	43680.34	0.7225,1.089,3.8418,4.9876,0.4431,0.6697,0.6538,0.5957,2.8814,6.9628,0.2676
sec_contact_bottle_schange_thr_epoch	Round_4_Replicate_46	-190595.98	381213.96	404592.05	40849.95	0.4125,0.9427,6.5238,4.0199,1.112,0.3954,0.9138,0.5324,7.2511,3.6973,0.3403
sec_contact_bottle_schange_thr_epoch	Round_4_Replicate_47	-162340.4	324702.8	320362.54	56056.93	0.2483,1.5676,2.4986,2.1724,1.2515,0.5658,1.7811,1.2662,8.1133,4.8523,0.3747
sec_contact_bottle_schange_thr_epoch	Round_4_Replicate_48	-193552.41	387126.82	358847.69	46290.94	0.4419,0.9777,2.6038,3.5477,0.9035,1.1737,0.748,0.9966,10.1378,3.5723,0.4949
sec_contact_bottle_schange_thr_epoch	Round_4_Replicate_49	-236701.98	473425.96	627452.53	55882.79	0.499,1.2572,2.3481,3.638,0.6825,0.7101,1.6281,1.5266,3.2574,4.728,0.2175
sec_contact_bottle_schange_thr_epoch	Round_4_Replicate_50	-172142.4	344306.8	339587.99	65457.35	0.8516,2.2279,2.6425,1.8798,1.0021,0.5471,1.5733,1.4305,3.1011,4.5045,0.3083
sec_contact_bottle_schange_thr_epoch	Round_4_Replicate_51	-173271.74	346565.48	348922.83	40093.46	0.3139,0.8991,4.5756,2.3693,1.3697,0.6814,0.4949,0.5955,3.7439,12.8599,0.3319
sec_contact_bottle_schange_thr_epoch	Round_4_Replicate_52	-180970.28	361962.56	384012.31	51752.3	0.4944,0.5728,4.358,1.7022,0.9324,0.4459,1.3568,1.3394,6.175,9.4527,0.2727
sec_contact_bottle_schange_thr_epoch	Round_4_Replicate_53	-179444.16	358910.32	356700.58	52874.52	0.263,1.7618,5.1854,2.0961,0.5193,1.1734,1.6073,1.3112,2.4594,12.5143,0.5147
sec_contact_bottle_schange_thr_epoch	Round_4_Replicate_54	-170167.19	340356.38	349259.45	48020.42	0.2696,1.3054,4.9728,1.6353,0.9037,0.7862,1.2239,1.4659,8.6249,4.3247,0.3436
sec_contact_bottle_schange_thr_epoch	Round_4_Replicate_55	-146639.99	293301.98	294442.85	55844.28	0.7043,0.5774,3.2185,2.7861,0.6652,0.3726,0.9039,0.551,2.4769,7.4931,0.2634
sec_contact_bottle_schange_thr_epoch	Round_4_Replicate_56	-138216.26	276454.52	267326.36	54948.57	0.8217,0.7442,3.379,2.3394,0.6944,0.4409,0.5444,1.502,4.1371,9.4456,0.2821
sec_contact_bottle_schange_thr_epoch	Round_4_Replicate_57	-159892.94	319807.88	338867.95	44609.42	0.596,1.972,6.216,2.2681,0.4643,0.8826,1.1323,1.77,5.6623,5.898,0.2893
sec_contact_bottle_schange_thr_epoch	Round_4_Replicate_58	-190236.68	380495.36	400551.73	55184.49	0.7434,1.8224,3.3225,2.1409,0.7733,0.9671,1.4323,0.7053,8.3476,12.1714,0.2645
sec_contact_bottle_schange_thr_epoch	Round_4_Replicate_59	-149246.28	298514.56	278019.85	41085.68	0.4112,1.767,4.5584,3.6798,0.6675,0.8959,1.1237,0.6452,9.4703,7.0721,0.4512
sec_contact_bottle_schange_thr_epoch	Round_4_Replicate_60	-167421.5	334865.0	344199.34	35977.15	0.2273,0.7238,6.1344,2.7289,1.5156,0.6856,0.6611,1.5382,3.3151,12.4599,0.5205
sec_contact_bottle_schange_thr_epoch	Round_4_Replicate_61	-166328.18	332678.36	307743.95	64093.23	0.2779,1.402,2.2472,3.0288,0.4883,0.5869,1.8518,0.8914,5.5469,3.3415,0.3134
sec_contact_bottle_schange_thr_epoch	Round_4_Replicate_62	-155905.19	311832.38	320994.58	60096.37	0.5349,0.6569,5.1623,1.7613,0.458,0.5271,1.839,1.1985,4.6974,10.1249,0.2531
sec_contact_bottle_schange_thr_epoch	Round_4_Replicate_63	-159009.42	318040.84	307055.97	52352.45	0.4273,2.1635,5.1636,2.2141,0.5389,0.8161,0.5432,1.8369,4.0587,5.8731,0.3552
sec_contact_bottle_schange_thr_epoch	Round_4_Replicate_64	-181948.63	363919.26	325180.18	53021.36	0.6741,0.6831,3.0579,2.6221,0.5515,1.2611,1.2695,0.6757,3.4318,12.4625,0.3114
sec_contact_bottle_schange_thr_epoch	Round_4_Replicate_65	-141476.27	282974.54	276542.74	79581.42	0.8621,0.6009,2.0917,2.1867,0.461,0.3111,1.5729,1.6811,2.7166,3.919,0.2359
sec_contact_bottle_schange_thr_epoch	Round_4_Replicate_66	-137782.62	275587.24	275874.96	40014.56	0.5237,1.7085,3.8055,4.5616,1.26,0.3586,0.7241,1.1391,4.9254,12.1988,0.395
sec_contact_bottle_schange_thr_epoch	Round_4_Replicate_67	-242935.07	485892.14	480594.29	54138.31	0.2454,1.6449,2.5217,4.9373,1.4746,0.9799,0.5515,1.9944,9.5737,5.1892,0.4303
sec_contact_bottle_schange_thr_epoch	Round_4_Replicate_68	-164161.93	328345.86	313544.16	59732.69	0.4594,1.2505,2.4015,1.7843,1.1044,0.5762,0.6566,0.8402,3.3551,11.8129,0.2491
sec_contact_bottle_schange_thr_epoch	Round_4_Replicate_69	-173571.34	347164.68	458833.22	31276.25	0.2485,1.0032,7.0672,5.3033,0.7524,0.3349,0.5483,0.9411,6.1316,8.6208,0.2399
sec_contact_bottle_schange_thr_epoch	Round_4_Replicate_70	-163178.54	326379.08	332686.17	46460.76	0.509,2.1677,4.3982,4.8856,1.0062,0.5431,1.4812,1.8732,2.6508,5.4872,0.4602
sec_contact_bottle_schange_thr_epoch	Round_4_Replicate_71	-158701.98	317425.96	318696.55	50966.84	0.2461,2.26,4.0943,2.1355,0.9757,0.5108,0.5818,1.3742,3.2829,7.6761,0.3305
sec_contact_bottle_schange_thr_epoch	Round_4_Replicate_72	-318758.03	637538.06	1519849.04	39468.93	0.4698,1.3991,3.0537,4.1763,1.2303,1.0842,1.2321,1.7384,5.5864,12.7386,0.2379
sec_contact_bottle_schange_thr_epoch	Round_4_Replicate_73	-132698.82	265419.64	264188.41	42123.07	0.4075,0.893,5.8582,4.0162,0.496,0.4527,0.8701,0.6577,2.2325,9.4479,0.3461
sec_contact_bottle_schange_thr_epoch	Round_4_Replicate_74	-219946.28	439914.56	618274.53	53705.17	0.8276,1.9644,5.7787,4.3705,0.5121,0.4562,1.825,0.5507,2.7422,3.4106,0.2388
sec_contact_bottle_schange_thr_epoch	Round_4_Replicate_75	-173622.55	347267.1	321356.6	48121.27	0.9274,1.4477,4.8179,2.2718,0.6197,1.3986,0.781,1.2863,2.856,7.6271,0.437
sec_contact_bottle_schange_thr_epoch	Round_4_Replicate_76	-188523.31	377068.62	370713.95	45132.62	0.3967,0.64,3.9178,2.4514,1.4204,1.1822,0.8316,0.6326,2.8798,11.4582,0.4661
sec_contact_bottle_schange_thr_epoch	Round_4_Replicate_77	-154483.94	308989.88	287868.85	70305.08	0.7892,0.6159,2.2612,1.585,0.58,0.6295,1.0316,1.174,2.4621,9.6128,0.234
sec_contact_bottle_schange_thr_epoch	Round_4_Replicate_78	-216329.36	432680.72	443709.08	52288.81	0.6183,1.4368,4.3415,1.8863,1.6158,0.6013,0.8439,1.7607,3.8181,4.2088,0.3561
sec_contact_bottle_schange_thr_epoch	Round_4_Replicate_79	-228286.19	456594.38	522381.22	59929.23	0.3096,0.5929,4.3908,2.5923,1.1689,0.5037,1.6711,0.8196,2.445,4.9463,0.5021
sec_contact_bottle_schange_thr_epoch	Round_4_Replicate_80	-302096.67	604215.34	799417.69	57130.9	0.787,1.0846,2.2345,3.5324,1.0085,1.442,1.1147,1.6117,3.7755,3.5162,0.2687
sec_contact_bottle_schange_thr_epoch	Round_4_Replicate_81	-181862.46	363746.92	397031.98	44079.01	0.2706,1.3111,6.404,1.8257,0.5166,1.0848,0.7791,0.8009,4.6916,9.924,0.239
sec_contact_bottle_schange_thr_epoch	Round_4_Replicate_82	-166481.79	332985.58	429614.7	34740.35	0.5829,1.9752,6.9299,3.7662,0.657,0.5335,0.7174,1.8648,8.2864,7.6409,0.2847
sec_contact_bottle_schange_thr_epoch	Round_4_Replicate_83	-156339.86	312701.72	291737.89	60224.34	0.8731,2.0454,2.669,3.1158,0.5052,0.4858,0.8394,1.1238,2.5318,6.0657,0.2816
sec_contact_bottle_schange_thr_epoch	Round_4_Replicate_84	-157476.06	314974.12	313491.2	47974.84	0.7136,2.2604,6.0172,2.2973,0.4997,0.7747,0.8085,0.6846,2.8132,7.7352,0.3024
sec_contact_bottle_schange_thr_epoch	Round_4_Replicate_85	-140562.95	281147.9	268861.81	43216.48	0.2455,1.8152,4.9193,2.1964,0.7819,0.8593,0.8866,1.9215,2.459,13.7599,0.4167
sec_contact_bottle_schange_thr_epoch	Round_4_Replicate_86	-182535.9	365093.8	348040.06	70988.01	0.3169,1.2079,2.3105,1.5724,0.9789,0.6834,0.7865,1.2903,2.7168,4.7886,0.2579
sec_contact_bottle_schange_thr_epoch	Round_4_Replicate_87	-183254.95	366531.9	345057.17	42788.32	0.5902,1.1279,2.9795,3.9547,1.1918,1.2326,1.8193,0.6308,2.9784,15.2265,0.4542
sec_contact_bottle_schange_thr_epoch	Round_4_Replicate_88	-255625.77	511273.54	1061592.43	34133.17	0.2722,0.5679,3.9877,5.152,0.8338,0.6805,1.822,0.9065,6.072,12.0442,0.2318
sec_contact_bottle_schange_thr_epoch	Round_4_Replicate_89	-132209.95	264441.9	255558.78	40287.2	0.6463,0.9045,3.706,4.2398,1.0238,0.5293,1.3277,1.3322,9.0865,7.3425,0.4447
sec_contact_bottle_schange_thr_epoch	Round_4_Replicate_90	-141050.76	282123.52	264111.12	43806.45	0.3356,1.2936,5.591,2.5171,0.5226,0.8144,0.683,1.7789,6.9429,7.762,0.3696
sec_contact_bottle_schange_thr_epoch	Round_4_Replicate_91	-490369.67	980761.34	7106281.72	39246.17	0.3693,0.6377,3.779,4.7839,1.5587,1.3248,1.778,2.047,5.4543,4.5839,0.2278
sec_contact_bottle_schange_thr_epoch	Round_4_Replicate_92	-245578.37	491178.74	432185.72	59977.51	0.4952,0.6541,1.9285,2.9758,0.4378,1.3561,1.0696,0.9625,5.3392,4.0616,0.2417
sec_contact_bottle_schange_thr_epoch	Round_4_Replicate_93	-197213.3	394448.6	363440.07	64837.97	0.336,2.0917,2.3564,1.718,0.7939,1.3556,0.9761,1.9301,4.4553,9.5471,0.4012
sec_contact_bottle_schange_thr_epoch	Round_4_Replicate_94	-142656.76	285335.52	280182.15	50658.71	0.4799,0.8265,5.054,3.1906,0.5221,0.515,0.7604,2.0409,5.5696,5.4689,0.3707
sec_contact_bottle_schange_thr_epoch	Round_4_Replicate_95	-187620.67	375263.34	389251.66	51131.01	0.2551,1.8757,4.0897,2.6072,1.3219,0.4858,1.2145,1.7116,2.5222,5.456,0.3442
sec_contact_bottle_schange_thr_epoch	Round_4_Replicate_96	-233032.57	466087.14	812300.49	33791.49	0.3592,0.637,4.7499,4.4584,1.3533,0.5826,1.5781,1.0717,4.4093,11.87,0.2795
sec_contact_bottle_schange_thr_epoch	Round_4_Replicate_97	-186441.16	372904.32	380105.02	60564.88	0.9211,1.5922,3.1415,2.3665,1.1905,0.4331,0.4843,1.7703,2.6286,5.5938,0.2573
sec_contact_bottle_schange_thr_epoch	Round_4_Replicate_98	-245515.62	491053.24	620346.12	57927.08	0.9285,0.8981,3.8435,1.7522,0.9934,0.4763,0.7589,1.8564,3.5785,7.7554,0.5556
sec_contact_bottle_schange_thr_epoch	Round_4_Replicate_99	-212626.51	425275.02	544668.75	32553.04	0.2658,1.641,4.5699,4.4723,1.5905,1.3379,1.309,0.8396,6.6033,11.7713,0.437
sec_contact_bottle_schange_thr_epoch	Round_4_Replicate_100	-167375.49	334772.98	309941.46	48247.17	0.7512,2.2603,3.6845,3.7478,0.5792,0.8185,1.0855,0.7129,2.6019,7.529,0.3929
