Model	Replicate	log-likelihood	AIC	chi-squared	theta	optimized_params(nu1i, nu2i, nu1m, nu2m, nu1f, nu2f, m12, m21, T1, T2, T3)
sec_contact_bottle_schange_thr_epoch	Round_1_Replicate_1	-877827.32	1755676.64	2202268.97	226530.43	2.7635,4.9751,2.6155,0.4022,0.9373,2.4053,2.8785,0.9122,5.3277,4.1199,0.2081
sec_contact_bottle_schange_thr_epoch	Round_1_Replicate_2	-1176882.79	2353787.58	4644781.88	133912.21	6.3013,2.8862,1.4155,1.058,6.259,0.6821,0.4228,0.1287,0.1833,2.2715,0.4389
sec_contact_bottle_schange_thr_epoch	Round_1_Replicate_3	-710233.25	1420488.5	1599313.27	92206.37	0.6186,5.6155,7.3183,3.54,0.1935,3.898,6.5629,3.6145,0.7508,3.5677,0.2594
sec_contact_bottle_schange_thr_epoch	Round_1_Replicate_4	-688175.12	1376372.24	1670387.99	77543.78	6.1128,2.0872,8.1543,2.5819,0.4115,4.9412,0.9427,0.3565,6.9872,0.985,0.8711
sec_contact_bottle_schange_thr_epoch	Round_1_Replicate_5	-7752913.69	15505849.38	1.3066539566412773e+22	151989.86	0.6363,0.8084,0.1305,0.415,0.1457,5.3231,6.9966,0.1623,0.1287,0.7538,2.5705
sec_contact_bottle_schange_thr_epoch	Round_1_Replicate_6	-4349931.59	8699885.18	433786990.29	162013.62	1.8474,0.8745,0.9652,0.1967,1.2976,0.2025,3.5368,4.4878,7.7141,0.5467,1.1361
sec_contact_bottle_schange_thr_epoch	Round_1_Replicate_7	-962436.13	1924894.26	6822481.42	138832.3	0.8352,5.6575,1.7537,0.8845,4.3922,2.9772,7.4685,0.2741,3.3274,0.7229,0.2074
sec_contact_bottle_schange_thr_epoch	Round_1_Replicate_8	-2992924.73	5985871.46	87081402.11	257487.63	1.6226,0.8421,0.5419,1.1612,0.6671,0.585,7.4215,0.2568,0.132,0.1377,1.496
sec_contact_bottle_schange_thr_epoch	Round_1_Replicate_9	-1662686.5	3325395.0	13270984.96	154850.32	0.3011,1.0091,2.0031,0.8904,2.0246,0.8672,5.3378,0.6494,1.7999,1.1903,1.3464
sec_contact_bottle_schange_thr_epoch	Round_1_Replicate_10	-9736984.08	19473990.16	2446004761629.1	155751.56	0.3864,0.3352,4.628,1.7551,0.177,0.9096,3.6815,0.3131,2.5616,1.141,5.9679
sec_contact_bottle_schange_thr_epoch	Round_1_Replicate_11	-3970873.06	7941768.12	341960087.28	85786.07	1.772,0.2706,2.0148,0.9729,1.6095,7.2637,2.9778,0.1261,0.3646,0.6903,4.3028
sec_contact_bottle_schange_thr_epoch	Round_1_Replicate_12	-4935594.14	9871210.28	1352281189.72	127356.86	2.4211,0.2243,7.1845,0.423,2.8445,0.2623,0.9675,1.8506,0.1489,0.2703,1.9451
sec_contact_bottle_schange_thr_epoch	Round_1_Replicate_13	-5600364.45	11200750.9	2.6883530910842228e+20	67332.43	1.0734,5.0371,0.1316,1.9541,3.7493,0.2908,1.0771,1.169,4.1617,1.3205,8.3428
sec_contact_bottle_schange_thr_epoch	Round_1_Replicate_14	-1619176.83	3238375.66	10748649.64	193962.29	0.6213,0.2465,0.698,0.8009,1.944,1.6947,0.153,6.8538,0.2731,6.1081,0.9432
sec_contact_bottle_schange_thr_epoch	Round_1_Replicate_15	-9792673.47	19585368.94	14233494884027.23	136754.2	3.6092,0.679,1.7607,0.4842,0.8801,0.6889,1.9441,0.1365,0.1897,0.6387,6.1803
sec_contact_bottle_schange_thr_epoch	Round_2_Replicate_1	-4175582.54	8351187.08	120751496.72	71396.26	12.508,1.8559,3.3369,6.7535,0.2635,13.4078,2.5136,0.328,4.4061,0.5501,2.8804
sec_contact_bottle_schange_thr_epoch	Round_2_Replicate_2	-396887.93	793797.86	678484.7	41036.97	12.4156,4.3935,4.7152,4.6896,0.9055,6.8183,0.899,0.4216,16.2863,2.2444,0.6904
sec_contact_bottle_schange_thr_epoch	Round_2_Replicate_3	-2811832.1	5623686.2	72231378.83	108022.55	5.9404,1.7755,7.081,1.0603,1.1002,1.3456,1.6475,0.0931,3.5613,0.5129,2.9111
sec_contact_bottle_schange_thr_epoch	Round_2_Replicate_4	-366775.62	733573.24	671232.65	34505.22	11.9212,2.07,6.0607,5.2842,1.3078,6.5759,0.5071,0.3353,19.3514,2.157,0.6071
sec_contact_bottle_schange_thr_epoch	Round_2_Replicate_5	-700808.35	1401638.7	1365546.17	113890.82	2.0964,2.2298,2.7394,2.0306,0.5563,7.8657,3.7325,1.0161,2.9962,0.439,0.6174
sec_contact_bottle_schange_thr_epoch	Round_2_Replicate_6	-1222393.04	2444808.08	4698667.86	109674.84	1.7739,0.9539,3.4025,1.0743,0.3995,1.4136,3.0839,0.8139,16.6533,1.0191,1.2474
sec_contact_bottle_schange_thr_epoch	Round_2_Replicate_7	-1542834.8	3085691.6	7536332.59	55015.23	12.5256,0.7043,5.9141,3.9189,0.7095,1.7741,0.5549,0.1381,26.1472,2.6222,2.5304
sec_contact_bottle_schange_thr_epoch	Round_2_Replicate_8	-781999.84	1564021.68	2540665.21	70253.05	10.5816,1.6737,12.1554,1.8366,0.7598,3.453,0.3891,0.6578,3.701,3.689,1.4313
sec_contact_bottle_schange_thr_epoch	Round_2_Replicate_9	-904289.26	1808600.52	2961076.85	65136.82	2.0057,2.6507,24.6996,1.8479,0.4384,8.7657,0.5476,0.216,10.4295,0.3357,0.2533
sec_contact_bottle_schange_thr_epoch	Round_2_Replicate_10	-1093730.93	2187483.86	3414193.18	74413.05	11.1914,1.154,8.4579,0.8526,0.5185,16.7614,1.7211,0.8095,10.8666,1.1675,1.485
sec_contact_bottle_schange_thr_epoch	Round_2_Replicate_11	-3261407.51	6522837.02	54604887.69	80968.09	2.9788,0.6112,24.6325,1.3452,0.299,16.6114,1.3681,0.1282,6.4918,0.7416,3.0106
sec_contact_bottle_schange_thr_epoch	Round_2_Replicate_12	-1118500.31	2237022.62	3140348.29	67009.64	1.5515,5.2023,2.2792,4.9507,0.1994,1.7543,0.3217,0.3574,10.5422,1.6035,0.4712
sec_contact_bottle_schange_thr_epoch	Round_2_Replicate_13	-290703.18	581428.36	514420.58	53993.45	2.7353,4.4542,16.5293,4.0993,0.332,1.8184,2.0055,0.4525,20.8249,3.4685,0.4817
sec_contact_bottle_schange_thr_epoch	Round_2_Replicate_14	-1590730.17	3181482.34	7150168.58	107457.36	3.9885,6.3336,10.1674,1.4432,0.2304,1.3799,1.4703,0.831,11.5353,3.8075,1.4567
sec_contact_bottle_schange_thr_epoch	Round_2_Replicate_15	-1244812.29	2489646.58	4186445.77	48887.51	12.4451,0.8171,6.862,3.4741,0.4753,1.2868,0.321,0.7976,20.0731,0.7936,1.6885
sec_contact_bottle_schange_thr_epoch	Round_2_Replicate_16	-505488.97	1010999.94	1246105.6	70017.96	3.637,3.4968,5.9826,1.0149,1.4005,2.7804,2.1734,0.7732,7.8725,0.3186,0.741
sec_contact_bottle_schange_thr_epoch	Round_2_Replicate_17	-999401.69	1998825.38	3268680.35	69349.38	11.237,5.7306,26.3704,9.1364,0.3763,1.8784,0.813,1.219,5.1111,0.9049,1.507
sec_contact_bottle_schange_thr_epoch	Round_2_Replicate_18	-851178.23	1702378.46	2322677.94	68594.71	2.6002,8.1484,17.5579,1.3444,0.2128,16.1315,0.787,0.1099,7.0822,0.2527,0.3493
sec_contact_bottle_schange_thr_epoch	Round_2_Replicate_19	-309372.09	618766.18	555346.68	68970.38	21.1696,1.3149,9.9265,1.5629,0.2566,3.6833,0.798,0.8284,7.1171,2.5081,0.3525
sec_contact_bottle_schange_thr_epoch	Round_2_Replicate_20	-969603.52	1939229.04	3434956.13	81975.6	20.8001,1.1626,9.7066,3.3216,0.2267,3.8993,0.2437,0.234,4.3754,0.9408,0.4776
sec_contact_bottle_schange_thr_epoch	Round_2_Replicate_21	-3838369.67	7676761.34	104132032.85	98024.36	2.5658,2.3905,3.4509,0.8664,0.3134,19.6353,2.1436,0.58,3.161,1.7632,2.6701
sec_contact_bottle_schange_thr_epoch	Round_2_Replicate_22	-1641634.82	3283291.64	6966479.02	63750.91	4.5768,3.6888,9.3404,5.7286,0.4285,9.0479,0.5024,0.0875,5.1699,2.0755,1.8814
sec_contact_bottle_schange_thr_epoch	Round_2_Replicate_23	-972519.58	1945061.16	2647370.84	103926.61	7.6108,3.6896,2.754,4.9272,0.2679,1.6296,2.0063,0.245,4.4204,1.7958,0.7091
sec_contact_bottle_schange_thr_epoch	Round_2_Replicate_24	-834438.16	1668898.32	2174768.71	105903.63	12.0296,4.0661,6.3064,5.3284,0.2418,1.5418,1.4429,0.1236,2.7865,1.9827,0.69
sec_contact_bottle_schange_thr_epoch	Round_2_Replicate_25	-906010.11	1812042.22	2220373.23	75447.65	4.8158,0.7916,3.0392,3.5825,0.1382,5.7119,0.4039,0.975,8.3416,0.8934,0.3192
sec_contact_bottle_schange_thr_epoch	Round_2_Replicate_26	-1484227.34	2968476.68	5442401.77	116978.85	5.5338,6.5422,2.7818,1.1159,0.2164,7.2762,1.5734,0.1536,6.3536,1.2067,0.8761
sec_contact_bottle_schange_thr_epoch	Round_2_Replicate_27	-2591706.85	5183435.7	33593186.57	121986.03	5.9136,1.2044,10.4099,2.4916,0.3158,2.1854,0.8278,0.4371,3.1693,0.3062,2.137
sec_contact_bottle_schange_thr_epoch	Round_2_Replicate_28	-873164.84	1746351.68	2628834.86	49748.9	17.0296,5.1353,21.4037,2.8523,1.1669,13.5289,1.1013,0.4026,6.2235,0.4358,1.7254
sec_contact_bottle_schange_thr_epoch	Round_2_Replicate_29	-756361.73	1512745.46	1742502.9	77084.99	14.8596,1.3556,11.0143,5.0502,0.1893,1.6006,0.2992,1.0521,2.773,2.4095,0.4934
sec_contact_bottle_schange_thr_epoch	Round_2_Replicate_30	-1596613.1	3193248.2	7770967.78	85417.93	4.9757,0.9014,4.355,10.1673,0.5152,2.4985,0.6546,0.3042,5.161,0.977,1.8562
sec_contact_bottle_schange_thr_epoch	Round_3_Replicate_1	-1926287.51	3852597.02	9526266.1	117695.53	1.7663,11.3036,28.3579,3.3863,0.1304,0.5947,2.4812,0.1648,22.466,5.3065,1.4379
sec_contact_bottle_schange_thr_epoch	Round_3_Replicate_2	-261139.09	522300.18	478134.89	118845.28	6.4303,12.3253,4.6617,1.4236,0.1206,0.7581,1.4978,0.5108,9.5094,5.5455,0.1446
sec_contact_bottle_schange_thr_epoch	Round_3_Replicate_3	-491823.58	983669.16	2845301.01	47558.06	1.2047,14.4267,22.7207,7.7319,0.9517,0.827,5.6891,0.5226,8.5167,2.4229,0.4082
sec_contact_bottle_schange_thr_epoch	Round_3_Replicate_4	-1080972.11	2161966.22	3286026.41	68350.6	6.3675,2.5085,5.1274,5.7908,0.4349,2.6564,0.9851,0.2625,7.1935,5.7666,1.3937
sec_contact_bottle_schange_thr_epoch	Round_3_Replicate_5	-529494.66	1059011.32	3193407.96	67283.6	1.5705,3.3252,9.1251,4.7909,0.231,0.7581,2.56,0.3062,13.9185,2.8938,0.1525
sec_contact_bottle_schange_thr_epoch	Round_3_Replicate_6	-3098453.64	6196929.28	26459133.36	72133.75	4.3941,17.1618,7.2914,1.143,0.1203,6.8585,0.4964,1.1028,28.3579,12.8405,1.5753
sec_contact_bottle_schange_thr_epoch	Round_3_Replicate_7	-1925792.67	3851607.34	8096680.29	52692.56	7.6595,3.5689,10.2387,16.888,0.2118,3.4737,0.8077,0.2192,10.395,2.4438,1.5037
sec_contact_bottle_schange_thr_epoch	Round_3_Replicate_8	-2944099.97	5888221.94	20148313.35	42700.32	2.021,8.0083,7.7404,4.1846,0.1309,5.5222,1.1645,1.0329,23.2585,1.5194,1.6716
sec_contact_bottle_schange_thr_epoch	Round_3_Replicate_9	-409619.29	819260.58	1026450.24	30396.35	4.886,8.7031,9.9783,4.065,0.514,5.4027,1.6089,0.5475,28.3579,1.2528,0.3983
sec_contact_bottle_schange_thr_epoch	Round_3_Replicate_10	-851116.05	1702254.1	14770791.34	20284.11	8.4955,7.5439,26.6249,9.6775,0.8121,6.079,0.7894,1.1101,13.6127,12.0182,0.4443
sec_contact_bottle_schange_thr_epoch	Round_3_Replicate_11	-323875.54	647773.08	578495.01	58234.14	0.7789,1.5757,4.7256,2.593,0.7383,4.7556,0.8644,0.3297,16.4696,3.3914,0.4388
sec_contact_bottle_schange_thr_epoch	Round_3_Replicate_12	-1126372.33	2252766.66	3223981.87	48980.0	6.3133,3.2883,12.6829,4.4502,0.2219,6.394,0.7222,0.1144,28.3579,3.0976,1.1449
sec_contact_bottle_schange_thr_epoch	Round_3_Replicate_13	-595210.89	1190443.78	2465644.67	63259.3	0.7973,12.1,23.997,2.7399,0.8564,6.8113,7.7334,0.2139,14.0177,1.917,0.5612
sec_contact_bottle_schange_thr_epoch	Round_3_Replicate_14	-793677.54	1587377.08	3177821.97	43455.29	1.1596,3.7269,25.9316,11.1545,0.2717,5.8111,6.12,1.1644,19.9488,0.9328,0.3496
sec_contact_bottle_schange_thr_epoch	Round_3_Replicate_15	-765640.95	1531303.9	1704721.38	53484.28	1.2275,4.4877,6.4058,13.2431,0.1504,0.928,4.672,0.3476,28.3579,1.747,0.4279
sec_contact_bottle_schange_thr_epoch	Round_3_Replicate_16	-989620.8	1979263.6	3405897.21	165605.05	0.941,1.6371,18.979,2.6009,0.2102,0.4565,8.0994,0.3908,28.3579,3.3055,1.0081
sec_contact_bottle_schange_thr_epoch	Round_3_Replicate_17	-406667.57	813357.14	924235.68	51337.18	0.7309,19.7029,25.9203,1.0509,0.9087,4.8814,3.9561,1.0567,28.9966,1.8605,1.1955
sec_contact_bottle_schange_thr_epoch	Round_3_Replicate_18	-1146826.47	2293674.94	64314030.38	48820.55	3.5882,2.7383,27.0764,6.7227,0.7391,1.9013,2.4827,0.1201,14.3534,12.5965,0.2232
sec_contact_bottle_schange_thr_epoch	Round_3_Replicate_19	-1487822.52	2975667.04	298838086.15	66892.31	2.896,1.4028,12.679,4.9606,0.7181,5.6838,5.0395,0.2034,28.3579,1.1507,0.2116
sec_contact_bottle_schange_thr_epoch	Round_3_Replicate_20	-355265.88	710553.76	646561.86	33518.55	7.237,12.2821,5.344,9.4661,0.4911,1.5192,0.556,0.1528,19.0064,2.3428,0.4897
sec_contact_bottle_schange_thr_epoch	Round_3_Replicate_21	-791041.25	1582104.5	2602113.06	85265.98	2.129,1.5083,19.8169,1.9081,0.8431,3.3679,3.2745,0.1382,29.0212,1.3333,1.614
sec_contact_bottle_schange_thr_epoch	Round_3_Replicate_22	-391546.95	783115.9	845779.22	31054.08	1.0829,11.8391,29.6837,5.5307,0.5579,2.1118,0.9129,1.0966,29.3201,4.2501,1.4387
sec_contact_bottle_schange_thr_epoch	Round_3_Replicate_23	-200609.46	401240.92	379189.35	25233.46	8.2199,12.863,15.3914,9.3782,0.8913,1.1436,0.7684,0.9269,29.7,4.1028,0.9791
sec_contact_bottle_schange_thr_epoch	Round_3_Replicate_24	-612885.47	1225792.94	1794512.65	107939.46	1.8408,9.2284,28.3579,2.4329,0.2814,0.6181,1.9598,0.1524,5.7768,1.4146,0.8745
sec_contact_bottle_schange_thr_epoch	Round_3_Replicate_25	-285302.25	570626.5	506300.44	121293.61	10.7856,1.9393,17.5043,1.2294,0.2053,1.4088,6.8552,0.6411,28.3579,1.3195,0.3733
sec_contact_bottle_schange_thr_epoch	Round_3_Replicate_26	-472278.38	944578.76	1052267.97	37548.66	0.7521,2.1783,25.7148,10.0927,0.3668,1.2659,3.2053,1.6695,28.1796,3.7275,1.153
sec_contact_bottle_schange_thr_epoch	Round_3_Replicate_27	-2506847.69	5013717.38	16324496.74	117835.39	4.5387,1.3913,8.4768,3.3932,0.1226,1.888,3.3469,0.2425,28.3579,5.9554,1.4118
sec_contact_bottle_schange_thr_epoch	Round_3_Replicate_28	-1858902.12	3717826.24	9068131.63	83124.73	2.0628,4.3218,8.8686,1.1721,0.2021,3.0226,1.0264,0.3483,28.3579,2.9717,1.4783
sec_contact_bottle_schange_thr_epoch	Round_3_Replicate_29	-923771.52	1847565.04	3006287.68	49763.77	2.1593,4.9752,17.4571,1.0737,1.3156,0.769,0.912,0.2344,28.3579,3.5135,0.5437
sec_contact_bottle_schange_thr_epoch	Round_3_Replicate_30	-277705.05	555432.1	576372.96	33642.52	6.5722,7.5383,24.745,5.0722,0.5986,1.5929,0.6556,0.2208,22.8727,1.3455,0.7469
sec_contact_bottle_schange_thr_epoch	Round_3_Replicate_31	-955865.36	1911752.72	3696174.22	70815.17	5.1615,2.2093,28.3579,1.2149,0.8314,0.8352,1.3389,0.8638,11.5906,1.9478,1.3517
sec_contact_bottle_schange_thr_epoch	Round_3_Replicate_32	-687447.89	1374917.78	1789101.58	64336.9	2.2772,7.1706,5.0064,7.1816,0.0996,1.5117,6.7408,0.3507,7.7494,5.0611,0.1337
sec_contact_bottle_schange_thr_epoch	Round_3_Replicate_33	-887409.78	1774841.56	2474026.63	72313.06	1.7413,1.8774,22.0507,1.3325,0.3213,2.9842,0.5714,0.1255,7.3423,12.7099,0.1479
sec_contact_bottle_schange_thr_epoch	Round_3_Replicate_34	-268055.51	536133.02	550907.39	49115.06	2.8064,1.123,29.3858,1.1523,0.4706,3.1493,2.0866,1.5912,29.464,3.2995,0.4895
sec_contact_bottle_schange_thr_epoch	Round_3_Replicate_35	-633390.41	1266802.82	1683314.95	36025.57	6.4898,17.0315,10.3834,6.017,0.2049,4.8133,5.7664,0.6935,28.3579,3.6506,0.2842
sec_contact_bottle_schange_thr_epoch	Round_3_Replicate_36	-551413.38	1102848.76	1411745.14	52376.03	0.789,1.6733,6.6632,6.1399,0.2206,3.3092,2.0483,0.286,28.3579,12.5132,0.2288
sec_contact_bottle_schange_thr_epoch	Round_3_Replicate_37	-646159.34	1292340.68	1567888.13	109335.6	5.208,3.7079,25.2997,1.3836,0.2807,3.9377,0.9965,0.141,5.8244,12.1597,0.2694
sec_contact_bottle_schange_thr_epoch	Round_3_Replicate_38	-728084.7	1456191.4	1854697.56	121979.11	0.7676,2.8476,4.4849,2.7076,0.2283,0.9023,5.3043,0.2695,28.3579,2.065,0.7087
sec_contact_bottle_schange_thr_epoch	Round_3_Replicate_39	-1754863.27	3509748.54	6526470.41	72177.39	2.0132,5.4917,8.7077,4.4432,0.161,5.474,2.1817,0.3657,9.617,2.7374,1.1579
sec_contact_bottle_schange_thr_epoch	Round_3_Replicate_40	-520865.2	1041752.4	949383.71	196120.19	2.4972,1.983,15.8382,1.3314,0.1282,3.103,3.1082,0.2113,27.2462,9.9288,0.25
sec_contact_bottle_schange_thr_epoch	Round_3_Replicate_41	-2520896.25	5041814.5	19411568.89	165309.48	1.4862,11.4886,6.5694,1.7048,0.1307,2.6272,2.47,0.2208,10.1222,9.3318,1.2875
sec_contact_bottle_schange_thr_epoch	Round_3_Replicate_42	-812858.41	1625738.82	1919760.87	85844.58	5.7656,12.5583,8.2285,2.9792,0.2727,4.8683,1.392,0.252,9.7164,11.5252,0.836
sec_contact_bottle_schange_thr_epoch	Round_3_Replicate_43	-503149.57	1006321.14	1414336.87	55827.86	1.6132,6.573,12.1362,2.7615,1.1109,0.7235,0.5199,0.3234,6.49,15.1368,0.8933
sec_contact_bottle_schange_thr_epoch	Round_3_Replicate_44	-424711.46	849444.92	1073757.31	33734.25	0.6926,13.6539,8.9799,9.4311,1.1451,0.5813,0.7739,0.1498,27.8424,2.7397,1.2875
sec_contact_bottle_schange_thr_epoch	Round_3_Replicate_45	-250912.29	501846.58	449970.24	59786.69	1.7539,2.0077,8.1427,3.0796,0.3136,1.3449,2.2054,0.3421,29.3876,1.9765,0.3664
sec_contact_bottle_schange_thr_epoch	Round_3_Replicate_46	-575911.28	1151844.56	3243535.69	37205.7	4.0418,3.1659,16.3202,15.8242,0.7459,0.5897,0.6686,0.3017,13.0583,2.4159,0.2781
sec_contact_bottle_schange_thr_epoch	Round_3_Replicate_47	-682770.85	1365563.7	1631653.35	58827.82	1.283,2.3478,29.4316,7.5046,0.1436,2.6415,3.311,0.1635,29.297,1.0914,0.2772
sec_contact_bottle_schange_thr_epoch	Round_3_Replicate_48	-539748.92	1079519.84	1063325.7	105610.92	1.5517,3.7888,9.7333,2.9341,0.0831,7.349,2.3068,0.1878,5.5755,2.9877,0.1423
sec_contact_bottle_schange_thr_epoch	Round_3_Replicate_49	-623363.57	1246749.14	1309127.47	89735.63	1.4599,4.0801,5.7707,4.1956,0.1855,1.8674,7.1803,0.2697,24.355,2.4523,0.4613
sec_contact_bottle_schange_thr_epoch	Round_3_Replicate_50	-547707.97	1095437.94	1411973.1	57067.7	2.0873,7.4177,27.3433,1.7519,0.6734,0.825,0.903,0.197,29.3586,5.5696,0.4569
sec_contact_bottle_schange_thr_epoch	Round_4_Replicate_1	-262794.36	525610.72	731292.53	24086.74	7.3103,19.0967,20.1206,8.1071,0.9898,0.985,1.5077,0.9074,24.6841,2.2031,0.5745
sec_contact_bottle_schange_thr_epoch	Round_4_Replicate_2	-260946.46	521914.92	474360.32	25875.79	4.5474,13.7102,16.9482,9.2396,0.556,1.4542,0.4099,0.604,27.2714,6.9932,0.7769
sec_contact_bottle_schange_thr_epoch	Round_4_Replicate_3	-221668.69	443359.38	447178.94	29803.88	4.681,13.7606,17.6554,5.0871,0.6484,1.2393,0.9094,0.7717,23.432,3.1554,0.5472
sec_contact_bottle_schange_thr_epoch	Round_4_Replicate_4	-247848.65	495719.3	469301.12	25277.32	8.8726,20.0269,28.1687,9.1567,0.646,1.68,0.9657,0.5848,26.1475,4.9649,1.0992
sec_contact_bottle_schange_thr_epoch	Round_4_Replicate_5	-274258.3	548538.6	638640.63	26219.91	15.9062,15.3486,25.8694,16.2643,0.972,0.8131,0.7227,1.8213,24.1681,3.4055,1.4063
sec_contact_bottle_schange_thr_epoch	Round_4_Replicate_6	-238677.59	477377.18	458737.51	26955.87	6.3827,16.6833,25.0961,5.719,0.8163,2.1791,1.2664,0.7385,29.5041,2.9926,1.2472
sec_contact_bottle_schange_thr_epoch	Round_4_Replicate_7	-431066.99	862155.98	1010156.15	28869.8	6.856,15.9916,28.8693,15.4912,0.6278,0.9475,0.7936,0.7821,27.8628,2.6202,1.6451
sec_contact_bottle_schange_thr_epoch	Round_4_Replicate_8	-178944.31	357910.62	341344.84	29124.4	7.0646,24.5708,7.2886,6.3931,1.5404,0.8241,0.4035,0.8123,27.3567,4.3489,0.657
sec_contact_bottle_schange_thr_epoch	Round_4_Replicate_9	-276688.93	553399.86	536410.93	24496.57	11.3883,22.7558,18.4526,11.8648,0.4948,1.0072,0.6644,1.3478,29.918,3.2101,0.8616
sec_contact_bottle_schange_thr_epoch	Round_4_Replicate_10	-227451.5	454925.0	475983.5	26528.53	5.7266,8.0696,15.6272,5.9851,1.2863,1.5688,0.9654,0.7176,29.5231,8.0268,0.7702
sec_contact_bottle_schange_thr_epoch	Round_4_Replicate_11	-173702.97	347427.94	331824.58	32785.1	8.3947,11.7815,9.789,8.4577,0.7178,0.5992,0.9415,0.5738,19.4006,5.9004,0.595
sec_contact_bottle_schange_thr_epoch	Round_4_Replicate_12	-304138.13	608298.26	685558.04	30915.44	7.8663,12.4055,20.0722,6.8951,0.5474,0.6597,0.5213,0.9398,27.619,3.9293,0.9919
sec_contact_bottle_schange_thr_epoch	Round_4_Replicate_13	-261213.35	522448.7	568054.12	24010.35	4.1276,9.5466,22.9454,10.2216,0.6327,1.302,0.716,0.5286,26.757,6.9613,0.5951
sec_contact_bottle_schange_thr_epoch	Round_4_Replicate_14	-191755.71	383533.42	357894.31	31517.84	8.0176,7.2375,9.0823,6.4411,1.0791,1.106,1.3343,0.6601,29.7577,5.9724,0.7948
sec_contact_bottle_schange_thr_epoch	Round_4_Replicate_15	-407136.14	814294.28	934126.87	28055.59	5.0136,20.8135,29.8615,14.5203,0.5745,1.0912,1.0445,1.7093,27.9176,3.9983,1.4847
sec_contact_bottle_schange_thr_epoch	Round_4_Replicate_16	-183409.94	366841.88	369823.23	24374.39	7.9975,14.4124,18.6151,9.9488,1.1214,0.9247,0.5627,1.0952,28.7566,6.4576,1.0293
sec_contact_bottle_schange_thr_epoch	Round_4_Replicate_17	-201861.45	403744.9	405549.92	36841.84	5.9426,7.3593,7.6014,6.3807,1.1651,0.62,1.0307,1.1948,18.3122,2.2474,0.5356
sec_contact_bottle_schange_thr_epoch	Round_4_Replicate_18	-186386.84	372795.68	362093.99	32651.34	13.4435,14.8965,10.2872,8.5202,0.6542,0.6539,1.0719,0.522,19.7195,4.3552,0.6683
sec_contact_bottle_schange_thr_epoch	Round_4_Replicate_19	-210260.82	420543.64	441805.14	29768.14	8.4283,13.9399,9.2033,5.7558,1.6201,0.6861,1.4308,0.8977,26.0748,5.3397,0.7436
sec_contact_bottle_schange_thr_epoch	Round_4_Replicate_20	-323847.6	647717.2	800375.27	25619.14	13.477,14.4359,22.5665,20.9431,1.3127,0.5957,0.9871,0.7666,26.8792,2.097,1.5609
sec_contact_bottle_schange_thr_epoch	Round_4_Replicate_21	-249822.14	499666.28	604531.41	25303.06	9.9267,6.7932,21.2483,7.759,0.7664,1.1687,0.5104,1.2989,26.3953,3.3941,0.5812
sec_contact_bottle_schange_thr_epoch	Round_4_Replicate_22	-530981.8	1061985.6	1250982.16	27904.59	13.9016,17.8114,16.4331,14.7892,0.5047,1.0589,0.7337,1.5602,26.7213,7.0194,1.418
sec_contact_bottle_schange_thr_epoch	Round_4_Replicate_23	-388063.34	776148.68	996740.46	29965.1	9.6781,9.838,22.1854,5.6092,1.3804,1.0072,0.4968,0.6195,20.9319,8.0514,1.5701
sec_contact_bottle_schange_thr_epoch	Round_4_Replicate_24	-276621.65	553265.3	639766.98	28700.65	5.8777,7.0508,13.6719,11.0233,1.5692,0.6489,0.5366,0.7667,29.5284,2.9985,1.271
sec_contact_bottle_schange_thr_epoch	Round_4_Replicate_25	-241132.84	482287.68	527908.41	28465.41	6.1452,22.8151,28.3427,5.8901,0.7495,0.859,1.5226,0.7542,26.9006,2.2648,1.0935
sec_contact_bottle_schange_thr_epoch	Round_4_Replicate_26	-282045.16	564112.32	610292.8	26611.71	11.6784,10.3035,13.3231,7.3294,0.9474,2.0218,0.8148,1.4188,22.5327,3.4767,0.7088
sec_contact_bottle_schange_thr_epoch	Round_4_Replicate_27	-240663.8	481349.6	606749.52	27347.23	9.6107,13.3447,8.9703,12.1385,1.5748,0.6331,0.7651,1.8396,25.203,3.6474,0.5605
sec_contact_bottle_schange_thr_epoch	Round_4_Replicate_28	-292656.07	585334.14	727148.65	21455.36	10.9501,23.837,11.0739,9.6538,1.1609,1.8206,1.0179,0.5618,29.0236,4.8905,0.6601
sec_contact_bottle_schange_thr_epoch	Round_4_Replicate_29	-313153.75	626329.5	1046883.59	22225.74	13.5576,23.8953,15.0778,12.8877,1.712,0.9444,0.4192,1.555,26.2256,8.7868,0.6286
sec_contact_bottle_schange_thr_epoch	Round_4_Replicate_30	-225344.06	450710.12	403304.56	27675.79	9.3646,22.4002,9.9409,6.187,1.0742,2.2462,1.3131,0.5054,23.2806,2.2158,0.9291
sec_contact_bottle_schange_thr_epoch	Round_4_Replicate_31	-459422.83	918867.66	1118757.9	34597.81	6.7555,6.3676,10.8709,11.1866,1.1371,0.7048,1.5502,1.8217,27.2196,2.1937,1.7443
sec_contact_bottle_schange_thr_epoch	Round_4_Replicate_32	-393921.68	787865.36	1583215.84	20636.13	9.199,18.6564,9.5066,15.9479,1.7963,1.2319,0.9104,1.0057,27.936,6.5601,0.5858
sec_contact_bottle_schange_thr_epoch	Round_4_Replicate_33	-169260.88	338543.76	331409.44	26105.95	9.7824,16.3189,17.8776,11.1619,0.7059,0.6039,0.8124,0.673,24.4677,2.7858,0.6967
sec_contact_bottle_schange_thr_epoch	Round_4_Replicate_34	-313420.42	626862.84	673934.42	31333.87	7.6139,17.147,10.5387,9.683,0.5741,0.7307,0.5276,1.1335,29.1361,3.2119,0.9453
sec_contact_bottle_schange_thr_epoch	Round_4_Replicate_35	-769455.45	1538932.9	2125313.75	35630.68	16.3034,20.5527,13.4475,11.8566,0.5466,0.6047,0.4898,1.4615,26.3148,4.8301,1.6887
sec_contact_bottle_schange_thr_epoch	Round_4_Replicate_36	-264629.34	529280.68	530183.51	38418.73	5.3534,7.792,12.666,8.2938,0.763,1.2701,1.4494,0.4813,19.6194,5.876,1.0412
sec_contact_bottle_schange_thr_epoch	Round_4_Replicate_37	-423199.61	846421.22	1060291.82	29052.12	9.8043,16.1971,17.6674,6.8862,1.1592,0.8112,0.8489,0.8139,27.3039,3.868,1.6266
sec_contact_bottle_schange_thr_epoch	Round_4_Replicate_38	-219054.64	438131.28	492342.22	23384.15	8.9796,11.1617,13.6786,12.3856,1.5536,0.5941,1.0896,0.7967,26.3465,5.0171,0.6495
sec_contact_bottle_schange_thr_epoch	Round_4_Replicate_39	-290971.87	581965.74	618597.4	32640.31	4.773,11.3893,18.0697,7.5874,1.5011,2.0378,0.4697,1.7407,19.8529,5.2147,1.5212
sec_contact_bottle_schange_thr_epoch	Round_4_Replicate_40	-192894.24	385810.48	363096.42	25504.83	9.2825,5.8343,24.7943,6.1409,0.763,1.4918,0.5426,0.583,28.0043,7.9831,0.8532
sec_contact_bottle_schange_thr_epoch	Round_4_Replicate_41	-198083.11	396188.22	405169.59	22287.14	19.667,10.2311,25.1274,8.4188,1.6475,1.3134,1.0475,0.8326,28.8455,2.8081,1.2412
sec_contact_bottle_schange_thr_epoch	Round_4_Replicate_42	-317672.86	635367.72	607522.89	22861.38	16.1213,21.9172,15.7961,12.9186,0.5191,1.3323,1.1096,0.7878,27.8956,2.857,0.8989
sec_contact_bottle_schange_thr_epoch	Round_4_Replicate_43	-296832.96	593687.92	676421.11	27116.77	6.8491,17.6847,10.7873,15.9858,1.201,0.7193,0.8862,1.1195,28.2215,7.4659,1.4142
sec_contact_bottle_schange_thr_epoch	Round_4_Replicate_44	-327532.58	655087.16	638071.72	24990.45	5.5514,14.9188,16.9725,10.0512,0.5855,1.8055,0.7787,0.8483,28.5183,7.6349,1.0462
sec_contact_bottle_schange_thr_epoch	Round_4_Replicate_45	-262858.82	525739.64	466488.96	31837.52	8.7983,24.6263,14.9625,5.3166,0.4746,2.0379,0.8903,0.5364,18.7127,3.028,0.6697
sec_contact_bottle_schange_thr_epoch	Round_4_Replicate_46	-177690.58	355403.16	360486.4	23608.17	10.2899,25.6852,15.1149,9.2818,1.2008,0.8341,0.5847,0.9559,29.0001,3.6195,0.9577
sec_contact_bottle_schange_thr_epoch	Round_4_Replicate_47	-196770.3	393562.6	394836.69	23702.87	6.7772,29.0494,25.4052,8.4128,1.3349,1.3823,0.6718,0.5305,22.7309,6.3979,1.0944
sec_contact_bottle_schange_thr_epoch	Round_4_Replicate_48	-208453.79	416929.58	397187.87	29979.38	11.4159,14.3025,21.6031,5.1981,0.6607,1.3684,0.7433,1.6248,19.2987,4.7206,0.8384
sec_contact_bottle_schange_thr_epoch	Round_4_Replicate_49	-211004.26	422030.52	457439.65	28749.97	13.2604,14.0292,11.5255,5.4489,1.1612,0.6365,0.7133,0.6009,22.8416,2.0182,0.7563
sec_contact_bottle_schange_thr_epoch	Round_4_Replicate_50	-422496.14	845014.28	1080109.37	34337.39	11.8753,12.8687,11.9023,12.9694,1.1692,0.6044,0.4207,1.6861,26.148,4.0072,1.5454
sec_contact_bottle_schange_thr_epoch	Round_4_Replicate_51	-198838.81	397699.62	403824.38	30118.4	5.8799,25.89,8.521,5.5032,1.4341,0.7699,1.332,1.0496,25.1952,8.1121,0.6537
sec_contact_bottle_schange_thr_epoch	Round_4_Replicate_52	-260585.07	521192.14	655558.61	26936.17	9.2661,18.8455,10.2564,7.0503,1.0201,1.1359,0.711,1.1888,23.2098,4.2572,0.5249
sec_contact_bottle_schange_thr_epoch	Round_4_Replicate_53	-246281.69	492585.38	550412.24	29422.07	4.994,20.3512,11.9262,5.7627,1.5153,0.805,1.0381,0.513,26.4519,4.6671,1.0217
sec_contact_bottle_schange_thr_epoch	Round_4_Replicate_54	-183951.21	367924.42	343508.45	26481.06	14.264,25.2331,10.027,4.2059,1.0944,1.6109,0.3926,0.6254,24.7535,3.344,0.6802
sec_contact_bottle_schange_thr_epoch	Round_4_Replicate_55	-221101.86	442225.72	411689.76	30527.31	4.3072,9.2135,10.2739,4.4587,1.0212,1.8356,1.0848,0.5706,29.3447,2.806,0.7321
sec_contact_bottle_schange_thr_epoch	Round_4_Replicate_56	-410929.61	821881.22	959630.04	31911.61	6.451,19.8556,28.9224,6.299,0.7154,1.5375,1.0065,0.459,27.6039,6.1613,1.703
sec_contact_bottle_schange_thr_epoch	Round_4_Replicate_57	-205297.04	410616.08	377854.13	26058.36	8.5043,5.8254,25.4856,4.6424,0.6887,2.046,0.4959,0.7386,28.2487,7.5667,0.8406
sec_contact_bottle_schange_thr_epoch	Round_4_Replicate_58	-222025.01	444072.02	461919.16	42376.74	5.7355,6.8576,14.6321,5.2143,0.532,0.6836,1.0623,1.025,17.3628,2.2515,0.7217
sec_contact_bottle_schange_thr_epoch	Round_4_Replicate_59	-287943.87	575909.74	620555.83	25685.7	8.5476,18.4822,9.7768,15.8496,1.1743,1.0346,1.1461,0.8144,28.4547,3.7522,1.4414
sec_contact_bottle_schange_thr_epoch	Round_4_Replicate_60	-164625.93	329273.86	320246.19	24292.4	10.7646,23.7742,17.5343,6.8051,0.815,0.8033,0.6719,1.2687,28.0979,6.4268,0.7251
sec_contact_bottle_schange_thr_epoch	Round_4_Replicate_61	-765755.56	1531533.12	1962562.2	32835.08	11.4015,23.7692,9.7555,15.8028,0.6286,1.811,0.5257,1.3607,22.5491,2.1785,1.7548
sec_contact_bottle_schange_thr_epoch	Round_4_Replicate_62	-234848.64	469719.28	528350.5	25748.65	12.8209,13.9141,27.4492,6.7783,1.139,0.6425,1.0194,1.1751,24.9704,2.1403,0.9582
sec_contact_bottle_schange_thr_epoch	Round_4_Replicate_63	-268403.13	536828.26	532934.85	24831.88	7.1725,18.3724,14.1071,14.6126,1.2062,1.6442,1.1405,1.4799,28.1431,3.7505,1.5178
sec_contact_bottle_schange_thr_epoch	Round_4_Replicate_64	-315186.36	630394.72	609482.04	31971.5	5.7593,15.1758,14.9189,10.1006,0.6913,1.5545,0.5931,1.6847,24.4027,3.5437,1.068
sec_contact_bottle_schange_thr_epoch	Round_4_Replicate_65	-241458.96	482939.92	644206.39	21639.36	9.3785,24.8466,24.0391,6.7292,0.8487,1.0883,0.5783,1.3048,27.2981,6.6207,0.5704
sec_contact_bottle_schange_thr_epoch	Round_4_Replicate_66	-230439.2	460900.4	414964.6	24611.03	5.0867,27.0468,19.4531,8.861,0.6076,1.4436,0.7287,0.6598,26.4627,3.7281,0.7952
sec_contact_bottle_schange_thr_epoch	Round_4_Replicate_67	-176160.95	352343.9	346276.38	30495.27	5.9162,9.4124,19.3496,5.2975,0.7085,0.8721,0.4337,1.3801,28.9893,3.035,0.7112
sec_contact_bottle_schange_thr_epoch	Round_4_Replicate_68	-192737.73	385497.46	367705.94	23319.97	16.7903,9.2951,29.8052,8.1659,0.7365,1.2948,0.5444,0.6207,28.5392,3.9643,0.957
sec_contact_bottle_schange_thr_epoch	Round_4_Replicate_69	-270050.65	540123.3	620553.16	25119.4	10.3231,22.0188,24.3298,9.8558,0.8068,0.6069,1.3134,1.6101,27.895,5.6288,1.1549
sec_contact_bottle_schange_thr_epoch	Round_4_Replicate_70	-182387.04	364796.08	367100.56	21562.44	15.4627,27.1743,15.4822,8.9635,1.5948,1.1531,0.803,1.5588,28.1856,2.4319,1.0254
sec_contact_bottle_schange_thr_epoch	Round_4_Replicate_71	-234033.2	468088.4	479742.54	25624.41	6.4607,15.1134,18.076,8.1967,1.179,1.5591,1.4699,1.6533,28.0331,6.8671,1.4579
sec_contact_bottle_schange_thr_epoch	Round_4_Replicate_72	-241743.39	483508.78	579461.65	23882.38	15.7296,9.8609,9.7031,9.2367,1.7473,0.6288,0.7345,0.5045,27.6685,9.0016,0.5223
sec_contact_bottle_schange_thr_epoch	Round_4_Replicate_73	-244895.68	489813.36	552070.2	27921.82	12.6193,21.0121,11.2055,6.3459,1.4046,0.6058,0.7405,0.4763,25.8208,6.0324,0.8853
sec_contact_bottle_schange_thr_epoch	Round_4_Replicate_74	-187348.2	374718.4	375382.17	24636.49	16.4491,11.8871,11.2333,8.557,1.5212,0.9564,0.9177,0.6828,26.1992,4.3133,0.786
sec_contact_bottle_schange_thr_epoch	Round_4_Replicate_75	-189663.44	379348.88	367930.24	26587.09	12.4618,9.7944,12.3562,8.26,1.1174,1.0531,1.4471,1.4683,27.5455,5.0448,1.0251
sec_contact_bottle_schange_thr_epoch	Round_4_Replicate_76	-221369.38	442760.76	480225.16	27538.66	9.228,9.7197,13.2792,5.407,1.1012,0.8679,1.2348,1.0414,26.5209,3.2365,0.5826
sec_contact_bottle_schange_thr_epoch	Round_4_Replicate_77	-277029.96	554081.92	615704.54	26522.9	7.7178,22.4238,28.8665,7.767,0.7399,0.9359,1.4105,1.3516,28.6498,3.3567,1.2996
sec_contact_bottle_schange_thr_epoch	Round_4_Replicate_78	-351318.59	702659.18	823128.26	28519.01	4.489,16.776,10.0174,8.2137,0.8055,2.0936,0.4027,0.6522,19.7266,8.5813,0.5133
sec_contact_bottle_schange_thr_epoch	Round_4_Replicate_79	-206215.97	412453.94	389010.16	25758.6	11.8108,15.9889,12.0266,7.3708,1.6561,1.8071,0.4086,0.6683,23.9395,3.3862,1.1035
sec_contact_bottle_schange_thr_epoch	Round_4_Replicate_80	-231772.25	463566.5	458717.95	29154.49	4.8045,13.6307,13.6334,6.4201,1.0427,1.5665,0.8544,1.3252,28.2967,3.1465,1.1956
sec_contact_bottle_schange_thr_epoch	Round_4_Replicate_81	-524304.9	1048631.8	1225023.84	34284.19	10.6853,7.6509,14.2586,8.2959,0.5604,1.5564,1.0022,0.7028,21.9731,8.0733,1.4688
sec_contact_bottle_schange_thr_epoch	Round_4_Replicate_82	-184542.27	369106.54	349982.55	29910.55	5.4479,21.565,7.3396,7.0236,1.3949,0.8433,0.5944,0.8442,25.3472,6.5051,0.6643
sec_contact_bottle_schange_thr_epoch	Round_4_Replicate_83	-198867.93	397757.86	409737.5	24119.33	14.9247,10.3455,17.3651,6.9003,1.5183,1.2582,0.8139,1.2383,28.6312,3.0773,1.2252
sec_contact_bottle_schange_thr_epoch	Round_4_Replicate_84	-254746.08	509514.16	735646.57	24703.5	8.4806,18.541,13.7368,14.9319,1.2517,0.5765,0.63,1.8207,27.5332,2.9805,0.5388
sec_contact_bottle_schange_thr_epoch	Round_4_Replicate_85	-291718.81	583459.62	755921.79	24400.35	20.2779,15.2348,10.09,5.3025,1.09,1.9236,0.7422,1.3271,25.89,4.6266,0.558
sec_contact_bottle_schange_thr_epoch	Round_4_Replicate_86	-226599.18	453220.36	413460.45	30410.57	4.5235,12.0143,19.4471,8.6801,0.5334,1.0553,0.9935,0.9742,21.8478,3.0623,0.6413
sec_contact_bottle_schange_thr_epoch	Round_4_Replicate_87	-246769.62	493561.24	521318.05	26582.69	16.012,7.1472,8.2296,5.8227,1.3728,1.5747,1.2431,1.0792,28.4585,3.8206,0.6636
sec_contact_bottle_schange_thr_epoch	Round_4_Replicate_88	-257681.14	515384.28	462297.53	29593.45	16.3943,17.6296,13.3554,6.451,0.6182,1.8452,1.4848,0.9753,20.7538,5.1879,0.7102
sec_contact_bottle_schange_thr_epoch	Round_4_Replicate_89	-376692.03	753406.06	821678.21	33383.14	6.5603,9.171,14.4332,9.3843,0.4983,0.936,1.4706,0.9841,26.4767,2.6709,1.11
sec_contact_bottle_schange_thr_epoch	Round_4_Replicate_90	-176929.77	353881.54	354964.92	25357.67	9.3711,7.1909,13.8757,11.3931,1.2835,0.7199,0.771,1.0799,25.9664,7.6735,0.905
sec_contact_bottle_schange_thr_epoch	Round_4_Replicate_91	-367213.67	734449.34	747494.03	25936.65	8.5955,12.5817,11.9667,10.0869,0.6562,2.161,0.7191,1.4174,25.7045,4.1254,0.6356
sec_contact_bottle_schange_thr_epoch	Round_4_Replicate_92	-331570.2	663162.4	756095.34	26792.12	6.2057,10.2968,28.7022,18.4693,0.8967,1.1078,0.6926,0.8328,27.9646,4.3237,1.7538
sec_contact_bottle_schange_thr_epoch	Round_4_Replicate_93	-297623.98	595269.96	647379.01	26380.33	6.3725,10.0085,19.1829,21.3716,0.97,1.0873,1.2134,1.3301,26.6965,5.0991,1.5827
sec_contact_bottle_schange_thr_epoch	Round_4_Replicate_94	-265805.1	531632.2	586898.56	24354.75	4.9448,28.3969,8.3449,7.7928,1.7696,1.9183,0.8222,0.707,26.4856,5.2735,0.7463
sec_contact_bottle_schange_thr_epoch	Round_4_Replicate_95	-550004.59	1100031.18	1357230.43	33818.94	13.7145,12.2265,11.0979,9.2375,0.6217,0.6648,0.8533,1.0207,25.5347,4.114,1.4225
sec_contact_bottle_schange_thr_epoch	Round_4_Replicate_96	-280961.09	561944.18	517509.86	31766.15	8.008,21.2758,9.1341,5.355,0.5111,1.576,1.2492,1.6829,20.007,2.3758,0.5335
sec_contact_bottle_schange_thr_epoch	Round_4_Replicate_97	-330936.9	661895.8	1069745.02	24505.97	7.0386,24.7147,10.8482,7.3329,1.334,1.6354,1.4046,1.1604,23.64,3.6945,0.5879
sec_contact_bottle_schange_thr_epoch	Round_4_Replicate_98	-234035.22	468092.44	442992.62	27797.25	4.5698,18.7463,12.4193,12.4734,1.1654,1.4214,1.0439,1.6473,26.1353,3.0661,1.2098
sec_contact_bottle_schange_thr_epoch	Round_4_Replicate_99	-321999.44	644020.88	668544.27	31992.79	5.5889,9.5116,13.8315,5.8033,0.5059,1.3812,0.4751,0.4945,27.0938,3.7137,0.9355
sec_contact_bottle_schange_thr_epoch	Round_4_Replicate_100	-287458.25	574938.5	574102.91	28552.65	6.8742,23.8886,12.1911,7.1271,0.5981,1.4437,0.8892,0.4641,25.0229,2.5789,0.9527
