Model	Replicate	log-likelihood	AIC	chi-squared	theta	optimized_params(nu1i, nu2i, nu1m, nu2m, nu1f, nu2f, T1, T2)
bottle_schange	Round_1_Replicate_1	-3881635.9	7763287.8	309132156.82	181308.04	6.6875,0.3364,3.8333,3.8565,0.2999,2.0722,1.4655,0.6089
bottle_schange	Round_1_Replicate_2	-2298020.21	4596056.42	35911096.93	123802.41	2.4381,6.5547,0.8913,2.583,2.8002,1.2093,0.6721,1.9986
bottle_schange	Round_1_Replicate_3	-3249473.19	6498962.38	156145221.84	123554.45	4.3279,0.8163,0.5832,6.3338,2.0846,0.3691,2.8062,0.1645
bottle_schange	Round_1_Replicate_4	-11841620.3	23683256.6	832635156187045.9	126190.19	3.7732,1.3615,0.1456,3.5446,1.1998,0.2688,4.3176,3.8683
bottle_schange	Round_1_Replicate_5	-4405061.7	8810139.4	5.072750378507897e+17	146898.68	0.1286,0.2318,0.1202,3.1244,0.2278,3.113,3.8117,0.3588
bottle_schange	Round_1_Replicate_6	-9213617.98	18427251.96	3009726720459.74	208042.25	0.343,0.2519,6.4206,1.0857,2.6752,0.2486,2.117,0.2905
bottle_schange	Round_1_Replicate_7	-4316569.34	8633154.68	2634483321389443.5	212475.9	0.1214,0.2888,1.6891,0.3537,0.1551,7.6902,2.5127,0.1653
bottle_schange	Round_1_Replicate_8	-1396095.6	2792207.2	6178948.17	302571.83	0.2604,0.9778,0.507,0.2932,6.1638,0.2542,0.2307,0.2098
bottle_schange	Round_1_Replicate_9	-3015647.12	6031310.24	117591996.34	100524.86	4.5328,1.9545,0.3553,2.2569,2.6074,0.4432,4.603,0.2258
bottle_schange	Round_1_Replicate_10	-5572103.28	11144222.56	5619648417.4	92964.68	0.7736,0.3667,0.7631,0.5553,2.1012,4.3778,0.1222,4.7509
bottle_schange	Round_1_Replicate_11	-2175434.55	4350885.1	21630660.56	87983.29	2.5206,0.3237,2.957,4.2115,1.8355,7.9698,0.142,2.5285
bottle_schange	Round_1_Replicate_12	-6380899.15	12761814.3	10830940926.83	287801.2	0.197,0.1922,0.93,0.7568,2.9276,0.7297,0.9098,0.2313
bottle_schange	Round_1_Replicate_13	-4903470.08	9806956.16	1442785356.81	143899.18	0.5186,1.244,1.5045,3.2291,2.7221,0.2891,1.287,1.9261
bottle_schange	Round_1_Replicate_14	-9895031.07	19790078.14	22749713373918.57	226690.09	0.798,0.2238,7.7998,0.3902,0.2331,0.5819,2.8839,0.3175
bottle_schange	Round_1_Replicate_15	-3226692.3	6453400.6	83941817.31	359023.87	1.2679,0.1483,0.3176,0.4929,0.2316,1.154,0.1532,0.7222
bottle_schange	Round_2_Replicate_1	-1445704.02	2891424.04	6369477.59	311886.5	0.4816,2.1635,0.6583,0.1821,4.2007,0.0929,0.111,0.2063
bottle_schange	Round_2_Replicate_2	-2679030.51	5358077.02	48344227.68	236940.0	0.6169,1.4044,1.7685,0.1751,1.9663,0.2543,0.1593,0.6454
bottle_schange	Round_2_Replicate_3	-1970250.93	3940517.86	16416629.36	305946.12	0.7611,0.2617,0.8602,0.1406,2.0637,0.1793,0.2888,0.2088
bottle_schange	Round_2_Replicate_4	-2572773.68	5145563.36	31011292.97	213223.31	0.2166,0.7989,0.1749,1.0468,17.2729,0.4712,0.3412,0.4609
bottle_schange	Round_2_Replicate_5	-1452190.28	2904396.56	6749903.91	337111.57	0.195,2.8422,0.8616,0.1704,2.8957,0.1367,0.1044,0.2266
bottle_schange	Round_2_Replicate_6	-2063972.64	4127961.28	19241013.94	336048.48	0.4069,0.3155,0.5406,0.2894,2.9575,0.1757,0.4086,0.1729
bottle_schange	Round_2_Replicate_7	-1190958.13	2381932.26	4449262.14	334716.92	0.1657,1.1873,0.3464,0.3934,3.6449,0.2974,0.1608,0.183
bottle_schange	Round_2_Replicate_8	-1748585.68	3497187.36	11051001.34	315587.81	0.1429,0.7809,0.3861,0.2039,2.2215,0.9223,0.1991,0.2614
bottle_schange	Round_2_Replicate_9	-2272920.29	4545856.58	19017424.65	233091.82	0.9986,0.8328,0.1622,0.6112,16.6503,0.1361,0.1452,0.4898
bottle_schange	Round_2_Replicate_10	-4739985.1	9479986.2	646401407.49	328309.5	0.1266,0.2499,0.9263,0.425,3.5418,0.2512,0.5063,0.2439
bottle_schange	Round_2_Replicate_11	-1191601.31	2383218.62	4290563.4	237236.57	0.5549,0.9389,0.5024,0.4141,10.3105,0.5118,0.2747,0.2568
bottle_schange	Round_2_Replicate_12	-1817364.39	3634744.78	11533997.17	308828.37	0.2297,2.3219,0.4911,0.2343,4.0643,0.1359,0.1262,0.3104
bottle_schange	Round_2_Replicate_13	-1477965.44	2955946.88	7090403.98	472563.01	0.1453,0.4793,0.1301,0.2816,3.7566,0.0837,0.1961,0.092
bottle_schange	Round_2_Replicate_14	-644492.42	1289000.84	1412117.61	360569.15	0.2599,1.7357,0.7292,0.1204,10.4063,0.1648,0.0882,0.0862
bottle_schange	Round_2_Replicate_15	-4014423.91	8028863.82	214524009.05	271535.71	0.1675,2.3945,0.4,0.2397,11.3214,0.5806,0.8372,0.0655
bottle_schange	Round_2_Replicate_16	-5269443.46	10538902.92	1131884943.81	202684.79	0.5439,1.436,0.2993,0.1635,13.3396,0.1182,0.8775,0.5873
bottle_schange	Round_2_Replicate_17	-3058310.01	6116636.02	53556840.77	274839.52	0.5248,3.3037,0.1934,0.105,13.4315,0.1087,0.0769,0.365
bottle_schange	Round_2_Replicate_18	-8182607.26	16365230.52	218481484805.58	226500.19	0.0939,0.7831,0.2021,0.3777,18.0589,0.1496,0.8215,0.5074
bottle_schange	Round_2_Replicate_19	-5177692.73	10355401.46	1140746286.81	305496.77	0.2235,0.4075,0.3812,0.5307,5.9406,0.0773,0.7963,0.2907
bottle_schange	Round_2_Replicate_20	-5572201.15	11144418.3	2437642183.09	221894.08	0.0938,1.7884,0.8706,0.086,5.1228,0.1308,0.0573,0.7264
bottle_schange	Round_2_Replicate_21	-1509950.25	3019916.5	8270716.65	336368.54	0.3318,2.8277,0.2819,0.0885,16.7856,0.1817,0.5446,0.0659
bottle_schange	Round_2_Replicate_22	-3049531.15	6099078.3	61629669.06	168613.25	0.6833,2.1453,0.9232,0.1969,10.152,0.2891,0.1,0.7567
bottle_schange	Round_2_Replicate_23	-2093477.01	4186970.02	15593453.36	345906.14	0.0857,2.5719,1.1856,0.1476,3.3349,0.1627,0.1067,0.2505
bottle_schange	Round_2_Replicate_24	-462306.6	924629.2	862750.19	353571.93	0.3516,0.9828,1.8792,1.0688,3.9214,0.0811,0.1199,0.0517
bottle_schange	Round_2_Replicate_25	-970748.2	1941512.4	2729523.72	270218.32	0.1896,1.0658,0.4161,0.9307,5.7658,0.3633,0.0865,0.2709
bottle_schange	Round_2_Replicate_26	-3382725.43	6765466.86	134491499.43	267235.8	0.2345,0.3166,0.3353,1.0607,2.678,0.3232,0.4542,0.533
bottle_schange	Round_2_Replicate_27	-3348977.97	6697971.94	76082842.46	210672.72	0.2762,0.2771,0.7881,0.276,24.5186,0.2078,0.3026,0.4276
bottle_schange	Round_2_Replicate_28	-2932943.38	5865902.76	47897121.71	335323.61	0.1552,2.0545,0.7859,0.0838,5.815,0.2472,0.361,0.2081
bottle_schange	Round_2_Replicate_29	-2287469.38	4574954.76	26921309.44	419214.62	0.2731,0.5552,0.1861,0.1477,1.8674,0.1734,0.6137,0.052
bottle_schange	Round_2_Replicate_30	-1373641.28	2747298.56	6743709.32	298180.49	0.3773,1.6181,1.044,1.1678,5.3347,0.0955,0.5295,0.0887
bottle_schange	Round_3_Replicate_1	-652545.49	1305106.98	1357996.37	311218.7	0.6884,1.8913,3.2718,1.2608,6.1184,0.0515,0.0602,0.0769
bottle_schange	Round_3_Replicate_2	-600271.19	1200558.38	1258525.75	295317.7	1.1459,2.1316,5.0283,0.4723,1.1636,0.1353,0.0924,0.1034
bottle_schange	Round_3_Replicate_3	-1129025.44	2258066.88	3648103.88	431008.69	0.1507,1.275,5.1708,3.0996,14.2808,0.0293,0.2189,0.019
bottle_schange	Round_3_Replicate_4	-399444.15	798904.3	759605.12	369009.26	0.4703,0.4768,1.7722,3.4954,8.7581,0.0303,0.1166,0.0278
bottle_schange	Round_3_Replicate_5	-436857.11	873730.22	844448.79	385199.2	0.2671,2.3133,6.94,0.9146,1.4494,0.0379,0.0752,0.0597
bottle_schange	Round_3_Replicate_6	-460084.21	920184.42	956111.68	405498.27	0.2805,0.5991,4.509,0.3229,2.0531,0.0819,0.1665,0.0106
bottle_schange	Round_3_Replicate_7	-821103.15	1642222.3	1917524.04	355981.33	0.211,1.7507,0.5087,4.207,1.8886,0.1061,0.1845,0.034
bottle_schange	Round_3_Replicate_8	-583149.61	1166315.22	1422336.9	338928.55	1.1463,0.339,4.0647,1.9154,2.8995,0.0202,0.0834,0.0143
bottle_schange	Round_3_Replicate_9	-1102390.67	2204797.34	12707602.41	285848.75	0.4981,3.9128,6.7095,3.0507,7.1562,0.2923,0.0714,0.0675
bottle_schange	Round_3_Replicate_10	-322413.41	644842.82	604766.25	397862.16	0.3755,1.177,2.2207,0.3159,5.2923,0.0233,0.1185,0.0177
bottle_schange	Round_3_Replicate_11	-398084.31	796184.62	734369.71	392798.99	0.2457,0.2664,0.587,1.7906,9.4538,0.0583,0.0556,0.0432
bottle_schange	Round_3_Replicate_12	-427639.77	855295.54	901833.7	390032.66	0.3706,2.0603,2.6808,0.6229,1.2286,0.0235,0.0415,0.0366
bottle_schange	Round_3_Replicate_13	-1271760.38	2543536.76	5232253.82	336503.48	0.4692,0.6735,2.5721,0.5704,2.9519,0.0413,0.2749,0.111
bottle_schange	Round_3_Replicate_14	-1630152.34	3260320.68	7409618.62	408812.86	0.1291,1.3876,6.0053,1.9711,7.3865,0.0419,0.2446,0.0545
bottle_schange	Round_3_Replicate_15	-547591.73	1095199.46	1122937.04	348797.49	0.3015,1.04,1.4222,1.0258,0.9904,0.2087,0.157,0.0606
bottle_schange	Round_3_Replicate_16	-654225.08	1308466.16	1412359.03	283983.86	1.2194,0.5214,0.69,0.6659,11.7656,0.2545,0.14,0.0599
bottle_schange	Round_3_Replicate_17	-1058346.24	2116708.48	3514634.67	390131.66	0.1117,0.381,0.5405,0.2775,3.1009,0.0907,0.0542,0.1542
bottle_schange	Round_3_Replicate_18	-569995.2	1140006.4	1112512.38	300768.53	0.4558,0.981,1.5344,2.854,1.5662,0.247,0.1371,0.1048
bottle_schange	Round_3_Replicate_19	-597204.78	1194425.56	1251371.47	399713.61	0.1502,3.7446,3.583,1.0523,5.7184,0.0325,0.0584,0.0721
bottle_schange	Round_3_Replicate_20	-598050.98	1196117.96	1277767.02	278324.26	1.156,1.403,4.1382,1.0189,1.3336,0.0991,0.1916,0.1037
bottle_schange	Round_3_Replicate_21	-1265298.54	2530613.08	4328133.52	372117.26	0.1507,1.2965,6.3883,1.7731,1.3818,0.1132,0.2221,0.0477
bottle_schange	Round_3_Replicate_22	-867115.68	1734247.36	2509048.81	414000.38	0.1944,0.3102,6.7127,0.6646,2.4442,0.1327,0.1632,0.0532
bottle_schange	Round_3_Replicate_23	-702347.4	1404710.8	1556571.49	349440.16	0.1907,0.8057,0.9348,0.8895,7.7824,0.0688,0.0625,0.1152
bottle_schange	Round_3_Replicate_24	-729318.9	1458653.8	2152366.27	307829.28	1.0087,0.4552,1.6745,0.4301,2.1706,0.0516,0.3153,0.0285
bottle_schange	Round_3_Replicate_25	-505794.54	1011605.08	1086796.28	461017.24	0.1263,1.0278,1.8912,2.1271,4.5004,0.0222,0.0867,0.019
bottle_schange	Round_3_Replicate_26	-718753.38	1437522.76	1667446.2	309828.37	0.3842,2.6556,6.2103,0.3,9.0225,0.1873,0.2615,0.054
bottle_schange	Round_3_Replicate_27	-1014840.13	2029696.26	3235789.39	278981.4	0.6983,1.0671,1.0501,1.1477,6.3679,0.0692,0.2401,0.1603
bottle_schange	Round_3_Replicate_28	-599785.86	1199587.72	1366616.56	300884.85	0.9997,0.4239,6.8275,1.6438,1.3165,0.1288,0.2392,0.0273
bottle_schange	Round_3_Replicate_29	-1282605.16	2565226.32	5466067.74	300096.56	0.3692,0.3185,2.8386,2.6401,3.0069,0.1295,0.2529,0.1628
bottle_schange	Round_3_Replicate_30	-512565.39	1025146.78	1148394.7	339572.94	0.6435,0.4179,1.3898,1.0401,12.951,0.2334,0.2303,0.0123
bottle_schange	Round_3_Replicate_31	-626506.42	1253028.84	1363273.88	288182.44	0.6627,0.9247,5.2655,3.551,3.729,0.2622,0.317,0.0251
bottle_schange	Round_3_Replicate_32	-1444067.32	2888150.64	5061533.99	268669.44	0.4291,2.3859,7.1484,0.7376,14.3803,0.0481,0.1356,0.1758
bottle_schange	Round_3_Replicate_33	-811449.95	1622915.9	1747879.83	278507.05	1.3187,1.8471,6.2344,1.2978,6.1273,0.054,0.0695,0.093
bottle_schange	Round_3_Replicate_34	-740558.76	1481133.52	2244568.41	367101.71	0.3657,0.9285,0.4856,2.054,1.2493,0.0557,0.3178,0.0367
bottle_schange	Round_3_Replicate_35	-765910.68	1531837.36	2387109.28	287325.86	1.0555,0.515,6.2809,1.0953,11.9069,0.037,0.4065,0.012
bottle_schange	Round_3_Replicate_36	-523698.32	1047412.64	1029531.76	431698.59	0.1148,1.2896,2.7007,3.9704,1.6201,0.0691,0.0545,0.0133
bottle_schange	Round_3_Replicate_37	-498390.86	996797.72	965784.6	332127.18	0.4573,0.9207,6.3519,0.6438,1.6886,0.1717,0.1312,0.0448
bottle_schange	Round_3_Replicate_38	-378986.11	757988.22	686689.44	407959.27	0.1743,0.8497,0.4731,0.4652,12.5331,0.0643,0.048,0.0406
bottle_schange	Round_3_Replicate_39	-1643562.66	3287141.32	6101876.43	356059.16	0.1259,2.7977,1.3155,3.7393,2.1113,0.078,0.23,0.0166
bottle_schange	Round_3_Replicate_40	-1023171.74	2046359.48	2972280.3	409717.76	0.1568,0.5508,2.3128,2.8722,4.823,0.1979,0.1881,0.0278
bottle_schange	Round_3_Replicate_41	-769812.54	1539641.08	2089544.27	407113.83	0.2299,0.451,6.4412,1.1821,6.7039,0.105,0.1994,0.0313
bottle_schange	Round_3_Replicate_42	-1145253.07	2290522.14	4128544.72	282384.53	1.3852,0.2868,1.3562,0.4925,3.4933,0.0734,0.2268,0.0947
bottle_schange	Round_3_Replicate_43	-1022221.14	2044458.28	3203176.88	307579.09	0.3191,0.4653,1.2133,0.8483,7.1772,0.1924,0.2063,0.1332
bottle_schange	Round_3_Replicate_44	-1313416.07	2626848.14	4762574.54	364408.89	0.1687,0.8849,0.4916,0.6402,7.5338,0.0345,0.054,0.1502
bottle_schange	Round_3_Replicate_45	-1090768.77	2181553.54	3613985.33	249005.24	1.3054,2.0068,1.4817,0.6272,8.1892,0.0508,0.3492,0.1241
bottle_schange	Round_3_Replicate_46	-414167.89	828351.78	767332.84	407908.73	0.1896,0.9726,0.6269,0.2547,1.4608,0.1599,0.0722,0.0302
bottle_schange	Round_3_Replicate_47	-1648916.74	3297849.48	10034792.83	443877.96	0.2205,0.6188,1.0238,1.0786,2.3085,0.0263,0.4327,0.0187
bottle_schange	Round_3_Replicate_48	-806967.71	1613951.42	1869687.13	298284.87	0.2817,3.9383,1.5995,0.7988,2.6099,0.3213,0.1972,0.096
bottle_schange	Round_3_Replicate_49	-309252.73	618521.46	596929.03	384781.69	0.4812,1.7594,0.5502,0.2614,1.4777,0.0181,0.1513,0.0137
bottle_schange	Round_3_Replicate_50	-390851.66	781719.32	735588.04	439469.21	0.1335,0.579,0.5651,3.1286,14.062,0.0288,0.0571,0.0352
bottle_schange	Round_4_Replicate_1	-399775.14	799566.28	813813.43	324420.46	0.9024,1.496,0.4616,0.1618,1.7293,0.0246,0.2307,0.0131
bottle_schange	Round_4_Replicate_2	-327697.66	655411.32	634889.71	373583.04	0.5095,1.655,0.3173,0.2899,2.0513,0.0174,0.1736,0.0114
bottle_schange	Round_4_Replicate_3	-249082.23	498180.46	474086.3	438897.09	0.2934,2.7709,0.4503,0.2196,0.9088,0.0184,0.079,0.0179
bottle_schange	Round_4_Replicate_4	-290626.12	581268.24	560990.64	427313.57	0.3089,1.9582,0.8312,0.2744,1.8868,0.0189,0.1007,0.0204
bottle_schange	Round_4_Replicate_5	-399072.75	798161.5	823317.66	348435.11	0.9552,3.1422,0.6856,0.146,0.9698,0.0184,0.1449,0.0164
bottle_schange	Round_4_Replicate_6	-355591.21	711198.42	726266.52	352536.92	0.9465,1.0919,0.2392,0.4371,1.0543,0.0171,0.1733,0.0169
bottle_schange	Round_4_Replicate_7	-398016.11	796048.22	878009.0	367428.4	0.7299,2.6093,0.6792,0.4183,1.5762,0.017,0.097,0.0194
bottle_schange	Round_4_Replicate_8	-314951.3	629918.6	598801.81	398000.56	0.3887,2.8368,1.0401,0.332,3.0172,0.0215,0.1004,0.0201
bottle_schange	Round_4_Replicate_9	-311077.23	622170.46	602942.23	381878.02	0.5123,2.4944,0.4799,0.2876,2.4795,0.0144,0.1525,0.0138
bottle_schange	Round_4_Replicate_10	-365832.19	731680.38	735097.71	355741.35	0.7905,1.1512,0.6696,0.3565,1.0608,0.0162,0.1663,0.0162
bottle_schange	Round_4_Replicate_11	-322382.57	644781.14	646847.22	372662.27	0.5509,2.6516,0.3054,0.166,2.6307,0.0135,0.1935,0.0111
bottle_schange	Round_4_Replicate_12	-332683.56	665383.12	684143.43	364996.54	0.9386,0.9381,0.2369,0.2618,0.8436,0.0486,0.1575,0.0307
bottle_schange	Round_4_Replicate_13	-284745.45	569506.9	547502.64	410003.24	0.4017,2.4043,0.87,0.1102,1.6402,0.0186,0.1185,0.0141
bottle_schange	Round_4_Replicate_14	-317435.19	634886.38	611359.98	383691.93	0.4972,2.7361,0.5503,0.468,2.266,0.0178,0.1353,0.0199
bottle_schange	Round_4_Replicate_15	-290893.28	581802.56	570424.59	396684.49	0.5089,1.9326,0.4558,0.202,1.4268,0.0114,0.1335,0.0121
bottle_schange	Round_4_Replicate_16	-253727.19	507470.38	480466.19	434274.63	0.3077,3.2059,0.7666,0.1829,1.8084,0.0113,0.0912,0.0116
bottle_schange	Round_4_Replicate_17	-279757.49	559530.98	538363.33	405664.62	0.4275,0.9728,0.3079,0.4201,1.6577,0.0146,0.1218,0.0125
bottle_schange	Round_4_Replicate_18	-323668.45	647352.9	635936.13	379753.2	0.5368,1.1549,0.769,0.3676,1.3969,0.0188,0.1528,0.0166
bottle_schange	Round_4_Replicate_19	-314161.19	628338.38	613103.67	380845.44	0.5592,1.4976,0.296,0.1977,2.3146,0.0255,0.1371,0.0177
bottle_schange	Round_4_Replicate_20	-464136.77	928289.54	1025201.19	359104.36	0.9515,2.4192,0.735,0.1655,1.5101,0.0215,0.0876,0.0205
bottle_schange	Round_4_Replicate_21	-251252.33	502520.66	486920.51	426687.99	0.3762,1.1212,0.4332,0.2861,0.7709,0.0109,0.0982,0.0114
bottle_schange	Round_4_Replicate_22	-344415.63	688847.26	683213.61	359533.27	0.6924,2.7703,0.8868,0.2136,1.4979,0.0109,0.1782,0.0118
bottle_schange	Round_4_Replicate_23	-305240.34	610496.68	582900.28	392081.0	0.4413,1.6798,0.979,0.2982,2.8568,0.0137,0.1363,0.0117
bottle_schange	Round_4_Replicate_24	-265673.57	531363.14	511941.0	429236.31	0.3273,2.8485,0.4721,0.1155,1.1089,0.0223,0.1081,0.0159
bottle_schange	Round_4_Replicate_25	-266396.37	532808.74	514634.14	421638.28	0.374,1.5027,0.6622,0.245,0.9518,0.0141,0.1062,0.0144
bottle_schange	Round_4_Replicate_26	-288931.82	577879.64	560464.86	398284.86	0.4585,1.3334,0.6639,0.232,0.7699,0.0216,0.1307,0.0163
bottle_schange	Round_4_Replicate_27	-341702.16	683420.32	740758.67	398028.04	0.4319,2.5234,0.7673,0.1757,1.2416,0.0167,0.1877,0.0159
bottle_schange	Round_4_Replicate_28	-261828.89	523673.78	500539.68	433072.25	0.3028,2.1953,0.3345,0.4482,0.8845,0.0267,0.075,0.0297
bottle_schange	Round_4_Replicate_29	-290141.05	580298.1	589780.68	456829.55	0.2444,1.9364,0.6491,0.1827,2.5326,0.0102,0.114,0.0103
bottle_schange	Round_4_Replicate_30	-305031.77	610079.54	581673.02	397896.05	0.4081,2.716,0.5886,0.226,2.378,0.0225,0.1292,0.0184
bottle_schange	Round_4_Replicate_31	-337909.07	675834.14	673784.96	384699.56	0.6031,1.5876,0.9725,0.1514,1.0508,0.0158,0.1121,0.0147
bottle_schange	Round_4_Replicate_32	-275443.11	550902.22	536414.5	408565.11	0.4291,3.3439,0.718,0.1644,0.8303,0.014,0.1286,0.0135
bottle_schange	Round_4_Replicate_33	-356909.66	713835.32	730148.22	368841.66	0.8781,0.9882,0.2442,0.4819,1.3553,0.0207,0.1377,0.0245
bottle_schange	Round_4_Replicate_34	-313133.3	626282.6	611004.14	381891.18	0.5119,3.1125,0.8868,0.3337,1.2072,0.0152,0.156,0.0162
bottle_schange	Round_4_Replicate_35	-347340.17	694696.34	805336.58	395746.28	0.5712,2.4896,0.5321,0.2519,0.758,0.01,0.0773,0.0111
bottle_schange	Round_4_Replicate_36	-280788.46	561592.92	557779.31	418355.24	0.397,2.8767,0.3954,0.1238,1.3541,0.0205,0.1217,0.0176
bottle_schange	Round_4_Replicate_37	-333832.38	667680.76	686533.89	392106.43	0.4289,2.7479,0.5305,0.1682,2.5411,0.019,0.1792,0.0152
bottle_schange	Round_4_Replicate_38	-241593.41	483202.82	470030.02	435368.62	0.3573,1.0419,0.2727,0.2244,0.9426,0.0103,0.0926,0.0106
bottle_schange	Round_4_Replicate_39	-366722.25	733460.5	738447.08	349385.86	0.8521,2.5713,0.5036,0.1447,1.161,0.0297,0.1732,0.0219
bottle_schange	Round_4_Replicate_40	-276566.52	553149.04	529677.98	411130.17	0.3914,3.2855,0.773,0.2212,1.0376,0.0164,0.1055,0.0154
bottle_schange	Round_4_Replicate_41	-278975.47	557966.94	544846.88	412765.92	0.4266,2.2025,0.3424,0.4759,1.6464,0.0121,0.1138,0.0171
bottle_schange	Round_4_Replicate_42	-308091.4	616198.8	608722.88	382572.28	0.5889,2.978,0.3705,0.3502,1.2942,0.0167,0.1444,0.0196
bottle_schange	Round_4_Replicate_43	-318535.74	637087.48	627710.24	375802.39	0.5887,1.5974,0.4822,0.2432,2.2952,0.0109,0.1624,0.0107
bottle_schange	Round_4_Replicate_44	-379621.74	759259.48	804457.99	343768.33	0.7874,1.8593,0.4349,0.4445,1.955,0.0121,0.2317,0.0154
bottle_schange	Round_4_Replicate_45	-282801.69	565619.38	542432.72	422230.32	0.3211,2.4979,0.9365,0.4706,0.9667,0.017,0.1098,0.0195
bottle_schange	Round_4_Replicate_46	-351772.16	703560.32	713695.88	375098.64	0.7714,1.5124,0.4694,0.3448,0.8387,0.0122,0.1256,0.0164
bottle_schange	Round_4_Replicate_47	-314683.08	629382.16	605940.01	388372.65	0.479,1.1202,0.8784,0.3307,1.5259,0.0217,0.1245,0.0174
bottle_schange	Round_4_Replicate_48	-413033.08	826082.16	869509.6	356954.56	0.9288,2.2418,0.4753,0.135,1.619,0.0102,0.1237,0.0107
bottle_schange	Round_4_Replicate_49	-240410.93	480837.86	457060.24	448412.38	0.2717,1.9172,1.0739,0.1585,0.8826,0.0113,0.0849,0.0109
bottle_schange	Round_4_Replicate_50	-400462.32	800940.64	885971.81	384266.27	0.4115,1.3907,0.8563,0.1377,0.9775,0.034,0.2168,0.0148
bottle_schange	Round_4_Replicate_51	-375095.73	750207.46	789289.54	348712.06	0.6125,2.0903,0.6428,0.4915,0.9091,0.0242,0.2389,0.0199
bottle_schange	Round_4_Replicate_52	-292594.45	585204.9	571447.46	390881.13	0.5108,3.0967,0.2797,0.2136,2.3432,0.0131,0.1464,0.0131
bottle_schange	Round_4_Replicate_53	-355660.5	711337.0	738529.65	360005.57	0.9197,2.1224,0.3007,0.1939,0.8808,0.0176,0.1413,0.0159
bottle_schange	Round_4_Replicate_54	-374019.06	748054.12	747250.49	347070.95	0.7357,1.4619,0.7247,0.1605,2.409,0.0231,0.193,0.0153
bottle_schange	Round_4_Replicate_55	-294700.29	589416.58	576409.54	402999.84	0.4157,3.2941,1.0662,0.172,1.0876,0.0161,0.1424,0.0145
bottle_schange	Round_4_Replicate_56	-415185.94	830387.88	848918.64	329768.67	0.839,1.0208,1.083,0.1432,1.6767,0.039,0.2198,0.0167
bottle_schange	Round_4_Replicate_57	-313637.12	627290.24	626331.4	367459.86	0.6917,2.9973,0.2905,0.2254,1.0377,0.0195,0.1687,0.0171
bottle_schange	Round_4_Replicate_58	-285083.26	570182.52	547431.01	406978.26	0.4146,1.5224,0.4954,0.2932,2.1135,0.0148,0.1179,0.0146
bottle_schange	Round_4_Replicate_59	-358077.0	716170.0	717858.49	352275.28	0.7722,1.6912,0.6919,0.254,0.9841,0.022,0.1776,0.0189
bottle_schange	Round_4_Replicate_60	-349576.41	699168.82	687370.94	364637.58	0.5217,2.8489,0.99,0.2147,2.2486,0.018,0.1942,0.0132
bottle_schange	Round_4_Replicate_61	-427903.41	855822.82	885523.18	367754.06	0.7402,0.9886,0.5904,0.3787,2.3409,0.0244,0.0859,0.0279
bottle_schange	Round_4_Replicate_62	-276944.23	553904.46	528807.73	408829.31	0.3955,2.5238,0.4118,0.2052,1.6429,0.0158,0.1165,0.0131
bottle_schange	Round_4_Replicate_63	-322632.5	645281.0	645131.59	394350.03	0.4109,3.8305,0.7138,0.2025,1.9682,0.013,0.1737,0.0116
bottle_schange	Round_4_Replicate_64	-350012.84	700041.68	723909.85	357525.62	0.7356,2.3843,0.6794,0.4983,0.8086,0.0188,0.1927,0.0241
bottle_schange	Round_4_Replicate_65	-325937.65	651891.3	668928.13	388867.65	0.4646,1.9888,0.6561,0.2352,2.1416,0.0136,0.1808,0.013
bottle_schange	Round_4_Replicate_66	-276610.77	553237.54	533071.28	413832.14	0.3991,0.9155,0.8356,0.242,2.0052,0.0113,0.1027,0.0101
bottle_schange	Round_4_Replicate_67	-380801.77	761619.54	852304.19	357885.49	0.6202,2.937,0.5738,0.326,1.5626,0.015,0.2467,0.0181
bottle_schange	Round_4_Replicate_68	-363263.27	726542.54	734991.38	350367.53	0.8572,1.1184,0.4367,0.208,0.9751,0.028,0.1748,0.0186
bottle_schange	Round_4_Replicate_69	-242946.87	485909.74	461648.21	445763.88	0.2755,0.9844,0.743,0.2541,1.5858,0.0105,0.0777,0.0108
bottle_schange	Round_4_Replicate_70	-312067.36	624150.72	653140.72	395851.03	0.5021,1.484,0.4956,0.4302,0.9188,0.0148,0.1636,0.0183
bottle_schange	Round_4_Replicate_71	-368669.3	737354.6	741305.82	352808.8	0.8132,1.5544,0.6542,0.4598,1.16,0.0123,0.1733,0.0155
bottle_schange	Round_4_Replicate_72	-296289.38	592594.76	560566.42	405348.93	0.3754,1.2471,0.4403,0.2003,1.9014,0.0294,0.1192,0.0168
bottle_schange	Round_4_Replicate_73	-369157.8	738331.6	841893.44	396582.02	0.4279,1.8537,0.6551,0.1458,1.0282,0.0179,0.2121,0.0141
bottle_schange	Round_4_Replicate_74	-295773.42	591562.84	574453.81	396568.73	0.463,1.2838,0.2623,0.567,2.2498,0.0177,0.1342,0.0182
bottle_schange	Round_4_Replicate_75	-439420.44	878856.88	1024689.89	382910.51	0.4051,1.5498,0.9057,0.4348,2.9364,0.0125,0.243,0.011
bottle_schange	Round_4_Replicate_76	-319692.16	639400.32	633390.84	371077.4	0.6453,2.3918,0.4576,0.4793,1.1226,0.0124,0.1536,0.0148
bottle_schange	Round_4_Replicate_77	-341707.12	683430.24	675897.14	362200.64	0.6542,0.9713,0.4085,0.2539,1.9575,0.0186,0.1719,0.0116
bottle_schange	Round_4_Replicate_78	-289727.07	579470.14	565066.36	408975.64	0.4358,2.1969,0.4708,0.3883,2.3052,0.0108,0.1166,0.0151
bottle_schange	Round_4_Replicate_79	-320752.12	641520.24	639812.28	377773.65	0.5272,1.4432,1.0155,0.3248,1.0014,0.012,0.1799,0.0108
bottle_schange	Round_4_Replicate_80	-273969.16	547954.32	523826.93	420283.21	0.3562,2.0796,0.7085,0.1497,1.2752,0.0205,0.0908,0.0166
bottle_schange	Round_4_Replicate_81	-300589.49	601194.98	592460.93	402917.29	0.4505,2.2043,0.8388,0.2504,2.9136,0.0101,0.1363,0.0128
bottle_schange	Round_4_Replicate_82	-371029.41	742074.82	849835.45	390714.05	0.4556,1.8766,0.3239,0.247,1.9092,0.0152,0.2203,0.0149
bottle_schange	Round_4_Replicate_83	-268524.61	537065.22	514159.79	421346.31	0.3668,1.2593,0.7613,0.1762,2.2353,0.0121,0.1006,0.011
bottle_schange	Round_4_Replicate_84	-386705.79	773427.58	835920.36	329123.81	0.9202,2.6834,0.4803,0.4173,0.9684,0.0235,0.2578,0.0256
bottle_schange	Round_4_Replicate_85	-320185.99	640387.98	628309.76	393251.71	0.5263,1.344,0.4658,0.1907,2.3027,0.018,0.1125,0.0171
bottle_schange	Round_4_Replicate_86	-286691.4	573398.8	561928.89	409122.43	0.4523,2.2591,0.4005,0.3772,1.0451,0.018,0.0919,0.0217
bottle_schange	Round_4_Replicate_87	-318782.79	637581.58	623764.99	382235.03	0.5609,1.351,1.0615,0.186,1.851,0.0119,0.1347,0.0105
bottle_schange	Round_4_Replicate_88	-261179.88	522375.76	503733.66	427244.34	0.351,1.6827,0.3934,0.3225,0.9379,0.0187,0.0826,0.0201
bottle_schange	Round_4_Replicate_89	-270289.95	540595.9	510306.49	429074.3	0.3046,1.3655,0.5126,0.3932,2.5391,0.0131,0.1035,0.0129
bottle_schange	Round_4_Replicate_90	-344312.29	688640.58	696477.23	354639.62	0.7817,2.1738,0.3952,0.1518,1.1145,0.0155,0.1909,0.0134
bottle_schange	Round_4_Replicate_91	-426773.33	853562.66	1032829.61	422680.42	0.3285,2.6136,0.4418,0.2067,1.66,0.0123,0.2099,0.0133
bottle_schange	Round_4_Replicate_92	-250628.25	501272.5	475400.06	437046.54	0.2979,0.9534,0.5146,0.2267,0.8953,0.0183,0.0858,0.0142
bottle_schange	Round_4_Replicate_93	-254430.4	508876.8	484334.94	444383.27	0.2742,2.7432,0.5758,0.1671,1.8244,0.0146,0.0866,0.0144
bottle_schange	Round_4_Replicate_94	-313658.11	627332.22	600742.8	387429.25	0.4627,1.6372,0.3318,0.3405,2.4543,0.0289,0.1254,0.0214
bottle_schange	Round_4_Replicate_95	-300052.46	600120.92	580040.92	393803.18	0.4632,1.574,0.5625,0.1951,1.2291,0.0256,0.1326,0.0181
bottle_schange	Round_4_Replicate_96	-328251.15	656518.3	658537.42	370659.54	0.7115,1.2832,0.3538,0.1882,1.0264,0.0122,0.1477,0.0106
bottle_schange	Round_4_Replicate_97	-276105.86	552227.72	541826.31	409161.99	0.4396,1.6577,0.7423,0.2749,0.8462,0.0101,0.1298,0.0116
bottle_schange	Round_4_Replicate_98	-275511.87	551039.74	524623.26	413810.5	0.3738,1.1169,0.7312,0.2581,1.5843,0.0143,0.1084,0.0114
bottle_schange	Round_4_Replicate_99	-374951.12	749918.24	853533.51	384743.08	0.4775,3.5742,0.5515,0.3996,2.0137,0.0112,0.2242,0.016
bottle_schange	Round_4_Replicate_100	-375995.93	752007.86	733474.02	351596.88	0.6166,0.935,0.9729,0.3652,2.6916,0.0314,0.1792,0.0151
