Model	Replicate	log-likelihood	AIC	chi-squared	theta	optimized_params(nu1a, nu2a, nu1b, nu2b, m, T1, T2, T3)
sec_contact_sym_mig_size_three_epoch	Round_1_Replicate_1	-262920.27	525856.54	3992277.53	12879.58	0.3899,0.1311,3.8051,0.5307,0.339,0.1964,0.3153,0.5118
sec_contact_sym_mig_size_three_epoch	Round_1_Replicate_2	-125172.44	250360.88	521074.36	7217.1	0.9021,1.017,4.8656,5.5376,1.3841,0.867,0.4437,0.5877
sec_contact_sym_mig_size_three_epoch	Round_1_Replicate_3	-103868.4	207752.8	289368.34	9956.1	1.7701,0.9382,0.8238,1.7916,0.611,4.4022,0.6289,0.1806
sec_contact_sym_mig_size_three_epoch	Round_1_Replicate_4	-347599.84	695215.68	1.2192836545053035e+17	9853.86	0.1228,1.4344,0.2534,0.1406,2.6528,4.56,1.2935,4.9508
sec_contact_sym_mig_size_three_epoch	Round_1_Replicate_5	-204319.78	408655.56	1712658.78	13913.86	1.5255,2.2932,1.5806,1.0442,0.2911,0.1437,0.2749,0.8245
sec_contact_sym_mig_size_three_epoch	Round_1_Replicate_6	-112003.96	224023.92	269020.2	6636.67	5.6261,2.2393,0.38,4.8266,5.1617,7.2546,0.3117,0.1877
sec_contact_sym_mig_size_three_epoch	Round_1_Replicate_7	-105419.96	210855.92	515825.08	8026.17	2.4562,3.3887,5.1724,1.7486,2.5899,0.9606,0.3709,0.3281
sec_contact_sym_mig_size_three_epoch	Round_1_Replicate_8	-757049.79	1514115.58	1592930980.46	28430.85	0.6365,0.4238,0.2255,0.3384,0.359,0.6977,1.9299,0.9901
sec_contact_sym_mig_size_three_epoch	Round_1_Replicate_9	-942048.51	1884113.02	25979483843.65	11984.75	0.5932,2.7141,0.4732,1.444,1.3433,0.6053,0.3137,3.9438
sec_contact_sym_mig_size_three_epoch	Round_1_Replicate_10	-203806.07	407628.14	1417053.12	11236.19	1.879,0.1821,1.1688,2.2267,4.6021,0.5437,0.7929,1.2226
sec_contact_sym_mig_size_three_epoch	Round_2_Replicate_1	-99646.3	199308.6	319277.51	17179.38	0.6795,3.2041,0.7505,0.6688,1.6783,2.0668,1.8853,0.2807
sec_contact_sym_mig_size_three_epoch	Round_2_Replicate_2	-403316.57	806649.14	11417143.39	12203.62	0.4432,1.3377,0.3156,0.5032,0.1941,7.3542,1.0751,0.415
sec_contact_sym_mig_size_three_epoch	Round_2_Replicate_3	-43384.05	86784.1	205804.2	4648.95	0.5429,3.2318,3.3531,2.9663,2.3289,11.9618,0.4851,0.2144
sec_contact_sym_mig_size_three_epoch	Round_2_Replicate_4	-183927.29	367870.58	640648.79	8949.88	0.5115,0.6574,0.3162,4.9827,0.7587,7.4291,0.4038,0.1551
sec_contact_sym_mig_size_three_epoch	Round_2_Replicate_5	-323446.06	646908.12	7914857.06	6173.83	0.6002,0.2882,0.5077,3.3606,0.4175,15.1859,0.2209,0.0469
sec_contact_sym_mig_size_three_epoch	Round_2_Replicate_6	-336032.53	672081.06	4628126.99	6189.45	0.6857,1.3251,0.509,1.6511,0.3203,13.4316,0.2339,0.5421
sec_contact_sym_mig_size_three_epoch	Round_2_Replicate_7	-162089.03	324194.06	1179017.55	7201.44	0.8205,3.7078,2.403,1.5811,0.2029,5.0659,0.6803,0.0785
sec_contact_sym_mig_size_three_epoch	Round_2_Replicate_8	-232135.36	464286.72	1242095.4	4689.52	0.9219,1.3891,0.5513,5.596,0.5653,16.8103,0.326,0.5326
sec_contact_sym_mig_size_three_epoch	Round_2_Replicate_9	-288234.38	576484.76	4255199.87	16004.17	2.5529,3.7515,0.6112,0.5052,0.3216,2.4163,0.6876,0.571
sec_contact_sym_mig_size_three_epoch	Round_2_Replicate_10	-86434.63	172885.26	237062.13	9779.3	1.1733,1.6196,1.2563,1.457,0.5422,3.1176,2.3144,0.2336
sec_contact_sym_mig_size_three_epoch	Round_2_Replicate_11	-92558.76	185133.52	201640.43	6664.92	1.8626,1.1057,0.9597,5.6141,1.5041,7.0221,0.6558,0.3626
sec_contact_sym_mig_size_three_epoch	Round_2_Replicate_12	-185385.04	370786.08	1134415.16	17374.15	6.0725,1.6932,0.5169,0.6738,0.3969,1.2737,0.2807,0.2416
sec_contact_sym_mig_size_three_epoch	Round_2_Replicate_13	-125332.4	250680.8	315807.07	6918.78	4.8506,0.3296,0.2831,1.1477,0.9308,13.1749,0.5265,0.0527
sec_contact_sym_mig_size_three_epoch	Round_2_Replicate_14	-225085.14	450186.28	2370160.67	10524.57	6.2639,1.0031,1.5448,1.1373,0.3164,1.7536,0.2054,0.5439
sec_contact_sym_mig_size_three_epoch	Round_2_Replicate_15	-193039.7	386095.4	1952046.15	7016.12	2.0115,1.1273,1.9892,1.9561,0.1865,6.4534,0.4949,0.1424
sec_contact_sym_mig_size_three_epoch	Round_2_Replicate_16	-338572.54	677161.08	5212936.63	5586.49	0.79,0.8265,0.2323,1.9679,0.2701,17.3418,0.2696,0.0556
sec_contact_sym_mig_size_three_epoch	Round_2_Replicate_17	-165090.6	330197.2	480310.05	9006.69	1.0155,0.8217,0.3486,4.858,0.561,5.2973,1.1699,0.0575
sec_contact_sym_mig_size_three_epoch	Round_2_Replicate_18	-165781.12	331578.24	1566029.02	10730.28	0.7049,0.7053,2.1535,3.7957,0.3892,1.8141,0.4481,0.0971
sec_contact_sym_mig_size_three_epoch	Round_2_Replicate_19	-205967.52	411951.04	2323410.83	7526.56	2.5386,0.5427,0.978,1.29,0.3845,8.2011,0.2175,0.0964
sec_contact_sym_mig_size_three_epoch	Round_2_Replicate_20	-68341.37	136698.74	183323.52	8325.11	3.093,0.6466,1.1729,0.8096,1.934,6.3225,0.2126,0.2244
sec_contact_sym_mig_size_three_epoch	Round_3_Replicate_1	-68118.55	136253.1	193842.46	6934.03	0.2028,1.3957,4.761,1.9397,4.5714,3.4609,0.881,0.4659
sec_contact_sym_mig_size_three_epoch	Round_3_Replicate_2	-65802.82	131621.64	154076.07	5671.14	0.9278,3.1781,1.5434,4.5534,4.8937,8.5839,0.1795,0.4149
sec_contact_sym_mig_size_three_epoch	Round_3_Replicate_3	-100504.45	201024.9	234136.78	2664.04	0.1925,10.7129,2.3045,3.9,0.6542,23.7043,0.581,0.6405
sec_contact_sym_mig_size_three_epoch	Round_3_Replicate_4	-35929.03	71874.06	141323.98	6492.86	1.4385,1.6129,1.4685,1.6139,2.3537,9.4739,0.9276,0.1022
sec_contact_sym_mig_size_three_epoch	Round_3_Replicate_5	-61971.69	123959.38	4642125.64	3835.49	1.678,8.3782,3.4456,2.3179,8.8897,10.6813,0.4119,0.102
sec_contact_sym_mig_size_three_epoch	Round_3_Replicate_6	-140913.29	281842.58	370943.81	3432.06	0.2258,8.038,0.8751,8.8606,1.5711,16.0519,0.3905,0.5541
sec_contact_sym_mig_size_three_epoch	Round_3_Replicate_7	-74592.58	149201.16	155589.94	4698.39	0.8155,1.4311,1.1142,3.3616,0.5936,15.678,1.6001,0.1367
sec_contact_sym_mig_size_three_epoch	Round_3_Replicate_8	-101986.82	203989.64	532413.8	7193.76	0.1477,5.8925,1.3474,8.6954,2.3783,3.3441,0.2616,0.1797
sec_contact_sym_mig_size_three_epoch	Round_3_Replicate_9	-56957.57	113931.14	594620.24	4495.68	0.3519,2.4373,6.5331,1.1975,9.1629,16.5872,0.1889,0.1105
sec_contact_sym_mig_size_three_epoch	Round_3_Replicate_10	-127340.27	254696.54	350149.52	4570.14	0.2041,5.4677,0.8592,8.0774,0.9532,11.3789,0.3712,0.1222
sec_contact_sym_mig_size_three_epoch	Round_3_Replicate_11	-28038.12	56092.24	72015.77	2250.47	0.8225,9.7533,8.1395,1.3276,8.6273,28.7466,0.1214,0.2496
sec_contact_sym_mig_size_three_epoch	Round_3_Replicate_12	-72514.23	145044.46	174523.37	3062.0	0.2656,11.9013,1.1475,3.584,0.601,23.578,1.7691,0.0625
sec_contact_sym_mig_size_three_epoch	Round_3_Replicate_13	-76530.64	153077.28	157870.12	4553.48	0.1802,2.1968,1.0578,2.1502,0.9193,18.3136,0.7849,0.2917
sec_contact_sym_mig_size_three_epoch	Round_3_Replicate_14	-83700.4	167416.8	189777.23	3330.77	0.2175,3.6372,1.2337,9.0688,5.7813,22.7448,1.061,0.574
sec_contact_sym_mig_size_three_epoch	Round_3_Replicate_15	-25974.57	51965.14	67967.13	3912.52	0.4708,2.0432,3.5156,1.0661,4.4226,20.8448,0.7067,0.2031
sec_contact_sym_mig_size_three_epoch	Round_3_Replicate_16	-45938.66	91893.32	87693.72	4662.84	0.1931,5.3221,0.8847,0.9438,3.6091,18.6261,0.4237,0.2313
sec_contact_sym_mig_size_three_epoch	Round_3_Replicate_17	-72518.62	145053.24	1784822.53	5294.72	0.4968,4.9891,3.5186,6.024,7.4448,6.7024,0.1409,0.2219
sec_contact_sym_mig_size_three_epoch	Round_3_Replicate_18	-85383.81	170783.62	225082.96	7355.82	1.0683,1.4183,1.0781,0.7846,0.7078,10.1144,0.6421,0.192
sec_contact_sym_mig_size_three_epoch	Round_3_Replicate_19	-87427.37	174870.74	184851.16	4890.54	0.6876,5.0114,1.1674,4.2024,1.2284,10.8199,0.7394,0.4178
sec_contact_sym_mig_size_three_epoch	Round_3_Replicate_20	-50036.14	100088.28	112818.81	5643.43	0.2619,5.1296,1.7951,1.1771,3.767,11.9681,0.8487,0.4757
sec_contact_sym_mig_size_three_epoch	Round_3_Replicate_21	-35055.08	70126.16	371929.93	2457.57	0.6072,7.9699,10.7672,1.2909,3.4525,28.7706,1.1454,0.1323
sec_contact_sym_mig_size_three_epoch	Round_3_Replicate_22	-54992.72	110001.44	175625.87	4723.31	0.2891,0.905,4.2653,4.6832,4.7543,10.3295,0.7124,0.6156
sec_contact_sym_mig_size_three_epoch	Round_3_Replicate_23	-97833.93	195683.86	359512.3	5641.05	1.2745,0.865,4.4815,0.7579,0.8811,9.9282,0.4879,0.5085
sec_contact_sym_mig_size_three_epoch	Round_3_Replicate_24	-92902.03	185820.06	9269480.15	4357.76	1.8299,6.277,13.8093,2.789,5.5061,6.2162,0.1995,0.0967
sec_contact_sym_mig_size_three_epoch	Round_3_Replicate_25	-54880.81	109777.62	121510.05	8803.48	0.6907,6.7352,1.1114,0.9707,0.7683,5.9256,1.2459,0.089
sec_contact_sym_mig_size_three_epoch	Round_3_Replicate_26	-54400.03	108816.06	138285.98	6109.49	0.2353,3.0334,6.1142,0.8243,4.1005,7.1835,1.6508,0.2895
sec_contact_sym_mig_size_three_epoch	Round_3_Replicate_27	-192146.01	384308.02	1559819.37	7233.12	0.135,2.8311,2.9174,2.4611,0.664,5.4493,0.2087,0.3385
sec_contact_sym_mig_size_three_epoch	Round_3_Replicate_28	-67724.13	135464.26	144438.36	4349.73	1.9977,1.8556,1.3584,2.4493,1.6232,17.4184,0.2874,0.0572
sec_contact_sym_mig_size_three_epoch	Round_3_Replicate_29	-113187.63	226391.26	287433.27	8937.81	0.9203,1.7731,0.8834,4.3134,6.6711,3.4493,0.355,0.5776
sec_contact_sym_mig_size_three_epoch	Round_3_Replicate_30	-85995.32	172006.64	245293.55	5534.45	0.5124,5.3476,2.4806,3.0468,1.3724,7.1379,0.2833,0.1619
sec_contact_sym_mig_size_three_epoch	Round_4_Replicate_1	-26294.7	52605.4	66843.36	4564.08	0.4775,1.4028,3.1295,1.0791,5.7929,17.2281,0.7647,0.2234
sec_contact_sym_mig_size_three_epoch	Round_4_Replicate_2	-26045.91	52107.82	59556.81	3600.66	0.7632,1.6276,3.3937,1.0086,3.3774,23.8997,0.6809,0.2116
sec_contact_sym_mig_size_three_epoch	Round_4_Replicate_3	-29960.19	59936.38	75810.94	4900.78	0.7349,1.161,3.6996,1.1469,8.689,14.8472,0.5167,0.2524
sec_contact_sym_mig_size_three_epoch	Round_4_Replicate_4	-24107.59	48231.18	60173.98	3187.91	0.8018,1.8824,3.3177,1.1591,4.8095,28.1644,0.9204,0.2355
sec_contact_sym_mig_size_three_epoch	Round_4_Replicate_5	-27907.28	55830.56	125230.18	2954.19	0.4216,3.2789,4.1947,1.7219,2.3142,27.1332,1.2355,0.1803
sec_contact_sym_mig_size_three_epoch	Round_4_Replicate_6	-26216.96	52449.92	75016.99	2891.85	0.508,4.2363,4.0888,1.6348,3.5594,27.5026,0.8887,0.2751
sec_contact_sym_mig_size_three_epoch	Round_4_Replicate_7	-30921.17	61858.34	68780.77	3890.02	0.9306,3.7509,3.0132,1.835,3.3276,17.4408,0.5061,0.3502
sec_contact_sym_mig_size_three_epoch	Round_4_Replicate_8	-22305.69	44627.38	50640.29	4025.29	0.3584,3.9423,2.1231,0.6141,7.2064,22.8515,0.6268,0.1471
sec_contact_sym_mig_size_three_epoch	Round_4_Replicate_9	-39485.15	78986.3	101367.85	3432.33	0.733,2.7024,5.6167,0.7162,6.6476,23.7406,0.5566,0.3716
sec_contact_sym_mig_size_three_epoch	Round_4_Replicate_10	-26073.75	52163.5	66610.02	5615.54	0.4018,1.9462,1.9916,0.945,6.5193,13.6958,0.6378,0.1755
sec_contact_sym_mig_size_three_epoch	Round_4_Replicate_11	-28138.56	56293.12	67063.47	4060.55	0.4452,3.9944,4.5092,1.1271,2.4674,16.358,0.825,0.2316
sec_contact_sym_mig_size_three_epoch	Round_4_Replicate_12	-27949.26	55914.52	61896.0	5665.96	0.6956,2.2978,2.9057,0.6663,3.527,12.3819,0.4017,0.1474
sec_contact_sym_mig_size_three_epoch	Round_4_Replicate_13	-25054.01	50124.02	55630.44	4190.95	0.2633,2.2923,2.6962,0.5592,9.5298,27.623,1.1819,0.1821
sec_contact_sym_mig_size_three_epoch	Round_4_Replicate_14	-24138.74	48293.48	52552.56	3549.33	0.2684,1.2844,2.7464,0.8688,2.7942,28.686,1.3378,0.1986
sec_contact_sym_mig_size_three_epoch	Round_4_Replicate_15	-35047.57	70111.14	85793.55	4378.87	0.4216,1.4585,3.1413,1.6412,3.8133,17.6815,0.4307,0.279
sec_contact_sym_mig_size_three_epoch	Round_4_Replicate_16	-27782.83	55581.66	62285.83	6403.14	0.3053,1.5281,1.8909,0.8625,7.3562,11.7091,0.4018,0.1858
sec_contact_sym_mig_size_three_epoch	Round_4_Replicate_17	-27866.73	55749.46	58877.57	3541.2	0.6124,1.0746,3.1572,1.1931,2.5615,25.4064,1.3515,0.3218
sec_contact_sym_mig_size_three_epoch	Round_4_Replicate_18	-30318.79	60653.58	67334.7	4068.89	0.7176,1.2575,4.1795,1.4456,3.6853,17.5742,0.9985,0.3745
sec_contact_sym_mig_size_three_epoch	Round_4_Replicate_19	-25802.83	51621.66	68848.71	3286.63	0.866,1.6846,4.695,1.2812,4.5565,24.8583,1.0226,0.2686
sec_contact_sym_mig_size_three_epoch	Round_4_Replicate_20	-24716.48	49448.96	57764.08	6558.69	0.4822,2.2545,1.9513,0.5976,4.0591,11.0439,0.413,0.1014
sec_contact_sym_mig_size_three_epoch	Round_4_Replicate_21	-29176.62	58369.24	68833.02	4321.71	0.7141,1.5711,2.3667,1.4744,6.2125,18.4684,0.6488,0.2763
sec_contact_sym_mig_size_three_epoch	Round_4_Replicate_22	-24774.42	49564.84	53815.41	3611.23	0.6216,2.405,2.7509,0.6186,4.3767,26.0422,0.6578,0.1668
sec_contact_sym_mig_size_three_epoch	Round_4_Replicate_23	-31947.2	63910.4	68269.5	5037.69	0.6227,2.6886,2.3407,1.323,3.0948,14.056,1.157,0.2997
sec_contact_sym_mig_size_three_epoch	Round_4_Replicate_24	-24375.83	48767.66	64552.26	3758.85	0.5229,4.2354,3.2348,0.8758,5.0458,20.9383,0.5435,0.1697
sec_contact_sym_mig_size_three_epoch	Round_4_Replicate_25	-24046.15	48108.3	58804.82	3354.24	0.3824,1.9266,3.3521,0.9956,6.0016,27.1308,0.8173,0.2207
sec_contact_sym_mig_size_three_epoch	Round_4_Replicate_26	-30841.0	61698.0	64042.31	4539.9	0.4766,1.8709,2.1261,0.9124,6.4652,18.8212,0.4971,0.314
sec_contact_sym_mig_size_three_epoch	Round_4_Replicate_27	-22074.66	44165.32	68097.01	3476.61	0.4477,2.4896,2.9004,0.7411,5.7953,29.7816,1.1722,0.1394
sec_contact_sym_mig_size_three_epoch	Round_4_Replicate_28	-24224.34	48464.68	55085.13	3274.38	0.4031,2.3333,3.8039,0.9498,5.2606,28.142,1.1117,0.2548
sec_contact_sym_mig_size_three_epoch	Round_4_Replicate_29	-52662.48	105340.96	151032.89	3270.5	0.2544,1.1977,5.7387,0.564,2.5048,28.1634,1.0796,0.3161
sec_contact_sym_mig_size_three_epoch	Round_4_Replicate_30	-22656.55	45329.1	52894.79	3607.07	0.7343,3.4056,2.0096,0.7821,4.1649,25.7862,0.6995,0.1401
sec_contact_sym_mig_size_three_epoch	Round_4_Replicate_31	-21915.71	43847.42	59571.49	3563.62	0.3409,1.6714,2.2166,0.8156,4.1431,29.5781,1.1369,0.135
sec_contact_sym_mig_size_three_epoch	Round_4_Replicate_32	-28808.6	57633.2	68387.03	3160.04	0.5619,2.3457,3.8296,1.5136,9.3802,26.5595,0.5753,0.3389
sec_contact_sym_mig_size_three_epoch	Round_4_Replicate_33	-38787.28	77590.56	91491.87	4089.51	0.5769,2.2756,2.5033,0.6854,4.6669,25.4383,1.1362,0.3356
sec_contact_sym_mig_size_three_epoch	Round_4_Replicate_34	-38728.25	77472.5	355465.68	3880.96	0.6531,2.3955,5.4989,1.919,8.1083,16.2495,1.0454,0.2189
sec_contact_sym_mig_size_three_epoch	Round_4_Replicate_35	-26402.0	52820.0	90333.09	3124.09	0.279,1.6365,3.3417,1.5554,3.5998,28.2648,1.1726,0.2173
sec_contact_sym_mig_size_three_epoch	Round_4_Replicate_36	-22518.95	45053.9	61017.64	3508.88	0.8543,1.1292,2.2413,0.7382,6.737,28.9445,0.7777,0.1386
sec_contact_sym_mig_size_three_epoch	Round_4_Replicate_37	-25536.02	51088.04	56411.05	3097.36	0.2809,2.1588,3.1673,1.0591,4.6823,29.8466,0.6921,0.2476
sec_contact_sym_mig_size_three_epoch	Round_4_Replicate_38	-27312.1	54640.2	59457.18	3775.64	0.5043,1.8951,3.2313,1.0468,7.7012,22.5108,0.534,0.2897
sec_contact_sym_mig_size_three_epoch	Round_4_Replicate_39	-28563.14	57142.28	142024.15	3124.95	0.4536,1.6133,5.1573,1.1591,8.2634,28.0851,0.9832,0.1823
sec_contact_sym_mig_size_three_epoch	Round_4_Replicate_40	-24355.66	48727.32	55336.04	4700.63	0.2818,3.3744,1.9521,0.8265,8.3083,17.562,0.569,0.1859
