Model	Replicate	log-likelihood	AIC	chi-squared	theta	optimized_params(nu1a, nu2a, nu1b, nu2b, m, T1, T2, T3)
sec_contact_sym_mig_size_three_epoch	Round_1_Replicate_1	-357576.69	715169.38	1.164621480164863e+17	13832.47	0.1785,2.6415,0.1861,0.1267,4.97,0.345,8.2107,3.7576
sec_contact_sym_mig_size_three_epoch	Round_1_Replicate_2	-193882.99	387781.98	1394288.97	17400.57	2.0864,0.2785,0.578,0.1879,0.7443,3.0799,0.3539,0.1638
sec_contact_sym_mig_size_three_epoch	Round_1_Replicate_3	-612252.94	1224521.88	214335566.53	7050.1	0.2799,0.1567,0.8407,4.6435,2.6832,0.1414,0.9858,4.2647
sec_contact_sym_mig_size_three_epoch	Round_1_Replicate_4	-194544.84	389105.68	772601.5	12865.74	0.3641,6.3801,0.3089,1.3388,0.5667,3.2829,0.9757,0.1745
sec_contact_sym_mig_size_three_epoch	Round_1_Replicate_5	-226836.7	453689.4	2589666.15	7255.2	0.3487,0.1362,7.0762,0.3333,3.1345,6.8108,1.8077,0.6727
sec_contact_sym_mig_size_three_epoch	Round_1_Replicate_6	-135165.25	270346.5	598596.42	17410.66	0.7507,5.2617,0.962,0.7415,0.4564,0.4916,0.6718,0.1951
sec_contact_sym_mig_size_three_epoch	Round_1_Replicate_7	-134148.51	268313.02	643810.99	6510.52	1.1296,2.8511,5.2259,4.2307,0.3186,0.4654,1.1922,0.2724
sec_contact_sym_mig_size_three_epoch	Round_1_Replicate_8	-176125.01	352266.02	642096.03	6783.65	0.3913,3.6106,0.7911,5.2155,0.6214,3.5922,5.6688,0.5721
sec_contact_sym_mig_size_three_epoch	Round_1_Replicate_9	-209276.68	418569.36	1945343.6	9995.08	1.9982,0.1563,3.8395,0.816,0.5162,0.2023,0.6998,0.6837
sec_contact_sym_mig_size_three_epoch	Round_1_Replicate_10	-355660.55	711337.1	12050671.63	9361.91	1.3256,0.159,1.9194,2.6211,0.1348,0.2467,0.1721,1.8447
sec_contact_sym_mig_size_three_epoch	Round_2_Replicate_1	-181750.34	363516.68	70849189.45	3825.53	0.2817,2.4266,13.3103,5.6806,1.2378,0.1276,2.9458,0.107
sec_contact_sym_mig_size_three_epoch	Round_2_Replicate_2	-191495.22	383006.44	1255562.16	4186.81	0.9896,1.5358,9.0247,9.6573,0.1071,0.2602,1.6188,0.7577
sec_contact_sym_mig_size_three_epoch	Round_2_Replicate_3	-97943.89	195903.78	309842.64	9439.22	2.8318,6.4209,1.5837,3.7203,0.9472,0.2114,1.4222,0.2209
sec_contact_sym_mig_size_three_epoch	Round_2_Replicate_4	-138998.16	278012.32	801810.96	5944.21	0.3381,2.5791,5.9725,4.4456,0.2799,0.7414,1.6186,0.0912
sec_contact_sym_mig_size_three_epoch	Round_2_Replicate_5	-83978.87	167973.74	246377.15	9237.98	1.8739,2.3877,1.8956,1.5968,0.7275,0.7046,2.7173,0.3284
sec_contact_sym_mig_size_three_epoch	Round_2_Replicate_6	-162572.53	325161.06	45995439.92	4296.76	3.1551,1.3832,5.8938,10.4679,1.1161,0.126,2.7985,0.0811
sec_contact_sym_mig_size_three_epoch	Round_2_Replicate_7	-394900.77	789817.54	36244850.52	4848.63	0.4656,1.2163,20.6185,9.9842,0.1029,1.5867,0.3366,0.8219
sec_contact_sym_mig_size_three_epoch	Round_2_Replicate_8	-149963.35	299942.7	4867630.21	7816.21	0.4768,3.8354,4.3342,11.1754,0.9511,0.1867,0.7193,0.1312
sec_contact_sym_mig_size_three_epoch	Round_2_Replicate_9	-248705.55	497427.1	3516954.35	8475.47	0.3892,0.7875,6.5851,1.1756,0.3716,1.0346,0.3677,0.727
sec_contact_sym_mig_size_three_epoch	Round_2_Replicate_10	-108347.65	216711.3	408857.24	6885.04	1.1645,0.8449,6.1459,1.0785,1.0737,1.038,1.9447,0.4003
sec_contact_sym_mig_size_three_epoch	Round_2_Replicate_11	-231173.32	462362.64	2232247.68	6958.43	0.6024,1.3174,2.7514,3.9549,0.1679,1.8232,0.8131,1.0056
sec_contact_sym_mig_size_three_epoch	Round_2_Replicate_12	-177116.18	354248.36	1162819.31	7898.45	0.4012,6.3484,6.6504,1.2325,0.7087,0.5467,0.5578,0.6912
sec_contact_sym_mig_size_three_epoch	Round_2_Replicate_13	-171017.93	342051.86	880994.24	6109.6	0.6563,3.6481,5.3927,15.3957,0.1219,0.2227,1.0232,0.1835
sec_contact_sym_mig_size_three_epoch	Round_2_Replicate_14	-128913.79	257843.58	572327.67	11916.93	3.4315,1.1875,1.541,1.7519,0.3669,0.7379,0.4951,0.238
sec_contact_sym_mig_size_three_epoch	Round_2_Replicate_15	-89115.94	178247.88	288629.82	9466.61	1.5452,7.5845,1.9424,1.4183,0.432,0.3727,3.0198,0.2092
sec_contact_sym_mig_size_three_epoch	Round_2_Replicate_16	-205774.3	411564.6	1962323.36	6449.5	0.7344,4.4065,16.3863,1.58,0.244,1.3574,0.6482,0.2282
sec_contact_sym_mig_size_three_epoch	Round_2_Replicate_17	-162779.61	325575.22	2207307.41	7726.15	1.1046,5.7802,10.5611,12.1413,0.3505,0.1625,0.3989,0.1979
sec_contact_sym_mig_size_three_epoch	Round_2_Replicate_18	-182934.77	365885.54	21712593.68	2736.62	0.494,0.8421,13.4222,12.642,0.3854,0.1523,4.261,0.1138
sec_contact_sym_mig_size_three_epoch	Round_2_Replicate_19	-147442.03	294900.06	894948.72	4084.4	1.37,1.9342,12.949,6.5911,0.2658,1.3869,1.7413,0.1368
sec_contact_sym_mig_size_three_epoch	Round_2_Replicate_20	-161038.6	322093.2	741669.47	7055.18	1.1439,1.1473,5.4414,12.3062,0.1433,0.1705,0.57,0.3966
sec_contact_sym_mig_size_three_epoch	Round_3_Replicate_1	-101876.83	203769.66	376607.72	9510.65	7.0848,2.0356,2.1219,1.0147,0.5649,1.4549,1.9488,0.358
sec_contact_sym_mig_size_three_epoch	Round_3_Replicate_2	-136595.99	273207.98	702518.59	6088.72	1.437,7.9909,4.4448,1.0681,0.802,2.711,3.823,0.9177
sec_contact_sym_mig_size_three_epoch	Round_3_Replicate_3	-170792.59	341601.18	717053.81	14488.1	2.478,4.6811,0.5355,1.7537,1.5648,0.2789,3.5426,0.4876
sec_contact_sym_mig_size_three_epoch	Round_3_Replicate_4	-141859.26	283734.52	787325.88	11093.97	1.3694,8.9581,3.9552,0.5434,0.3819,0.2795,0.9085,0.107
sec_contact_sym_mig_size_three_epoch	Round_3_Replicate_5	-221085.53	442187.06	1380809.64	8586.85	2.2574,3.7457,0.8602,3.9157,0.7483,0.4877,2.7858,1.0045
sec_contact_sym_mig_size_three_epoch	Round_3_Replicate_6	-134158.03	268332.06	619933.58	8690.91	5.8524,3.9329,3.5822,1.36,0.8771,0.4313,0.94,0.6096
sec_contact_sym_mig_size_three_epoch	Round_3_Replicate_7	-92672.41	185360.82	268089.67	11672.04	0.6524,2.7251,1.1018,1.2679,0.6805,0.3777,4.7459,0.2529
sec_contact_sym_mig_size_three_epoch	Round_3_Replicate_8	-52379.32	104774.64	135071.17	5083.35	1.3775,0.8467,3.4053,2.3343,0.4837,0.4861,10.9883,0.1719
sec_contact_sym_mig_size_three_epoch	Round_3_Replicate_9	-124352.32	248720.64	495130.17	13924.02	0.8067,8.377,1.015,1.1577,0.2999,0.5153,1.626,0.1079
sec_contact_sym_mig_size_three_epoch	Round_3_Replicate_10	-53361.93	106739.86	130055.84	13595.05	4.2456,0.9488,1.1896,0.8375,1.8552,1.4334,1.5373,0.1281
sec_contact_sym_mig_size_three_epoch	Round_3_Replicate_11	-84823.24	169662.48	262057.93	6564.84	6.9693,6.4333,1.7684,3.4082,0.7967,2.6784,0.8248,0.2292
sec_contact_sym_mig_size_three_epoch	Round_3_Replicate_12	-91247.34	182510.68	243764.18	11758.69	2.2604,9.0261,0.9262,2.8794,1.6379,0.6189,0.9157,0.1824
sec_contact_sym_mig_size_three_epoch	Round_3_Replicate_13	-68071.35	136158.7	262165.91	7336.95	0.7136,5.7931,3.5855,1.6659,1.3537,1.2733,2.3075,0.1984
sec_contact_sym_mig_size_three_epoch	Round_3_Replicate_14	-182007.14	364030.28	1376432.6	8000.57	5.6824,2.8787,3.524,0.8713,0.5733,0.3908,2.6475,0.8804
sec_contact_sym_mig_size_three_epoch	Round_3_Replicate_15	-338551.99	677119.98	8066523.69	15421.94	3.6528,5.1051,0.6869,0.711,0.3802,2.5518,5.0385,1.0187
sec_contact_sym_mig_size_three_epoch	Round_3_Replicate_16	-203087.57	406191.14	1756104.2	15159.52	2.9316,9.0715,1.4874,0.6736,0.2983,0.1726,0.6744,0.5079
sec_contact_sym_mig_size_three_epoch	Round_3_Replicate_17	-101025.25	202066.5	386851.02	9489.15	2.2609,8.7121,2.8642,0.7337,0.7331,1.0845,1.9418,0.2777
sec_contact_sym_mig_size_three_epoch	Round_3_Replicate_18	-112329.78	224675.56	449851.93	4986.74	4.8469,0.742,6.2445,2.2014,0.4986,0.1827,3.8844,0.709
sec_contact_sym_mig_size_three_epoch	Round_3_Replicate_19	-112687.35	225390.7	2650206.55	7777.07	2.6411,7.0567,3.1802,3.9944,1.3604,0.284,1.299,0.0912
sec_contact_sym_mig_size_three_epoch	Round_3_Replicate_20	-274719.29	549454.58	2788148.32	9478.16	2.0398,2.2965,0.7426,2.7127,0.3146,0.5932,3.4103,1.0126
sec_contact_sym_mig_size_three_epoch	Round_3_Replicate_21	-187907.36	375830.72	1267268.84	18382.11	0.6644,0.6859,0.765,0.6205,0.623,0.9223,1.242,0.4507
sec_contact_sym_mig_size_three_epoch	Round_3_Replicate_22	-138985.14	277986.28	661563.73	6860.42	6.9918,8.1108,4.3544,2.0269,0.6033,0.4005,1.4863,0.7896
sec_contact_sym_mig_size_three_epoch	Round_3_Replicate_23	-265626.81	531269.62	2345909.57	10497.0	3.4848,1.2056,0.5954,2.3118,0.5051,0.2191,6.6317,0.8853
sec_contact_sym_mig_size_three_epoch	Round_3_Replicate_24	-262410.11	524836.22	2617084.83	9089.77	1.4802,7.2022,0.9253,2.2871,0.2901,0.435,4.6295,1.1861
sec_contact_sym_mig_size_three_epoch	Round_3_Replicate_25	-147206.66	294429.32	662424.15	10754.36	3.4214,0.6824,1.1932,1.387,0.898,0.3362,5.1508,0.7611
sec_contact_sym_mig_size_three_epoch	Round_3_Replicate_26	-121115.42	242246.84	529792.8	11124.04	2.203,0.9418,2.8374,0.7888,0.7694,0.1806,1.2182,0.312
sec_contact_sym_mig_size_three_epoch	Round_3_Replicate_27	-131425.62	262867.24	482961.92	7149.78	1.0648,7.4006,1.5591,2.4773,1.6155,0.4007,11.5511,1.1125
sec_contact_sym_mig_size_three_epoch	Round_3_Replicate_28	-193675.65	387367.3	1580592.06	6012.43	2.3561,0.764,4.8293,1.4648,0.3343,0.6223,2.6528,1.2871
sec_contact_sym_mig_size_three_epoch	Round_3_Replicate_29	-136082.06	272180.12	598411.18	4890.18	2.6004,2.1484,4.9954,4.9319,0.9721,0.3804,2.1372,1.2434
sec_contact_sym_mig_size_three_epoch	Round_3_Replicate_30	-85829.78	171675.56	343225.4	7063.92	0.5361,6.028,3.6636,2.3558,0.5976,0.1794,2.5625,0.1418
sec_contact_sym_mig_size_three_epoch	Round_4_Replicate_1	-50996.8	102009.6	122689.02	8459.13	1.5723,0.5675,1.8254,1.3415,0.9155,0.3214,15.2638,0.1461
sec_contact_sym_mig_size_three_epoch	Round_4_Replicate_2	-49631.09	99278.18	127792.52	5866.24	1.6261,0.6588,2.0982,2.557,0.7829,0.6227,28.6415,0.1417
sec_contact_sym_mig_size_three_epoch	Round_4_Replicate_3	-73300.0	146616.0	207514.89	8787.74	1.7226,0.516,1.8727,1.1896,0.6662,0.4856,9.2123,0.2687
sec_contact_sym_mig_size_three_epoch	Round_4_Replicate_4	-43769.08	87554.16	126919.84	3998.59	0.7068,1.2497,4.8312,2.2474,0.4968,0.8991,28.801,0.0975
sec_contact_sym_mig_size_three_epoch	Round_4_Replicate_5	-54932.9	109881.8	149136.34	5240.25	0.9922,0.7832,4.4001,1.349,0.5955,0.3119,22.6281,0.1832
sec_contact_sym_mig_size_three_epoch	Round_4_Replicate_6	-56825.27	113666.54	135464.24	5906.93	1.3115,0.8223,2.3142,2.2792,0.4725,0.4816,14.1828,0.1649
sec_contact_sym_mig_size_three_epoch	Round_4_Replicate_7	-47833.76	95683.52	118753.97	4613.87	0.7457,1.0071,3.0884,2.7815,0.6179,0.6995,25.8673,0.2269
sec_contact_sym_mig_size_three_epoch	Round_4_Replicate_8	-55968.66	111953.32	204203.01	5136.71	1.3692,1.7313,3.5517,2.8593,0.6235,0.408,7.241,0.1143
sec_contact_sym_mig_size_three_epoch	Round_4_Replicate_9	-71087.3	142190.6	175160.65	5740.47	1.0996,1.5671,2.1459,2.5214,0.3745,0.9067,15.8745,0.2635
sec_contact_sym_mig_size_three_epoch	Round_4_Replicate_10	-45421.07	90858.14	157430.09	5381.27	0.9398,0.4862,3.2524,2.0971,0.8283,0.4269,12.8637,0.1088
sec_contact_sym_mig_size_three_epoch	Round_4_Replicate_11	-48746.92	97509.84	146359.41	5206.39	0.7551,0.478,3.0233,2.5877,0.8673,0.8997,11.3819,0.2007
sec_contact_sym_mig_size_three_epoch	Round_4_Replicate_12	-48204.38	96424.76	125209.78	5059.15	0.9605,0.7074,3.8075,1.7111,0.5018,0.3456,22.6633,0.1265
sec_contact_sym_mig_size_three_epoch	Round_4_Replicate_13	-63724.49	127464.98	173563.42	6061.62	2.625,0.5024,2.8238,1.5611,0.4531,0.626,20.1032,0.2548
sec_contact_sym_mig_size_three_epoch	Round_4_Replicate_14	-45629.77	91275.54	119695.87	4765.8	0.7496,1.2188,3.3642,2.383,0.6984,0.3359,23.2753,0.2103
sec_contact_sym_mig_size_three_epoch	Round_4_Replicate_15	-50634.01	101284.02	129581.92	5566.11	0.9164,0.6486,2.7886,2.3256,0.522,0.3356,11.2789,0.1137
sec_contact_sym_mig_size_three_epoch	Round_4_Replicate_16	-53216.11	106448.22	133819.6	5477.15	1.1045,1.1942,2.9902,1.9441,0.4385,0.5631,16.0342,0.1562
sec_contact_sym_mig_size_three_epoch	Round_4_Replicate_17	-49740.72	99497.44	140596.95	3722.07	2.1469,0.598,4.1824,3.6901,0.5012,0.4029,16.0824,0.2428
sec_contact_sym_mig_size_three_epoch	Round_4_Replicate_18	-44474.86	88965.72	141867.01	4901.61	2.1317,1.2812,3.2603,2.4031,0.7483,0.2862,18.2839,0.1316
sec_contact_sym_mig_size_three_epoch	Round_4_Replicate_19	-47935.87	95887.74	134083.55	3544.05	1.9123,0.4683,5.4719,2.8683,0.578,0.3415,19.4123,0.3146
sec_contact_sym_mig_size_three_epoch	Round_4_Replicate_20	-50955.43	101926.86	138334.73	6226.27	0.9391,0.9113,3.4228,1.4641,0.7696,0.6944,9.1005,0.1493
sec_contact_sym_mig_size_three_epoch	Round_4_Replicate_21	-46412.67	92841.34	156811.87	3449.68	0.8732,1.4661,4.7783,3.5506,0.424,0.5941,19.1033,0.0919
sec_contact_sym_mig_size_three_epoch	Round_4_Replicate_22	-79419.89	158855.78	233392.73	6919.7	2.0127,0.8577,2.4342,1.7829,0.3971,0.6015,6.5184,0.302
sec_contact_sym_mig_size_three_epoch	Round_4_Replicate_23	-47032.23	94080.46	131768.67	4505.95	1.3823,0.814,3.0163,3.0671,0.6084,0.6948,22.4587,0.1535
sec_contact_sym_mig_size_three_epoch	Round_4_Replicate_24	-45612.21	91240.42	126032.82	4007.24	2.7922,0.4461,4.274,2.6912,0.3956,0.903,19.0755,0.0649
sec_contact_sym_mig_size_three_epoch	Round_4_Replicate_25	-50109.53	100235.06	126960.12	5965.47	1.6506,1.643,2.2958,2.3992,0.8134,0.2841,13.2544,0.1798
sec_contact_sym_mig_size_three_epoch	Round_4_Replicate_26	-43204.56	86425.12	136261.83	3913.95	2.3788,0.7158,4.4247,2.6601,0.5724,0.3111,28.8689,0.1366
sec_contact_sym_mig_size_three_epoch	Round_4_Replicate_27	-77517.55	155051.1	250366.74	5304.08	1.5295,0.59,4.3729,1.2657,0.4043,0.4453,13.2117,0.3018
sec_contact_sym_mig_size_three_epoch	Round_4_Replicate_28	-47206.86	94429.72	121612.94	4521.44	1.3964,0.5158,3.2683,2.7984,0.5938,0.2832,20.8979,0.2036
sec_contact_sym_mig_size_three_epoch	Round_4_Replicate_29	-56569.35	113154.7	162950.82	5136.33	1.3996,0.5944,3.4922,2.7616,0.508,0.3483,7.7759,0.1505
sec_contact_sym_mig_size_three_epoch	Round_4_Replicate_30	-57728.13	115472.26	140141.99	6630.7	1.8292,0.5469,1.8715,2.4295,0.5134,0.677,9.7689,0.0723
sec_contact_sym_mig_size_three_epoch	Round_4_Replicate_31	-55117.77	110251.54	152954.95	4857.11	1.6914,0.7942,4.3512,2.1265,0.4709,0.4487,9.3055,0.1658
sec_contact_sym_mig_size_three_epoch	Round_4_Replicate_32	-57001.88	114019.76	155322.45	3881.02	2.1131,1.0823,5.8616,2.0252,0.4339,0.5029,17.5693,0.3014
sec_contact_sym_mig_size_three_epoch	Round_4_Replicate_33	-63880.68	127777.36	184380.82	7026.61	1.0012,0.4671,2.6923,1.374,0.3931,0.6024,7.6381,0.0937
sec_contact_sym_mig_size_three_epoch	Round_4_Replicate_34	-67875.18	135766.36	183516.54	7847.54	1.6592,0.4538,2.0411,1.3644,0.5854,0.2946,11.3918,0.2459
sec_contact_sym_mig_size_three_epoch	Round_4_Replicate_35	-46262.91	92541.82	122237.0	4235.94	2.3862,0.635,3.3357,3.0263,0.4806,0.7206,27.1731,0.1269
sec_contact_sym_mig_size_three_epoch	Round_4_Replicate_36	-65421.55	130859.1	192979.84	4662.87	0.8207,0.741,3.7944,3.5935,0.3413,0.2753,7.2922,0.1245
sec_contact_sym_mig_size_three_epoch	Round_4_Replicate_37	-43194.19	86404.38	127887.44	5276.85	1.3563,0.9263,3.3038,1.9284,0.7104,0.7539,22.4916,0.0962
sec_contact_sym_mig_size_three_epoch	Round_4_Replicate_38	-49238.93	98493.86	122094.46	5216.8	2.4769,1.631,3.1555,2.1417,0.6051,0.5067,16.1231,0.2111
sec_contact_sym_mig_size_three_epoch	Round_4_Replicate_39	-45909.52	91835.04	139543.59	3774.66	1.3119,1.1751,4.7579,2.8958,0.5473,0.6012,18.4314,0.1897
sec_contact_sym_mig_size_three_epoch	Round_4_Replicate_40	-61046.12	122108.24	165361.63	4867.25	2.3188,0.557,3.7296,1.8537,0.3982,0.257,22.3498,0.298
