Model	Replicate	log-likelihood	AIC	chi-squared	theta	optimized_params(nu1, nu2, m12, m21, T1, T2, T3)
sec_contact_asym_mig_three_epoch	Round_1_Replicate_1	-1412303.54	2824621.08	67411584362138.06	12820.45	0.6044,0.4285,0.5399,0.1684,2.4322,4.5634,3.7019
sec_contact_asym_mig_three_epoch	Round_1_Replicate_2	-446981.92	893977.84	36238564.0	29171.24	0.4562,0.1813,0.4751,0.2972,0.8701,0.4269,4.6904
sec_contact_asym_mig_three_epoch	Round_1_Replicate_3	-361987.37	723988.74	6820722.17	26395.3	0.1687,1.0484,0.2668,0.436,0.3908,0.2061,1.3329
sec_contact_asym_mig_three_epoch	Round_1_Replicate_4	-343336.98	686687.96	8407457.71	5649.01	1.9331,4.3438,0.6928,4.0826,0.5388,4.2197,4.8607
sec_contact_asym_mig_three_epoch	Round_1_Replicate_5	-248943.54	497901.08	3302019.97	5985.57	4.3252,1.9398,8.0276,0.8957,0.2427,2.8833,2.6681
sec_contact_asym_mig_three_epoch	Round_1_Replicate_6	-509779.35	1019572.7	62561132.93	21111.95	0.3819,0.8065,8.1079,1.2381,2.4918,1.4915,1.4027
sec_contact_asym_mig_three_epoch	Round_1_Replicate_7	-1037205.11	2074424.22	290530322822.27	4403.77	7.6303,0.3748,1.1718,1.4017,4.1485,4.7245,0.1893
sec_contact_asym_mig_three_epoch	Round_1_Replicate_8	-658773.62	1317561.24	790302597.15	28608.68	0.6868,0.1879,3.7557,1.6176,0.3904,1.1161,2.9803
sec_contact_asym_mig_three_epoch	Round_1_Replicate_9	-568525.81	1137065.62	217570648.54	9844.42	2.0654,0.5041,0.327,0.4485,0.6419,2.429,0.2852
sec_contact_asym_mig_three_epoch	Round_1_Replicate_10	-206171.39	412356.78	2251266.95	8085.71	4.6278,0.849,0.409,0.2097,1.6248,0.3204,0.4355
sec_contact_asym_mig_three_epoch	Round_2_Replicate_1	-211618.06	423250.12	3167366.29	4675.05	11.5033,0.9597,0.5162,0.5751,3.0719,0.1882,0.2435
sec_contact_asym_mig_three_epoch	Round_2_Replicate_2	-190040.64	380095.28	1916265.39	4497.34	10.0057,0.9104,1.4476,0.119,4.8664,0.3501,1.0844
sec_contact_asym_mig_three_epoch	Round_2_Replicate_3	-253369.9	506753.8	4694753.22	3744.65	12.6,0.5891,0.5454,0.2216,5.387,0.3151,1.0834
sec_contact_asym_mig_three_epoch	Round_2_Replicate_4	-152319.34	304652.68	833686.66	11292.69	1.7483,1.2974,0.7463,0.2304,1.2973,0.4393,0.984
sec_contact_asym_mig_three_epoch	Round_2_Replicate_5	-195510.58	391035.16	1238873.7	10313.91	1.2416,3.1216,0.1515,0.3481,1.0005,0.4593,0.2008
sec_contact_asym_mig_three_epoch	Round_2_Replicate_6	-183039.73	366093.46	1586919.36	9632.28	2.5692,0.7241,0.4647,0.387,2.668,0.2316,1.3547
sec_contact_asym_mig_three_epoch	Round_2_Replicate_7	-248598.18	497210.36	3336051.08	13636.91	1.8263,0.5498,0.1122,0.4815,0.5918,0.6064,1.3472
sec_contact_asym_mig_three_epoch	Round_2_Replicate_8	-281643.62	563301.24	9701560.88	5562.49	5.9703,1.2917,0.1184,0.1582,3.8623,0.1381,1.0375
sec_contact_asym_mig_three_epoch	Round_2_Replicate_9	-100222.66	200459.32	373983.21	3653.22	7.6106,3.1323,1.0564,0.2303,6.5119,0.9625,0.1099
sec_contact_asym_mig_three_epoch	Round_2_Replicate_10	-148911.93	297837.86	699166.38	7507.59	8.4136,2.9903,0.1453,0.4019,0.4567,0.2873,0.4707
sec_contact_asym_mig_three_epoch	Round_2_Replicate_11	-235088.84	470191.68	3236985.92	6614.18	5.9508,0.8449,0.2119,0.2016,2.1815,0.3851,0.8824
sec_contact_asym_mig_three_epoch	Round_2_Replicate_12	-325288.98	650591.96	27693208.68	5801.55	2.0866,3.2247,0.1764,0.0843,6.5599,0.1464,1.6127
sec_contact_asym_mig_three_epoch	Round_2_Replicate_13	-345826.31	691666.62	12983554.76	7833.3	4.0404,0.269,0.9464,0.1581,3.6347,0.5448,0.1094
sec_contact_asym_mig_three_epoch	Round_2_Replicate_14	-386152.39	772318.78	20945004.5	5266.5	8.7498,0.5163,0.1079,0.2888,1.4165,1.2098,0.2427
sec_contact_asym_mig_three_epoch	Round_2_Replicate_15	-260714.94	521443.88	4275249.36	5137.72	10.765,0.2555,0.466,0.823,3.0293,0.2484,1.3278
sec_contact_asym_mig_three_epoch	Round_2_Replicate_16	-278531.57	557077.14	6220311.99	11157.92	1.8605,0.2889,1.1983,0.1213,3.8383,0.1286,0.2688
sec_contact_asym_mig_three_epoch	Round_2_Replicate_17	-280834.83	561683.66	7007099.82	11079.47	2.2657,0.3952,0.6712,0.1076,2.6883,0.1518,0.896
sec_contact_asym_mig_three_epoch	Round_2_Replicate_18	-255243.69	510501.38	4201548.99	6154.1	6.5533,0.2987,0.1909,0.5649,3.5763,0.089,0.5477
sec_contact_asym_mig_three_epoch	Round_2_Replicate_19	-346997.21	694008.42	13171990.68	13406.65	2.6701,0.272,0.1246,0.0861,0.9293,0.1786,1.1346
sec_contact_asym_mig_three_epoch	Round_2_Replicate_20	-250689.07	501392.14	3586307.61	8097.95	6.5142,0.2417,0.3353,0.791,1.6143,0.1462,0.8232
sec_contact_asym_mig_three_epoch	Round_3_Replicate_1	-133785.61	267585.22	736413.34	2644.83	16.4146,2.832,0.3527,0.7477,5.3719,0.9948,0.2307
sec_contact_asym_mig_three_epoch	Round_3_Replicate_2	-93632.42	187278.84	324251.46	5742.23	4.045,1.587,3.31,0.84,8.2109,0.8899,0.2275
sec_contact_asym_mig_three_epoch	Round_3_Replicate_3	-73817.66	147649.32	174989.05	2300.47	4.9978,5.7445,0.4078,0.4669,22.6993,1.052,0.0547
sec_contact_asym_mig_three_epoch	Round_3_Replicate_4	-192383.11	384780.22	1506306.66	4742.8	5.0404,2.7284,1.3525,0.0802,4.1437,2.5347,0.1874
sec_contact_asym_mig_three_epoch	Round_3_Replicate_5	-285682.32	571378.64	5757925.0	5666.79	4.54,0.9164,1.8305,0.7271,10.55,2.3168,0.0353
sec_contact_asym_mig_three_epoch	Round_3_Replicate_6	-320323.98	640661.96	9413879.86	1851.09	18.4787,0.8847,0.4018,0.1412,20.7705,2.1624,0.1375
sec_contact_asym_mig_three_epoch	Round_3_Replicate_7	-93719.32	187452.64	223328.88	3065.89	2.3479,5.0918,0.5761,0.5247,19.3587,0.8281,0.0297
sec_contact_asym_mig_three_epoch	Round_3_Replicate_8	-195262.09	390538.18	2752088.08	2758.55	13.5116,5.5039,0.5173,0.0911,5.5762,0.3247,0.3631
sec_contact_asym_mig_three_epoch	Round_3_Replicate_9	-120009.78	240033.56	480212.45	5013.99	4.973,2.8638,3.4486,0.5999,4.6489,1.5509,0.2141
sec_contact_asym_mig_three_epoch	Round_3_Replicate_10	-144898.39	289810.78	453976.36	2143.12	2.8497,8.7415,0.3009,0.4659,28.3514,2.4162,0.1068
sec_contact_asym_mig_three_epoch	Round_3_Replicate_11	-156590.55	313195.1	994200.08	2426.96	15.8803,2.1818,0.6565,0.0949,10.6576,1.0471,0.2506
sec_contact_asym_mig_three_epoch	Round_3_Replicate_12	-174827.68	349669.36	1514618.87	3806.5	8.3332,4.372,0.2883,0.061,3.3267,0.7232,0.2818
sec_contact_asym_mig_three_epoch	Round_3_Replicate_13	-104390.3	208794.6	449240.22	3709.71	5.7202,1.291,2.2307,0.2679,14.2124,0.2945,0.223
sec_contact_asym_mig_three_epoch	Round_3_Replicate_14	-133666.23	267346.46	932056.58	4724.12	5.0421,2.9925,0.2815,0.6009,4.7596,0.3587,0.0245
sec_contact_asym_mig_three_epoch	Round_3_Replicate_15	-178485.35	356984.7	1112981.72	4043.79	16.9978,1.3544,1.8391,0.1085,4.3267,0.6679,0.1936
sec_contact_asym_mig_three_epoch	Round_3_Replicate_16	-80219.25	160452.5	312112.56	4750.54	3.5975,4.8954,2.1249,0.4318,4.7481,0.3001,0.1379
sec_contact_asym_mig_three_epoch	Round_3_Replicate_17	-111975.84	223965.68	348133.11	3293.81	3.481,7.2145,0.3487,0.4031,9.5586,0.9388,0.0929
sec_contact_asym_mig_three_epoch	Round_3_Replicate_18	-158818.53	317651.06	804572.1	5978.71	2.0886,5.6545,0.2981,0.452,2.8692,0.5742,0.0257
sec_contact_asym_mig_three_epoch	Round_3_Replicate_19	-219130.45	438274.9	2448356.43	2838.53	9.8871,0.8663,0.4438,0.1771,14.0017,1.1996,0.0749
sec_contact_asym_mig_three_epoch	Round_3_Replicate_20	-268996.51	538007.02	4396924.7	6562.35	3.8427,1.5275,2.8854,0.1515,8.6342,2.6416,0.3253
sec_contact_asym_mig_three_epoch	Round_3_Replicate_21	-69330.4	138674.8	191251.06	1672.54	13.0252,6.2933,0.4526,0.4394,19.3943,2.0284,0.1457
sec_contact_asym_mig_three_epoch	Round_3_Replicate_22	-109204.56	218423.12	445254.09	4131.11	5.9302,1.9736,3.9509,0.1097,20.2269,0.6413,0.333
sec_contact_asym_mig_three_epoch	Round_3_Replicate_23	-141447.39	282908.78	802306.99	3839.02	9.0975,5.3619,0.6356,0.373,2.2579,0.8419,0.0618
sec_contact_asym_mig_three_epoch	Round_3_Replicate_24	-139804.99	279623.98	612764.37	4859.63	3.1638,7.2307,0.8222,0.1092,2.293,0.9583,0.348
sec_contact_asym_mig_three_epoch	Round_3_Replicate_25	-110496.53	221007.06	405201.23	2280.83	13.75,6.5062,2.178,0.7362,6.9291,2.58,0.2489
sec_contact_asym_mig_three_epoch	Round_3_Replicate_26	-282432.38	564878.76	4449835.95	4092.44	22.3306,0.9587,2.4438,0.6313,2.1757,1.6627,0.2912
sec_contact_asym_mig_three_epoch	Round_3_Replicate_27	-138686.77	277387.54	681536.44	4419.42	8.5423,1.1545,3.745,0.2525,17.4055,0.7641,0.404
sec_contact_asym_mig_three_epoch	Round_3_Replicate_28	-107304.51	214623.02	437374.7	1622.85	14.358,12.1457,0.3207,0.1515,11.1082,2.1044,0.0426
sec_contact_asym_mig_three_epoch	Round_3_Replicate_29	-211680.08	423374.16	2008670.03	4499.65	10.5598,1.2103,1.9566,0.4163,5.5805,1.6395,0.0822
sec_contact_asym_mig_three_epoch	Round_3_Replicate_30	-131340.85	262695.7	1808557.79	4606.98	9.0197,5.3418,3.5922,0.2739,2.4209,0.2454,0.0434
sec_contact_asym_mig_three_epoch	Round_4_Replicate_1	-68743.58	137501.16	203526.95	1341.67	18.8789,8.6211,0.7696,0.3629,22.8374,2.1709,0.1259
sec_contact_asym_mig_three_epoch	Round_4_Replicate_2	-55439.7	110893.4	148004.76	1221.47	16.4734,10.7568,0.5825,0.2691,28.5563,1.7311,0.0775
sec_contact_asym_mig_three_epoch	Round_4_Replicate_3	-81680.33	163374.66	248267.5	1719.12	10.2203,5.6949,0.2948,0.3096,24.0982,2.5166,0.2676
sec_contact_asym_mig_three_epoch	Round_4_Replicate_4	-43219.5	86453.0	102001.74	1425.02	14.6957,6.0735,0.7702,0.607,29.5438,1.3163,0.146
sec_contact_asym_mig_three_epoch	Round_4_Replicate_5	-46666.5	93347.0	111244.7	1421.47	14.936,5.582,0.5229,0.6902,28.8375,1.4021,0.1754
sec_contact_asym_mig_three_epoch	Round_4_Replicate_6	-78476.89	156967.78	220652.15	1389.07	11.934,15.1125,0.8214,0.2363,19.8828,2.7074,0.2369
sec_contact_asym_mig_three_epoch	Round_4_Replicate_7	-90772.47	181558.94	309440.39	1801.87	12.5179,5.2076,0.6956,0.2168,22.7137,2.5221,0.2061
sec_contact_asym_mig_three_epoch	Round_4_Replicate_8	-48325.82	96665.64	117521.97	1397.78	14.0024,7.2624,0.5081,0.4636,28.9804,1.1686,0.144
sec_contact_asym_mig_three_epoch	Round_4_Replicate_9	-80382.72	160779.44	252827.19	1369.93	19.4701,6.0161,0.5221,0.2326,25.2077,2.3964,0.2086
sec_contact_asym_mig_three_epoch	Round_4_Replicate_10	-61162.36	122338.72	163471.89	1319.27	16.8551,5.5506,0.3501,0.8581,29.2001,2.1732,0.1122
sec_contact_asym_mig_three_epoch	Round_4_Replicate_11	-70299.04	140612.08	199315.37	1456.08	13.1524,5.3777,0.2718,0.4477,29.7772,2.4454,0.1078
sec_contact_asym_mig_three_epoch	Round_4_Replicate_12	-57407.94	114829.88	158200.63	1203.31	16.3279,10.4504,0.3826,0.3727,29.5563,1.3128,0.1862
sec_contact_asym_mig_three_epoch	Round_4_Replicate_13	-66646.59	133307.18	190069.12	1598.93	11.2849,4.848,0.3674,0.302,29.8724,1.8373,0.0761
sec_contact_asym_mig_three_epoch	Round_4_Replicate_14	-68347.57	136709.14	176791.23	1646.44	11.0737,8.1338,0.3682,0.4644,20.3317,2.0646,0.1924
sec_contact_asym_mig_three_epoch	Round_4_Replicate_15	-58169.25	116352.5	162422.76	1366.96	17.6504,4.4001,0.4334,0.4039,29.853,1.1985,0.0741
sec_contact_asym_mig_three_epoch	Round_4_Replicate_16	-82258.25	164530.5	256885.32	1979.01	12.4031,4.364,0.3377,0.6204,14.8003,1.8689,0.0822
sec_contact_asym_mig_three_epoch	Round_4_Replicate_17	-68791.31	137596.62	187545.84	2351.41	7.673,4.2926,0.7856,0.6532,17.3089,1.7315,0.1199
sec_contact_asym_mig_three_epoch	Round_4_Replicate_18	-69234.37	138482.74	191409.74	1196.52	18.9451,8.2004,0.4773,0.4137,28.1572,3.0422,0.0992
sec_contact_asym_mig_three_epoch	Round_4_Replicate_19	-60751.96	121517.92	148523.97	1392.82	12.3531,8.1744,0.3403,0.4409,29.0906,2.2888,0.3045
sec_contact_asym_mig_three_epoch	Round_4_Replicate_20	-48476.24	96966.48	108298.43	1720.42	9.2719,5.6159,0.5141,0.6739,28.1849,1.3956,0.1062
sec_contact_asym_mig_three_epoch	Round_4_Replicate_21	-60737.79	121489.58	138340.81	1578.28	8.4381,10.6125,0.5569,0.8425,26.1355,1.9483,0.1987
sec_contact_asym_mig_three_epoch	Round_4_Replicate_22	-76186.1	152386.2	189385.05	1458.45	8.8621,11.0045,0.8031,0.6246,27.7599,3.2437,0.0933
sec_contact_asym_mig_three_epoch	Round_4_Replicate_23	-63364.18	126742.36	178056.87	1070.77	17.6699,14.2786,0.4823,0.6463,28.4313,2.7423,0.1476
sec_contact_asym_mig_three_epoch	Round_4_Replicate_24	-56235.55	112485.1	139884.98	1677.82	10.1397,7.6819,0.4137,0.6562,23.6048,1.1438,0.0852
sec_contact_asym_mig_three_epoch	Round_4_Replicate_25	-55026.26	110066.52	142287.56	1521.46	16.0033,4.0773,0.8668,0.6658,28.177,1.595,0.3146
sec_contact_asym_mig_three_epoch	Round_4_Replicate_26	-54021.62	108057.24	132922.44	1747.33	10.0817,3.9545,0.3823,0.6218,29.0356,1.2597,0.1172
sec_contact_asym_mig_three_epoch	Round_4_Replicate_27	-46997.47	94008.94	113269.29	1314.52	13.8278,9.2806,0.5858,0.4653,29.8305,1.468,0.0905
sec_contact_asym_mig_three_epoch	Round_4_Replicate_28	-51160.05	102334.1	126539.71	1275.27	14.3091,10.2707,0.5756,0.4055,29.1007,1.7666,0.1404
sec_contact_asym_mig_three_epoch	Round_4_Replicate_29	-58580.47	117174.94	142241.82	1619.18	10.9032,7.5378,0.5651,0.7996,23.2321,1.9856,0.1012
sec_contact_asym_mig_three_epoch	Round_4_Replicate_30	-58489.46	116992.92	155451.99	1133.21	16.5167,12.0245,0.4536,0.6609,29.775,2.459,0.13
sec_contact_asym_mig_three_epoch	Round_4_Replicate_31	-66487.17	132988.34	176750.85	1143.96	18.0961,10.2766,0.524,0.3732,29.6624,3.1552,0.2255
sec_contact_asym_mig_three_epoch	Round_4_Replicate_32	-58776.19	117566.38	150836.39	1423.1	14.102,7.1465,0.388,0.8497,26.0523,2.0384,0.0828
sec_contact_asym_mig_three_epoch	Round_4_Replicate_33	-62096.48	124206.96	166416.98	1228.78	17.6015,9.7316,0.8179,0.5141,27.4698,2.5841,0.2001
sec_contact_asym_mig_three_epoch	Round_4_Replicate_34	-51523.78	103061.56	133930.7	1402.74	13.8954,7.3413,0.5105,0.4214,29.005,1.0293,0.1881
sec_contact_asym_mig_three_epoch	Round_4_Replicate_35	-58625.24	117264.48	146674.51	1377.56	13.5513,7.1852,0.2997,0.7304,29.9298,2.1011,0.1682
sec_contact_asym_mig_three_epoch	Round_4_Replicate_36	-51997.71	104009.42	127476.38	1702.96	9.6427,5.865,0.7145,0.3524,28.7273,1.5689,0.1429
sec_contact_asym_mig_three_epoch	Round_4_Replicate_37	-51598.7	103211.4	129968.43	1332.01	13.1271,9.8685,0.5251,0.3229,29.3873,1.2955,0.1183
sec_contact_asym_mig_three_epoch	Round_4_Replicate_38	-40876.05	81766.1	94139.57	1522.39	12.1984,6.515,0.8098,0.6302,28.776,1.1738,0.2514
sec_contact_asym_mig_three_epoch	Round_4_Replicate_39	-42391.53	84797.06	97084.25	1541.28	11.412,6.5979,0.8813,0.5927,29.6841,1.3779,0.0668
sec_contact_asym_mig_three_epoch	Round_4_Replicate_40	-61758.99	123531.98	152990.78	1485.84	10.8696,8.7025,0.3163,0.4183,27.9537,1.3332,0.2156
