Model	Replicate	log-likelihood	AIC	chi-squared	theta	optimized_params(nu1a, nu2a, nu1b, nu2b, m, T1, T2)
sym_mig_size	Round_1_Replicate_1	-145130.24	290274.48	434063.75	24519.29	0.3638,0.7563,0.1609,1.5066,1.3783,0.2316,1.5431
sym_mig_size	Round_1_Replicate_2	-70553.28	141120.56	875257.65	17267.86	0.7636,2.613,0.3166,1.3179,5.4463,1.3854,0.1216
sym_mig_size	Round_1_Replicate_3	-63177.48	126368.96	149959.13	19573.8	0.4549,7.152,0.4378,0.6395,1.4316,1.8921,0.4208
sym_mig_size	Round_1_Replicate_4	-91536.86	183087.72	19655658.63	9196.83	3.9531,4.9982,0.6552,6.7414,5.8669,3.3934,2.2919
sym_mig_size	Round_1_Replicate_5	-57919.06	115852.12	1007334.92	24143.3	6.5203,0.3126,0.5,0.6932,5.3502,0.5081,0.9429
sym_mig_size	Round_1_Replicate_6	-252953.36	505920.72	1603648.12	14275.26	0.232,0.6695,0.2196,1.8448,0.2017,2.638,2.6243
sym_mig_size	Round_1_Replicate_7	-63308.67	126631.34	296952.14	12079.84	4.2423,3.3529,4.0762,0.275,3.3038,2.8694,1.7838
sym_mig_size	Round_1_Replicate_8	-175623.37	351260.74	704521.73	16760.08	4.2968,5.9645,0.3015,1.2104,0.3312,1.3584,1.7922
sym_mig_size	Round_1_Replicate_9	-69349.39	138712.78	515980.45	30518.96	1.9801,2.7757,0.1714,0.8334,7.1921,2.9949,1.2518
sym_mig_size	Round_1_Replicate_10	-65780.95	131575.9	211062.71	17485.0	1.7122,0.3949,1.5642,0.2666,1.3494,7.1537,6.3581
sym_mig_size	Round_2_Replicate_1	-113854.53	227723.06	230936061.73	9612.98	5.8299,0.257,1.359,2.8102,6.8036,0.6499,2.9034
sym_mig_size	Round_2_Replicate_2	-44164.21	88342.42	105860.6	40847.84	25.5816,0.1707,0.3013,0.1969,3.0961,0.7634,0.4172
sym_mig_size	Round_2_Replicate_3	-78470.48	156954.96	19808093.73	24290.71	3.2295,1.0865,0.8627,0.3745,13.6975,1.4962,3.0358
sym_mig_size	Round_2_Replicate_4	-59626.85	119267.7	1129928.32	27337.32	10.8686,0.3439,1.3102,0.1856,9.5621,0.689,0.6883
sym_mig_size	Round_2_Replicate_5	-90330.71	180675.42	28488105.46	19861.95	8.237,0.9669,1.5147,0.4525,10.7694,0.1582,0.7191
sym_mig_size	Round_2_Replicate_6	-57471.61	114957.22	397779.74	37146.67	9.5169,0.1026,0.3237,0.5006,5.5954,1.0795,0.2792
sym_mig_size	Round_2_Replicate_7	-42713.4	85440.8	116360.36	28184.47	13.578,0.37,0.6615,0.2572,2.7705,0.153,0.4261
sym_mig_size	Round_2_Replicate_8	-69072.8	138159.6	3039091.32	28656.81	2.1411,0.0825,1.015,0.2809,9.3637,0.1373,0.3039
sym_mig_size	Round_2_Replicate_9	-42724.42	85462.84	258843.94	30711.47	4.7646,0.9507,0.3542,0.3885,5.5947,0.5369,0.7178
sym_mig_size	Round_2_Replicate_10	-65372.06	130758.12	621390.75	36641.68	12.2295,0.2292,0.1494,0.6108,9.8065,1.6027,0.2583
sym_mig_size	Round_2_Replicate_11	-36645.0	73304.0	96427.27	24332.67	21.8399,1.2055,0.6938,0.207,3.1855,0.843,0.5394
sym_mig_size	Round_2_Replicate_12	-93745.71	187505.42	1743138.92	16410.57	3.9552,0.1306,1.2222,2.2292,2.1772,0.3331,0.4346
sym_mig_size	Round_2_Replicate_13	-66029.19	132072.38	2658626.64	37193.35	11.827,0.1308,0.2641,0.5236,11.8425,0.2538,0.8449
sym_mig_size	Round_2_Replicate_14	-77351.56	154717.12	2824052.95	49254.47	6.162,0.0946,0.1749,0.6636,14.5245,1.0826,0.2546
sym_mig_size	Round_2_Replicate_15	-91557.46	183128.92	3713936.29	12209.77	3.948,0.1752,1.8466,1.6846,2.1601,0.156,1.1961
sym_mig_size	Round_2_Replicate_16	-77174.0	154362.0	594089.63	15622.79	10.9238,0.1252,0.4682,2.3708,2.7819,0.449,3.3013
sym_mig_size	Round_2_Replicate_17	-54013.13	108040.26	147302.31	32160.47	22.1984,0.1001,0.3406,0.5127,2.8539,0.2408,1.6321
sym_mig_size	Round_2_Replicate_18	-64333.83	128681.66	1839750.23	27677.86	2.7635,0.0996,0.9023,0.3336,7.3055,0.1659,0.2657
sym_mig_size	Round_2_Replicate_19	-88275.87	176565.74	5772969.79	20666.05	1.9325,0.9383,0.3785,2.3521,7.5216,0.3118,0.2501
sym_mig_size	Round_2_Replicate_20	-76645.97	153305.94	1845719.02	42374.55	13.3613,0.386,0.1604,0.8826,12.6629,0.42,1.5675
sym_mig_size	Round_3_Replicate_1	-42932.61	85879.22	245692.64	42601.39	25.6798,0.4072,0.2283,0.2839,7.9756,1.9201,0.839
sym_mig_size	Round_3_Replicate_2	-27320.64	54655.28	77885.64	24824.5	12.3548,3.3872,0.3704,0.1598,5.7421,0.981,0.2543
sym_mig_size	Round_3_Replicate_3	-51249.29	102512.58	982866.47	19364.71	24.5492,1.2504,1.0722,0.3458,5.9783,0.7816,0.5469
sym_mig_size	Round_3_Replicate_4	-32835.44	65684.88	84061.61	30412.77	23.3827,1.1986,0.2723,0.2068,5.0636,0.5634,0.2226
sym_mig_size	Round_3_Replicate_5	-72066.87	144147.74	7061810.26	16425.52	23.012,0.4235,0.9692,0.8104,6.0547,1.7976,0.9031
sym_mig_size	Round_3_Replicate_6	-74112.59	148239.18	6003696.56	20332.84	11.6456,0.334,0.8777,0.6923,6.4352,0.2099,0.7964
sym_mig_size	Round_3_Replicate_7	-43751.62	87517.24	156480.94	47162.78	25.391,2.8774,0.4854,0.1415,6.6889,0.7757,1.7186
sym_mig_size	Round_3_Replicate_8	-53915.83	107845.66	290210.63	12444.34	27.482,1.1011,2.7093,0.1594,6.1703,2.3242,0.2836
sym_mig_size	Round_3_Replicate_9	-70867.85	141749.7	230546.61	12948.34	21.1048,2.8122,0.5144,0.3192,0.8697,2.1141,0.2329
sym_mig_size	Round_3_Replicate_10	-48547.01	97108.02	150951.48	27560.9	8.5606,0.4187,1.0296,0.13,5.2092,0.6673,0.494
sym_mig_size	Round_3_Replicate_11	-59229.09	118472.18	177579.81	18923.39	25.391,0.4325,0.6742,0.2493,1.2041,3.3421,0.5713
sym_mig_size	Round_3_Replicate_12	-67081.34	134176.68	1631313.33	14262.95	6.3646,0.4246,2.4884,0.4149,4.7769,3.2781,0.4261
sym_mig_size	Round_3_Replicate_13	-71661.07	143336.14	250867.21	14950.64	10.9124,4.7057,0.6307,0.2431,1.0435,1.4066,0.2334
sym_mig_size	Round_3_Replicate_14	-40972.04	81958.08	949947.56	12952.27	23.9379,2.0741,0.6761,0.2701,8.5911,2.7759,0.2805
sym_mig_size	Round_3_Replicate_15	-54859.46	109732.92	239581.54	18633.62	23.6528,0.431,1.2359,0.4911,2.2606,0.4356,0.4683
sym_mig_size	Round_3_Replicate_16	-73379.18	146772.36	323468.82	31993.19	27.6183,2.4996,1.9122,0.1056,8.1528,1.9473,1.6754
sym_mig_size	Round_3_Replicate_17	-90840.75	181695.5	8923122.14	15456.47	6.3805,4.7698,2.3208,0.446,7.0145,0.4261,0.3206
sym_mig_size	Round_3_Replicate_18	-55124.06	110262.12	181215.83	29422.88	19.1898,0.4679,0.2334,0.5318,4.2319,1.805,0.6764
sym_mig_size	Round_3_Replicate_19	-41167.39	82348.78	146699.93	73950.67	6.644,3.2848,0.2245,0.1328,9.148,2.8336,1.9269
sym_mig_size	Round_3_Replicate_20	-68923.75	137861.5	231786.8	16757.59	6.5455,0.6882,1.6799,0.5736,1.1772,0.294,0.3422
sym_mig_size	Round_3_Replicate_21	-42988.68	85991.36	313412.21	20597.76	27.482,0.7771,0.2268,0.3509,8.3211,3.254,0.2701
sym_mig_size	Round_3_Replicate_22	-37145.06	74304.12	118250.97	28337.52	25.0351,2.744,0.6046,0.2679,3.7763,0.4777,0.9755
sym_mig_size	Round_3_Replicate_23	-54588.22	109190.44	163953.92	30147.84	9.5201,0.4741,0.5513,0.1165,2.7925,0.2243,0.1959
sym_mig_size	Round_3_Replicate_24	-75410.6	150835.2	7888711.2	15818.78	17.9666,4.4947,1.3566,0.4537,7.8278,0.7227,0.4291
sym_mig_size	Round_3_Replicate_25	-51806.28	103626.56	158504.75	20407.21	9.7508,0.3047,0.9054,0.2579,2.1857,1.1675,0.2829
sym_mig_size	Round_3_Replicate_26	-51843.04	103700.08	385941.44	16785.17	15.514,3.6166,1.434,0.1932,6.4022,0.8346,0.2857
sym_mig_size	Round_3_Replicate_27	-36377.81	72769.62	116854.13	55140.68	9.1113,1.521,0.2717,0.1547,7.3291,0.4291,0.9394
sym_mig_size	Round_3_Replicate_28	-74310.92	148635.84	261436.11	40881.55	13.4253,1.5291,0.5766,0.1009,2.438,1.0164,1.8352
sym_mig_size	Round_3_Replicate_29	-37569.7	75153.4	94413.22	22775.76	10.6274,1.2157,0.4699,0.2066,2.7202,1.1505,0.3019
sym_mig_size	Round_3_Replicate_30	-65854.43	131722.86	1133475.26	33649.47	27.482,1.5931,0.2333,0.728,8.6752,0.6456,1.6462
sym_mig_size	Round_4_Replicate_1	-25505.4	51024.8	71032.26	21460.05	12.0481,4.6911,0.3955,0.1775,5.3414,1.6435,0.3409
sym_mig_size	Round_4_Replicate_2	-30308.57	60631.14	76647.85	29605.01	7.0073,2.0703,0.3339,0.1654,4.9614,0.5733,0.2338
sym_mig_size	Round_4_Replicate_3	-28501.84	57017.68	84448.02	24810.82	10.1439,2.0874,0.3166,0.1868,5.7828,1.0223,0.2295
sym_mig_size	Round_4_Replicate_4	-29568.23	59150.46	69568.7	23982.09	8.3399,4.9288,0.269,0.1608,5.1221,1.1942,0.2151
sym_mig_size	Round_4_Replicate_5	-32758.36	65530.72	81814.63	21823.13	17.0459,1.8267,0.3447,0.191,3.9513,1.2133,0.2101
sym_mig_size	Round_4_Replicate_6	-24542.39	49098.78	62853.85	30606.16	11.859,3.5214,0.2637,0.1217,7.5481,1.2112,0.2974
sym_mig_size	Round_4_Replicate_7	-24829.64	49673.28	66554.8	31008.28	14.1227,4.0309,0.3001,0.1152,7.6338,1.0436,0.3002
sym_mig_size	Round_4_Replicate_8	-27825.93	55665.86	89232.7	29281.89	14.0335,3.9464,0.4191,0.1412,6.735,0.7517,0.3326
sym_mig_size	Round_4_Replicate_9	-32034.38	64082.76	116510.72	20290.77	17.9669,2.1888,0.6462,0.2118,4.6673,1.0977,0.33
sym_mig_size	Round_4_Replicate_10	-29037.99	58089.98	70069.82	24557.71	22.0615,5.5344,0.3697,0.2009,4.2274,1.1448,0.3645
sym_mig_size	Round_4_Replicate_11	-28641.37	57296.74	111156.62	24033.82	20.0817,4.2709,0.5364,0.1681,6.2523,1.1444,0.411
sym_mig_size	Round_4_Replicate_12	-32076.46	64166.92	112565.95	23862.91	9.9934,3.0635,0.6392,0.1728,5.3934,0.8467,0.374
sym_mig_size	Round_4_Replicate_13	-24989.46	49992.92	78786.84	22572.96	6.9433,5.2183,0.4318,0.1583,6.2117,1.7759,0.3963
sym_mig_size	Round_4_Replicate_14	-31731.65	63477.3	106233.19	22382.07	11.5986,3.9183,0.6567,0.1761,5.0842,0.9748,0.3793
sym_mig_size	Round_4_Replicate_15	-33130.52	66275.04	103540.0	19859.2	12.0333,3.1202,0.6685,0.1262,6.0339,1.2336,0.2603
sym_mig_size	Round_4_Replicate_16	-30767.4	61548.8	93664.52	31451.67	8.6725,2.2837,0.4808,0.1269,6.6012,0.577,0.3485
sym_mig_size	Round_4_Replicate_17	-24959.23	49932.46	74984.52	34612.33	12.0399,5.4653,0.2509,0.124,8.7546,1.2321,0.3779
sym_mig_size	Round_4_Replicate_18	-30174.85	60363.7	118070.32	21939.83	20.4641,2.643,0.6228,0.1259,7.4246,1.3937,0.3278
sym_mig_size	Round_4_Replicate_19	-26666.42	53346.84	95940.15	38563.64	22.0809,4.4773,0.295,0.114,9.5877,0.5517,0.3183
sym_mig_size	Round_4_Replicate_20	-28749.29	57512.58	103883.11	29831.31	21.7021,4.8603,0.456,0.1047,8.8198,0.8999,0.3316
sym_mig_size	Round_4_Replicate_21	-25778.86	51571.72	78574.69	24624.67	21.8894,1.9962,0.4483,0.1426,6.401,1.7495,0.4121
sym_mig_size	Round_4_Replicate_22	-29208.02	58430.04	73909.88	27066.99	7.5495,4.0535,0.3192,0.1798,5.0355,0.8284,0.2616
sym_mig_size	Round_4_Replicate_23	-29643.16	59300.32	74913.29	32289.74	7.4728,5.624,0.3715,0.1745,4.914,0.7526,0.4866
sym_mig_size	Round_4_Replicate_24	-26663.4	53340.8	97293.73	30378.24	12.3006,1.731,0.3742,0.1266,8.2577,0.8947,0.2986
sym_mig_size	Round_4_Replicate_25	-28668.16	57350.32	81463.99	32119.96	9.2144,5.9876,0.2832,0.1824,6.2262,0.7578,0.3591
sym_mig_size	Round_4_Replicate_26	-25914.74	51843.48	70344.53	34545.11	8.9174,4.1036,0.2963,0.1285,7.2781,0.9823,0.3859
sym_mig_size	Round_4_Replicate_27	-28617.36	57248.72	79002.3	29782.5	23.5122,6.3951,0.3737,0.1425,5.9399,0.534,0.2551
sym_mig_size	Round_4_Replicate_28	-31897.63	63809.26	105051.36	25184.27	9.2189,3.3311,0.4322,0.1656,5.6427,0.5709,0.1945
sym_mig_size	Round_4_Replicate_29	-27868.76	55751.52	80323.44	26897.71	20.8905,5.765,0.3272,0.1545,6.165,0.7322,0.2235
sym_mig_size	Round_4_Replicate_30	-26198.64	52411.28	97051.24	22299.12	17.9475,2.093,0.4595,0.1555,6.7306,1.5363,0.3171
sym_mig_size	Round_4_Replicate_31	-30937.7	61889.4	92206.42	26784.65	17.0012,5.3462,0.3372,0.2287,5.0829,0.7203,0.303
sym_mig_size	Round_4_Replicate_32	-25128.07	50270.14	94291.8	33926.87	16.7523,3.3198,0.3019,0.0895,11.472,0.9207,0.264
sym_mig_size	Round_4_Replicate_33	-27204.0	54422.0	91226.38	25759.15	8.0999,1.7733,0.3987,0.1652,6.3262,1.0207,0.2788
sym_mig_size	Round_4_Replicate_34	-28001.35	56016.7	86815.87	21503.14	24.5523,3.1187,0.393,0.1546,5.9576,1.1663,0.2152
sym_mig_size	Round_4_Replicate_35	-28822.95	57659.9	96760.74	19680.13	16.8796,4.1185,0.6227,0.1278,6.6235,1.7835,0.3523
sym_mig_size	Round_4_Replicate_36	-24455.44	48924.88	77966.19	31663.82	11.5167,2.5144,0.2761,0.1133,9.1539,0.9575,0.2534
sym_mig_size	Round_4_Replicate_37	-32572.48	65158.96	72586.39	27191.92	7.9457,3.6326,0.3217,0.2022,3.7431,1.0614,0.3673
sym_mig_size	Round_4_Replicate_38	-23491.88	46997.76	69642.1	24922.17	22.3668,2.6483,0.3009,0.1149,8.3258,1.5283,0.2448
sym_mig_size	Round_4_Replicate_39	-26714.38	53442.76	71734.23	24603.18	7.5247,2.6375,0.4313,0.1829,4.9309,1.5242,0.4478
sym_mig_size	Round_4_Replicate_40	-24586.65	49187.3	77195.77	18704.15	11.7852,4.0217,0.3983,0.166,6.064,2.0318,0.2885
