Model	Replicate	log-likelihood	AIC	chi-squared	theta	optimized_params(nu1, nu2, m12, m21, T1, T2, T3)
sec_contact_asym_mig_three_epoch	Round_1_Replicate_1	-87162.65	174339.3	2829232.35	3286.32	5.9298,7.6112,6.9965,0.7435,7.9466,0.3746,4.5
sec_contact_asym_mig_three_epoch	Round_1_Replicate_2	-199400.61	398815.22	1004806.68	7689.1	0.4227,2.2575,1.3581,0.1514,8.3162,0.1865,8.1328
sec_contact_asym_mig_three_epoch	Round_1_Replicate_3	-689213.61	1378441.22	454276473.22	21232.16	0.1722,1.09,1.3872,0.8458,0.8401,1.0567,2.9732
sec_contact_asym_mig_three_epoch	Round_1_Replicate_4	-168272.21	336558.42	666907.66	21469.82	0.2775,1.2731,2.6435,0.4663,0.782,0.1804,0.1395
sec_contact_asym_mig_three_epoch	Round_1_Replicate_5	-1256613.13	2513240.26	1352317581952.91	5483.91	0.27,6.7476,1.6364,0.7002,3.6561,3.9261,4.3643
sec_contact_asym_mig_three_epoch	Round_1_Replicate_6	-94972.08	189958.16	300732.46	9764.95	1.2014,1.9113,2.6417,0.2718,3.4233,0.3878,0.351
sec_contact_asym_mig_three_epoch	Round_1_Replicate_7	-243624.98	487263.96	2456390.27	20244.14	0.524,0.8511,0.2733,0.4261,1.187,0.1509,0.3979
sec_contact_asym_mig_three_epoch	Round_1_Replicate_8	-590603.11	1181220.22	303509597.47	11633.85	1.8685,0.3863,0.2881,5.3124,0.1635,2.2782,1.5336
sec_contact_asym_mig_three_epoch	Round_1_Replicate_9	-118498.74	237011.48	505926.32	9511.84	2.9026,0.4067,0.2531,2.5614,2.9298,0.157,0.1272
sec_contact_asym_mig_three_epoch	Round_1_Replicate_10	-114208.23	228430.46	415705.96	10772.98	2.6745,1.9033,1.4842,1.461,0.2282,0.4445,0.5459
sec_contact_asym_mig_three_epoch	Round_2_Replicate_1	-49491.72	98997.44	144279.08	2122.41	8.1919,4.0637,2.1059,0.3725,27.1765,0.6507,3.4978
sec_contact_asym_mig_three_epoch	Round_2_Replicate_2	-104210.09	208434.18	337589.77	5206.44	11.9428,2.3994,23.0793,0.8405,9.0682,0.9878,1.4578
sec_contact_asym_mig_three_epoch	Round_2_Replicate_3	-173292.27	346598.54	1284581.53	4590.24	2.0544,21.1929,2.1641,0.3805,2.6477,0.1328,3.1474
sec_contact_asym_mig_three_epoch	Round_2_Replicate_4	-177888.74	355791.48	31758804.55	2863.78	23.5078,13.2241,7.8868,0.4509,2.8555,0.7781,1.274
sec_contact_asym_mig_three_epoch	Round_2_Replicate_5	-119769.18	239552.36	3750907.88	4756.98	12.9166,4.42,7.2351,0.5625,3.0898,0.3973,1.9944
sec_contact_asym_mig_three_epoch	Round_2_Replicate_6	-100989.47	201992.94	253585.33	3289.95	2.1855,6.9742,6.3383,0.2994,29.7,1.306,1.1982
sec_contact_asym_mig_three_epoch	Round_2_Replicate_7	-96028.83	192071.66	21702977.67	1455.45	14.0166,11.9483,6.2814,1.5248,24.1144,0.4133,4.0216
sec_contact_asym_mig_three_epoch	Round_2_Replicate_8	-92057.44	184128.88	839381.03	3379.87	16.6305,6.5699,24.4978,0.2385,6.8403,0.9482,7.6989
sec_contact_asym_mig_three_epoch	Round_2_Replicate_9	-73984.02	147982.04	646491.21	4843.19	4.1905,5.6209,24.4807,1.26,5.7772,0.4658,2.8615
sec_contact_asym_mig_three_epoch	Round_2_Replicate_10	-114902.02	229818.04	1321595.7	5955.44	12.709,1.9613,7.4356,0.3398,3.4529,0.265,2.1078
sec_contact_asym_mig_three_epoch	Round_2_Replicate_11	-159890.13	319794.26	5472219.51	3597.23	15.0301,5.2842,3.289,1.8678,2.984,0.219,16.2763
sec_contact_asym_mig_three_epoch	Round_2_Replicate_12	-87664.6	175343.2	1522983.98	1401.12	10.2597,22.6718,2.47,0.1862,17.6927,0.7703,2.7484
sec_contact_asym_mig_three_epoch	Round_2_Replicate_13	-57696.11	115406.22	201817.45	1844.19	6.15,11.249,3.0282,1.0388,21.3437,0.2286,19.5102
sec_contact_asym_mig_three_epoch	Round_2_Replicate_14	-99602.8	199219.6	9653717.38	2623.98	15.7283,8.6147,14.679,0.8441,12.1924,0.4918,5.5213
sec_contact_asym_mig_three_epoch	Round_2_Replicate_15	-133204.58	266423.16	3656722.82	3701.45	8.3888,9.906,7.3036,0.8676,2.8275,0.65,6.9412
sec_contact_asym_mig_three_epoch	Round_2_Replicate_16	-189490.92	378995.84	6065559.24	2167.32	21.426,3.8906,2.4893,0.2416,9.1293,0.1433,4.1762
sec_contact_asym_mig_three_epoch	Round_2_Replicate_17	-62833.47	125680.94	214347.97	3436.18	2.4557,5.7716,4.291,0.2091,13.5615,0.1593,3.3027
sec_contact_asym_mig_three_epoch	Round_2_Replicate_18	-128720.91	257455.82	520257.46	4640.26	1.7235,13.0687,2.3017,0.2829,3.2193,0.4337,1.6834
sec_contact_asym_mig_three_epoch	Round_2_Replicate_19	-90235.17	180484.34	1085446.76	2404.35	2.0903,19.3506,8.835,2.6753,10.7339,0.2237,1.9275
sec_contact_asym_mig_three_epoch	Round_2_Replicate_20	-118639.12	237292.24	1301860.79	1936.65	4.8149,9.6547,2.5652,0.2405,24.813,0.1525,1.2513
sec_contact_asym_mig_three_epoch	Round_3_Replicate_1	-53331.78	106677.56	152692.34	2309.47	9.2248,4.3395,3.3695,1.0219,22.221,1.1054,2.8256
sec_contact_asym_mig_three_epoch	Round_3_Replicate_2	-82732.17	165478.34	222368.88	2821.33	4.4581,6.9537,1.0387,0.2813,12.5928,1.4838,1.085
sec_contact_asym_mig_three_epoch	Round_3_Replicate_3	-62658.85	125331.7	267712.63	2593.88	8.2845,1.2863,5.9361,0.9961,28.1977,0.2975,10.8077
sec_contact_asym_mig_three_epoch	Round_3_Replicate_4	-104970.84	209955.68	240368.04	1826.84	2.9032,13.7095,0.9712,0.5736,26.9363,1.7512,3.1756
sec_contact_asym_mig_three_epoch	Round_3_Replicate_5	-78479.94	156973.88	253781.09	2439.5	8.3008,1.1392,4.0834,0.6895,27.0508,0.2152,4.5246
sec_contact_asym_mig_three_epoch	Round_3_Replicate_6	-59192.53	118399.06	186545.07	1294.62	11.2604,15.6085,1.1925,0.1602,29.002,1.5057,3.8279
sec_contact_asym_mig_three_epoch	Round_3_Replicate_7	-89005.97	178025.94	280075.87	2957.86	12.2254,4.5788,3.7421,0.1963,18.8801,1.5575,11.2437
sec_contact_asym_mig_three_epoch	Round_3_Replicate_8	-49833.17	99680.34	219965.15	3538.08	4.2859,3.8902,5.0217,0.8739,13.8242,0.3657,1.503
sec_contact_asym_mig_three_epoch	Round_3_Replicate_9	-140862.32	281738.64	537314.91	3947.0	2.2353,4.0367,1.0898,0.357,14.9908,1.9303,12.561
sec_contact_asym_mig_three_epoch	Round_3_Replicate_10	-69091.05	138196.1	218382.57	1551.53	15.0083,13.1831,6.6259,0.3485,28.5055,2.4172,0.9994
sec_contact_asym_mig_three_epoch	Round_3_Replicate_11	-52882.49	105778.98	109998.07	2811.52	2.6585,3.8706,3.7021,1.0199,29.4456,0.8393,10.7974
sec_contact_asym_mig_three_epoch	Round_3_Replicate_12	-64349.8	128713.6	413950.07	2287.48	9.1454,3.7417,4.1108,0.5324,24.3966,0.3912,4.0905
sec_contact_asym_mig_three_epoch	Round_3_Replicate_13	-160219.22	320452.44	1047651.59	4201.36	4.5826,1.0886,2.0582,0.3638,28.395,1.4527,1.0876
sec_contact_asym_mig_three_epoch	Round_3_Replicate_14	-41441.64	82897.28	96067.78	1537.51	10.6316,7.5774,0.7521,0.6967,29.1653,0.919,2.411
sec_contact_asym_mig_three_epoch	Round_3_Replicate_15	-95021.39	190056.78	427615.45	4546.83	5.8033,1.856,3.1782,0.1904,7.941,0.2507,5.0562
sec_contact_asym_mig_three_epoch	Round_3_Replicate_16	-52972.06	105958.12	169175.28	3211.15	2.7168,5.1545,6.1297,0.5359,21.1949,0.4324,2.9561
sec_contact_asym_mig_three_epoch	Round_3_Replicate_17	-115404.58	230823.16	325710.95	2396.11	2.2908,7.9161,0.6298,0.1706,25.0229,1.354,6.6391
sec_contact_asym_mig_three_epoch	Round_3_Replicate_18	-56626.2	113266.4	428113.43	1591.69	6.933,12.1478,4.4375,0.9974,28.956,0.7925,14.1323
sec_contact_asym_mig_three_epoch	Round_3_Replicate_19	-103996.86	208007.72	1353266.56	2092.73	16.8407,10.8828,2.7341,0.3365,8.6588,1.1321,1.7038
sec_contact_asym_mig_three_epoch	Round_3_Replicate_20	-94895.17	189804.34	339643.9	3948.41	3.9449,2.3625,1.9158,0.2246,19.5606,1.1091,6.1364
sec_contact_asym_mig_three_epoch	Round_3_Replicate_21	-91733.84	183481.68	341339.64	2100.5	4.9464,7.9182,0.7202,0.5079,23.8705,0.4455,3.9309
sec_contact_asym_mig_three_epoch	Round_3_Replicate_22	-61305.67	122625.34	174069.38	1673.94	5.4645,12.0464,1.0437,0.2356,27.542,0.6518,4.3916
sec_contact_asym_mig_three_epoch	Round_3_Replicate_23	-75425.7	150865.4	216286.62	2261.09	5.5228,6.7317,0.5781,0.1975,19.939,1.0809,0.9777
sec_contact_asym_mig_three_epoch	Round_3_Replicate_24	-67089.08	134192.16	248709.72	1869.95	9.8353,11.0477,1.9512,0.1417,15.4081,0.4829,2.3372
sec_contact_asym_mig_three_epoch	Round_3_Replicate_25	-65373.87	130761.74	157126.77	3141.95	2.8947,3.2655,2.5589,0.6394,27.2967,1.0673,2.966
sec_contact_asym_mig_three_epoch	Round_3_Replicate_26	-60087.82	120189.64	163468.92	1457.81	16.9223,3.8199,0.767,0.7998,28.8057,1.8313,2.157
sec_contact_asym_mig_three_epoch	Round_3_Replicate_27	-85979.0	171972.0	299151.15	3190.28	3.161,1.0919,1.9138,0.3985,27.1326,0.5272,1.8233
sec_contact_asym_mig_three_epoch	Round_3_Replicate_28	-57813.94	115641.88	224281.98	1866.43	6.8578,9.6606,5.3911,0.7151,29.5795,1.0666,6.6553
sec_contact_asym_mig_three_epoch	Round_3_Replicate_29	-64502.03	129018.06	224484.54	1603.04	10.9132,15.983,6.8096,0.114,29.1653,1.9015,8.8571
sec_contact_asym_mig_three_epoch	Round_3_Replicate_30	-62796.81	125607.62	200900.55	4913.22	2.0238,1.0826,7.0249,0.6372,17.534,0.2121,1.3445
sec_contact_asym_mig_three_epoch	Round_4_Replicate_1	-45264.86	90543.72	106442.45	1777.96	9.2117,4.6161,0.6862,1.1831,29.5149,0.6009,4.3357
sec_contact_asym_mig_three_epoch	Round_4_Replicate_2	-45670.32	91354.64	122706.73	1382.16	14.9936,7.1219,0.9571,0.5602,29.7358,0.6656,1.2236
sec_contact_asym_mig_three_epoch	Round_4_Replicate_3	-33303.0	66620.0	69318.17	1938.38	7.3073,4.5439,1.2924,0.7983,29.987,0.7305,1.2207
sec_contact_asym_mig_three_epoch	Round_4_Replicate_4	-36191.33	72396.66	82513.63	1685.61	11.4686,4.1476,1.0785,1.2278,28.8514,0.9864,2.1099
sec_contact_asym_mig_three_epoch	Round_4_Replicate_5	-54806.06	109626.12	229811.67	1499.82	12.1412,7.9689,0.4669,1.409,27.1141,1.0757,1.2546
sec_contact_asym_mig_three_epoch	Round_4_Replicate_6	-70099.09	140212.18	262949.47	1473.88	11.9056,9.5888,0.5783,0.475,25.5452,0.6676,2.7006
sec_contact_asym_mig_three_epoch	Round_4_Replicate_7	-47050.0	94114.0	104366.12	1920.07	7.4809,4.4633,0.6454,0.7985,28.8494,1.3197,4.3743
sec_contact_asym_mig_three_epoch	Round_4_Replicate_8	-42648.88	85311.76	95769.46	1769.05	8.4749,5.8531,0.9291,0.4612,29.4177,1.2128,1.4007
sec_contact_asym_mig_three_epoch	Round_4_Replicate_9	-39948.96	79911.92	85049.53	1791.06	8.9241,5.0806,0.7496,0.7636,28.5438,0.8781,2.7387
sec_contact_asym_mig_three_epoch	Round_4_Replicate_10	-36500.68	73015.36	80851.74	1919.5	9.9419,3.4859,1.0362,1.3063,25.8864,0.525,2.3846
sec_contact_asym_mig_three_epoch	Round_4_Replicate_11	-38481.6	76977.2	91610.13	1576.96	10.723,7.2028,1.0279,0.6529,28.5433,0.9572,4.2293
sec_contact_asym_mig_three_epoch	Round_4_Replicate_12	-47012.92	94039.84	126599.91	1760.35	7.7979,7.8762,1.2411,0.439,27.0388,0.5827,2.2083
sec_contact_asym_mig_three_epoch	Round_4_Replicate_13	-53125.54	106265.08	148076.75	1415.11	11.6654,9.1451,0.4211,0.9495,29.471,1.5204,1.4085
sec_contact_asym_mig_three_epoch	Round_4_Replicate_14	-70780.91	141575.82	254431.88	1489.15	14.5537,5.2463,0.4185,0.5145,27.7067,0.6911,2.422
sec_contact_asym_mig_three_epoch	Round_4_Replicate_15	-43253.6	86521.2	99948.92	2016.61	7.3157,4.7173,0.9591,0.4903,26.928,0.806,4.529
sec_contact_asym_mig_three_epoch	Round_4_Replicate_16	-60840.93	121695.86	267931.1	1431.18	11.3438,10.4435,0.84,1.2428,27.8226,0.5162,2.1411
sec_contact_asym_mig_three_epoch	Round_4_Replicate_17	-52019.35	104052.7	136885.53	1437.48	15.853,4.4436,0.5105,0.4688,29.7064,1.0448,1.7315
sec_contact_asym_mig_three_epoch	Round_4_Replicate_18	-47490.95	94995.9	122840.23	1480.19	12.8384,7.7013,0.8045,0.3446,27.7503,1.0154,3.3461
sec_contact_asym_mig_three_epoch	Round_4_Replicate_19	-35423.88	70861.76	84800.18	1790.32	9.3977,5.6805,1.4546,0.7195,27.542,0.7782,1.3417
sec_contact_asym_mig_three_epoch	Round_4_Replicate_20	-43794.47	87602.94	122269.41	1501.82	10.2513,8.2579,0.7716,1.0511,29.957,1.2305,1.3781
sec_contact_asym_mig_three_epoch	Round_4_Replicate_21	-47011.24	94036.48	120784.21	1780.24	7.8883,6.6186,1.0346,0.3924,28.8997,0.6828,1.4924
sec_contact_asym_mig_three_epoch	Round_4_Replicate_22	-46498.35	93010.7	135103.6	1686.53	7.0982,9.0494,0.9768,1.046,29.0983,0.6842,2.5211
sec_contact_asym_mig_three_epoch	Round_4_Replicate_23	-54778.32	109570.64	138804.2	1697.23	11.0684,5.3019,1.0598,0.4651,29.2363,1.7543,2.0988
sec_contact_asym_mig_three_epoch	Round_4_Replicate_24	-54676.74	109367.48	140488.42	2053.62	7.7216,5.9251,0.7363,0.5601,21.6152,0.6666,4.1667
sec_contact_asym_mig_three_epoch	Round_4_Replicate_25	-46685.61	93385.22	113059.75	1479.18	11.4706,8.1647,0.6883,0.3529,29.0948,1.1329,2.1236
sec_contact_asym_mig_three_epoch	Round_4_Replicate_26	-52891.97	105797.94	144486.77	1295.34	17.1575,7.0094,0.4219,0.841,27.7272,1.6149,4.5329
sec_contact_asym_mig_three_epoch	Round_4_Replicate_27	-39394.45	78802.9	94478.23	1824.0	7.3901,6.8406,1.4273,0.4598,28.5433,0.6873,2.5713
sec_contact_asym_mig_three_epoch	Round_4_Replicate_28	-50340.69	100695.38	136455.31	1460.78	14.2357,6.5834,0.6316,0.6794,27.1423,0.7327,1.4383
sec_contact_asym_mig_three_epoch	Round_4_Replicate_29	-51123.08	102260.16	126141.68	1709.02	10.1961,5.0852,0.5474,0.4104,28.2802,1.1659,2.1405
sec_contact_asym_mig_three_epoch	Round_4_Replicate_30	-72318.63	144651.26	279725.41	1398.01	16.2759,6.9124,0.4276,0.7566,25.5442,0.6101,1.2997
sec_contact_asym_mig_three_epoch	Round_4_Replicate_31	-49171.21	98356.42	119542.92	1441.58	12.9233,6.9512,0.4631,0.597,29.5343,1.0197,1.7174
sec_contact_asym_mig_three_epoch	Round_4_Replicate_32	-56849.27	113712.54	170341.69	1510.86	14.7443,4.2422,0.5654,0.7845,28.6662,0.5885,5.4657
sec_contact_asym_mig_three_epoch	Round_4_Replicate_33	-43689.16	87392.32	99363.03	1946.85	9.0777,3.0706,0.7264,1.194,27.8374,0.5561,1.4104
sec_contact_asym_mig_three_epoch	Round_4_Replicate_34	-35103.84	70221.68	76580.23	1857.88	8.5535,4.2317,1.3737,1.1955,29.7879,1.0066,1.391
sec_contact_asym_mig_three_epoch	Round_4_Replicate_35	-99483.21	198980.42	504862.56	1728.06	8.2751,9.3596,0.4132,0.3716,23.6702,0.6237,2.6627
sec_contact_asym_mig_three_epoch	Round_4_Replicate_36	-84311.15	168636.3	391387.88	1546.15	12.2247,7.2751,0.4624,0.5745,26.0367,0.5532,3.0305
sec_contact_asym_mig_three_epoch	Round_4_Replicate_37	-49933.37	99880.74	156914.82	1467.72	10.4719,9.7287,0.9463,0.9922,29.0097,0.5771,1.6409
sec_contact_asym_mig_three_epoch	Round_4_Replicate_38	-51460.92	102935.84	132210.91	1794.65	10.1072,3.9753,0.4577,1.1961,27.8204,0.6795,1.2393
sec_contact_asym_mig_three_epoch	Round_4_Replicate_39	-46907.0	93828.0	117683.2	1454.86	11.8327,7.8999,0.9602,1.3572,28.5433,1.674,2.3149
sec_contact_asym_mig_three_epoch	Round_4_Replicate_40	-54791.3	109596.6	143454.83	1808.96	10.5459,5.2682,0.4724,0.8316,23.3213,0.7578,1.2475
